      Position [m]           Temperature [K]            Css [wt.ppm]             Cp [wt.ppm]       
-8.470329472543003391e-22 2.930006886007146250e+02 8.756460157560939095e-01 1.386437750843262329e+01
6.999999999999998201e-06 2.930006882969202024e+02 8.756459494269865917e-01 2.438298905097635227e+01
1.399999999999999471e-05 2.930006879931257799e+02 8.756458830649902492e-01 3.118183971605052918e+01
2.099999999999999545e-05 2.930006876893313006e+02 8.756458167031753170e-01 3.656215734659092931e+01
2.799999999999999619e-05 2.930006873855368781e+02 8.756457503414741828e-01 4.115167998867610066e+01
3.499999999999999016e-05 2.930006870817424556e+02 8.756456839800065284e-01 4.416095057823869752e+01
4.199999999999999090e-05 2.930006867779480331e+02 8.756456176188495144e-01 4.509327287589959354e+01
4.899999999999999164e-05 2.930006864741536106e+02 8.756455512577919764e-01 4.542156567154714963e+01
5.599999999999998561e-05 2.930006861703591881e+02 8.756454848967690774e-01 4.557793448589909246e+01
6.299999999999999990e-05 2.930006858665647087e+02 8.756454185357633868e-01 4.567834054942990463e+01
6.999999999999999387e-05 2.930006855627702862e+02 8.756453521747722402e-01 4.575683910874377602e+01
7.699999999999998783e-05 2.930006852589758637e+02 8.756452858137929729e-01 4.582488953778835139e+01
8.399999999999999535e-05 2.930006849551814412e+02 8.756452194528233646e-01 4.588725365496958375e+01
9.099999999999998932e-05 2.930006846513870187e+02 8.756451530918653026e-01 4.594647360319473250e+01
9.799999999999999684e-05 2.930006843475925393e+02 8.756450867309168995e-01 4.600526256102695299e+01
1.049999999999999908e-04 2.930006840437981168e+02 8.756450203699767121e-01 4.607077992624817142e+01
1.119999999999999848e-04 2.930006837400036943e+02 8.756449540090424088e-01 4.617217734207007851e+01
1.189999999999999787e-04 2.930006834362092718e+02 8.756448876480925625e-01 4.644418745793536374e+01
1.259999999999999727e-04 2.930006831324148493e+02 8.756448212870289183e-01 4.756649715656443789e+01
1.329999999999999802e-04 2.930006828286204268e+02 8.756447549255139684e-01 5.341814172824346940e+01
1.399999999999999606e-04 2.930006825248259474e+02 8.756446903301332574e-01 9.190505170650766331e+01
1.469999999999999681e-04 2.930006822210315249e+02 8.756577466770812945e-01 4.906053486194290372e+02
1.539999999999999757e-04 2.930006819172371024e+02 9.729252708433123731e-01 1.221196461836007385e+00
1.609999999999999561e-04 2.930006816134426799e+02 9.729383198824141932e-01 3.517045583144831955e+00
1.679999999999999636e-04 2.930006813096482574e+02 9.729382479192353328e-01 5.796610492912851242e+00
1.749999999999999711e-04 2.930006810058538349e+02 9.729381741849348897e-01 8.057026571475843113e+00
1.819999999999999786e-04 2.930006807020593556e+02 9.729381004503948605e-01 1.030129360524497173e+01
1.889999999999999590e-04 2.930006803982649330e+02 9.729380267158594942e-01 1.253073533958649755e+01
1.959999999999999666e-04 2.930006800944705105e+02 9.729379529813287908e-01 1.474632158244427416e+01
2.029999999999999741e-04 2.930006797906760880e+02 9.729378792468061921e-01 1.694889547445136202e+01
2.099999999999999545e-04 2.930006794868816655e+02 9.729378055122900326e-01 1.913923228849496283e+01
2.169999999999999620e-04 2.930006791830871862e+02 9.729377317777815337e-01 2.131806022628294173e+01
2.239999999999999695e-04 2.930006788792927637e+02 9.729376580432824717e-01 2.348607023951224093e+01
2.309999999999999499e-04 2.930006785754983412e+02 9.729375843087932907e-01 2.564394133267481024e+01
2.379999999999999846e-04 2.930006782717039187e+02 9.729375105743111041e-01 2.779293395700130631e+01
2.449999999999999379e-04 2.930006779679094961e+02 9.729374368398392425e-01 2.994572669754263217e+01
2.519999999999999454e-04 2.930006776641150736e+02 9.729373631053703786e-01 3.212596025138223865e+01
2.589999999999999529e-04 2.930006773603205943e+02 9.729372893709098413e-01 3.430341723699962841e+01
2.659999999999999604e-04 2.930006770565261718e+02 9.729372156364628488e-01 3.646173071177813796e+01
2.729999999999999680e-04 2.930006767527317493e+02 9.729371419020242939e-01 3.861663357129707919e+01
2.799999999999999755e-04 2.930006764489373268e+02 9.729370681676057231e-01 4.071007844236013540e+01
2.869999999999999288e-04 2.930006761451429043e+02 9.729369944332459941e-01 4.248391024599743560e+01
2.939999999999999363e-04 2.930006758413484249e+02 9.729369206989901819e-01 4.367522587137344914e+01
3.009999999999999438e-04 2.930006755375540024e+02 9.729368469648196349e-01 4.440276606739556087e+01
3.079999999999999513e-04 2.930006752337595799e+02 9.729367732307026007e-01 4.486398886718181700e+01
3.149999999999999589e-04 2.930006749299651574e+02 9.729366994966207605e-01 4.517469670604526044e+01
3.219999999999999664e-04 2.930006746261707349e+02 9.729366257625655656e-01 4.539403925313439458e+01
3.289999999999999197e-04 2.930006743223763124e+02 9.729365520285293556e-01 4.555372900321665242e+01
3.359999999999999272e-04 2.930006740185818330e+02 9.729364782945112422e-01 4.567167041678953154e+01
3.429999999999999347e-04 2.930006737147874105e+02 9.729364045605097822e-01 4.575914360694854821e+01
3.499999999999999422e-04 2.930006734109929880e+02 9.729363308265239763e-01 4.582369767833939278e+01
3.569999999999999498e-04 2.930006731071985655e+02 9.729362570925514930e-01 4.587036412580618361e+01
3.639999999999999573e-04 2.930006728034041430e+02 9.729361833585914443e-01 4.590291310770038535e+01
3.709999999999999648e-04 2.930006724996096636e+02 9.729361096246457175e-01 4.592395859779012568e+01
3.779999999999999181e-04 2.930006721958152411e+02 9.729360358907119810e-01 4.593551250159958244e+01
3.849999999999999256e-04 2.930006718920208186e+02 9.729359621567919003e-01 4.593921878243125434e+01
3.919999999999999331e-04 2.930006715882263961e+02 9.729358884228828108e-01 4.593619920395835265e+01
3.989999999999999407e-04 2.930006712844319736e+02 9.729358146889860448e-01 4.592745192359642914e+01
4.059999999999999482e-04 2.930006709806375511e+02 9.729357409551012692e-01 4.591374499221660699e+01
4.129999999999999557e-04 2.930006706768430718e+02 9.729356672212280399e-01 4.589565367116789929e+01
4.199999999999999090e-04 2.930006703730486493e+02 9.729355934873656908e-01 4.587381107826750082e+01
4.269999999999999165e-04 2.930006700692542267e+02 9.729355197535163313e-01 4.584849222802095881e+01
4.339999999999999240e-04 2.930006697654598042e+02 9.729354460196787402e-01 4.582005298613305655e+01
4.409999999999999316e-04 2.930006694616653817e+02 9.729353722858529174e-01 4.578892210048304179e+01
4.479999999999999391e-04 2.930006691578709024e+02 9.729352985520376418e-01 4.575517162413672878e+01
4.549999999999999466e-04 2.930006688540764799e+02 9.729352248182338014e-01 4.571907172056736357e+01
4.619999999999999541e-04 2.930006685502820574e+02 9.729351510844430617e-01 4.568091355895072780e+01
4.689999999999999074e-04 2.930006682464876349e+02 9.729350773506632022e-01 4.564061822279447966e+01
4.759999999999999149e-04 2.930006679426932124e+02 9.729350036168948890e-01 4.559853490346235105e+01
4.829999999999999767e-04 2.930006676388987898e+02 9.729349298831369008e-01 4.555453577343497784e+01
4.899999999999999842e-04 2.930006673351043105e+02 9.729348561493903480e-01 4.550892832496771234e+01
4.969999999999999375e-04 2.930006670313098880e+02 9.729347824156565627e-01 4.546184949600556280e+01
5.039999999999999992e-04 2.930006667275154655e+02 9.729347086819335466e-01 4.541320018159907335e+01
5.109999999999999525e-04 2.930006664237210430e+02 9.729346349482222989e-01 4.536312943722126079e+01
5.180000000000000143e-04 2.930006661199266205e+02 9.729345612145210431e-01 4.531171901282178283e+01
5.249999999999999676e-04 2.930006658161321980e+02 9.729344874808318888e-01 4.525901047012236234e+01
5.319999999999999209e-04 2.930006655123377186e+02 9.729344137471533926e-01 4.520512755732998755e+01
5.389999999999999826e-04 2.930006652085432961e+02 9.729343400134875530e-01 4.514998539266377975e+01
5.459999999999999359e-04 2.930006649047488736e+02 9.729342662798323715e-01 4.509386839871238806e+01
5.529999999999999976e-04 2.930006646009544511e+02 9.729341925461894025e-01 4.503667414336915442e+01
5.599999999999999509e-04 2.930006642971600286e+02 9.729341188125563145e-01 4.497859895543643205e+01
5.670000000000000127e-04 2.930006639933655492e+02 9.729340450789353278e-01 4.491944229387910070e+01
5.739999999999999660e-04 2.930006636895711267e+02 9.729339713453251104e-01 4.485949536075018074e+01
5.809999999999999193e-04 2.930006633857767042e+02 9.729338976117269944e-01 4.479878514430349412e+01
5.879999999999999810e-04 2.930006630819822817e+02 9.729338238781398696e-01 4.473727681703562808e+01
5.949999999999999343e-04 2.930006627781878592e+02 9.729337501445642911e-01 4.467522262488159868e+01
6.019999999999999961e-04 2.930006624743934367e+02 9.729336764109995928e-01 4.461238890614552588e+01
6.089999999999999494e-04 2.930006621705989573e+02 9.729336026774445534e-01 4.454915310346299151e+01
6.160000000000000111e-04 2.930006618668045348e+02 9.729335289439029477e-01 4.448532517047065227e+01
6.229999999999999644e-04 2.930006615630101123e+02 9.729334552103716671e-01 4.442104806796794492e+01
6.299999999999999177e-04 2.930006612592156898e+02 9.729333814768519328e-01 4.435647573021920920e+01
6.369999999999999794e-04 2.930006609554212673e+02 9.729333077433439669e-01 4.429145381963387962e+01
6.439999999999999327e-04 2.930006606516267880e+02 9.729332340098457710e-01 4.422594739416403087e+01
6.509999999999999945e-04 2.930006603478323655e+02 9.729331602763598985e-01 4.416212865806499366e+01
6.579999999999999478e-04 2.930006600440379430e+02 9.729330865428760244e-01 4.415100785515644333e+01
6.649999999999999011e-04 2.930006597402435204e+02 9.729330128091949748e-01 4.512529570047791339e+01
6.719999999999999628e-04 2.930006594364490979e+02 9.729329386978177174e-01 5.136270505932610831e+03
6.789999999999999161e-04 2.930006591326546754e+02 9.729328649730795142e-01 6.319632625257290783e+03
6.859999999999999779e-04 2.930006588288601961e+02 9.729327912487044649e-01 6.851312785395780338e+03
6.929999999999999312e-04 2.930006585250657736e+02 9.729327175234719904e-01 7.239507274668139871e+03
6.999999999999999929e-04 2.930006582212713511e+02 9.729326438343487427e-01 7.544329238590777095e+03
