      Position [m]           Temperature [K]            Css [wt.ppm]             Cp [wt.ppm]       
-8.470329472543003391e-22 2.930020305823233002e+02 9.729862036369932854e-01 1.540480953193451263e+01
6.999999999999998201e-06 2.930020296864781812e+02 9.729861095638947521e-01 2.709212189812979688e+01
1.399999999999999471e-05 2.930020287906330054e+02 9.729860154487781632e-01 3.466366264343630377e+01
2.099999999999999545e-05 2.930020278947878865e+02 9.729859213338827306e-01 4.069880742280745523e+01
2.799999999999999619e-05 2.930020269989427106e+02 9.729858272194241708e-01 4.400527902964882543e+01
3.499999999999999016e-05 2.930020261030975917e+02 9.729857331053810565e-01 4.480054681615527556e+01
4.199999999999999090e-05 2.930020252072524158e+02 9.729856389914391945e-01 4.504294791129974129e+01
4.899999999999999164e-05 2.930020243114072969e+02 9.729855448775314164e-01 4.515624463621187346e+01
5.599999999999998561e-05 2.930020234155621779e+02 9.729854507636455097e-01 4.523326187439889878e+01
6.299999999999999990e-05 2.930020225197170021e+02 9.729853566497735917e-01 4.529709120605380690e+01
6.999999999999999387e-05 2.930020216238718831e+02 9.729852625359189933e-01 4.535465968848175322e+01
7.699999999999998783e-05 2.930020207280267073e+02 9.729851684220768293e-01 4.540854941445324755e+01
8.399999999999999535e-05 2.930020198321815883e+02 9.729850743082498754e-01 4.545988593556268853e+01
9.099999999999998932e-05 2.930020189363364693e+02 9.729849801944377985e-01 4.550921434142325950e+01
9.799999999999999684e-05 2.930020180404912935e+02 9.729848860806382671e-01 4.555679405961438277e+01
1.049999999999999908e-04 2.930020171446461745e+02 9.729847919668550560e-01 4.560276661574246759e+01
1.119999999999999848e-04 2.930020162488009987e+02 9.729846978530845014e-01 4.564716486287072428e+01
1.189999999999999787e-04 2.930020153529558797e+02 9.729846037393288238e-01 4.569001356701635785e+01
1.259999999999999727e-04 2.930020144571107039e+02 9.729845096255871351e-01 4.573131951854653465e+01
1.329999999999999802e-04 2.930020135612655849e+02 9.729844155118602123e-01 4.577105121136463595e+01
1.399999999999999606e-04 2.930020126654204660e+02 9.729843213981476113e-01 4.580920006774529440e+01
1.469999999999999681e-04 2.930020117695752901e+02 9.729842272844487772e-01 4.584576563284814910e+01
1.539999999999999757e-04 2.930020108737301712e+02 9.729841331707650420e-01 4.588070863538998623e+01
1.609999999999999561e-04 2.930020099778849954e+02 9.729840390570936304e-01 4.591403393912521835e+01
1.679999999999999636e-04 2.930020090820398764e+02 9.729839449434379839e-01 4.594570623783918961e+01
1.749999999999999711e-04 2.930020081861947574e+02 9.729838508297972144e-01 4.597572454726459767e+01
1.819999999999999786e-04 2.930020072903495816e+02 9.729837567161686573e-01 4.600406416843026847e+01
1.889999999999999590e-04 2.930020063945044626e+02 9.729836626025557544e-01 4.603072267148210983e+01
1.959999999999999666e-04 2.930020054986592868e+02 9.729835684889560632e-01 4.605566947441668901e+01
2.029999999999999741e-04 2.930020046028141678e+02 9.729834743753725812e-01 4.607891045706146826e+01
2.099999999999999545e-04 2.930020037069689920e+02 9.729833802618009786e-01 4.610042550533276540e+01
2.169999999999999620e-04 2.930020028111238730e+02 9.729832861482451412e-01 4.612019741304649756e+01
2.239999999999999695e-04 2.930020019152787540e+02 9.729831920347044028e-01 4.613822268437961327e+01
2.309999999999999499e-04 2.930020010194335782e+02 9.729830979211757658e-01 4.615448277078918693e+01
2.379999999999999846e-04 2.930020001235884592e+02 9.729830038076628940e-01 4.616897942007157241e+01
2.449999999999999379e-04 2.930019992277432834e+02 9.729829096941630118e-01 4.618170848949426954e+01
2.519999999999999454e-04 2.930019983318981645e+02 9.729828155806785617e-01 4.619263872865439424e+01
2.589999999999999529e-04 2.930019974360529886e+02 9.729827214672076563e-01 4.620178446568768038e+01
2.659999999999999604e-04 2.930019965402078697e+02 9.729826273537520720e-01 4.620913080750513302e+01
2.729999999999999680e-04 2.930019956443627507e+02 9.729825332403105875e-01 4.621467513408365591e+01
2.799999999999999755e-04 2.930019947485175749e+02 9.729824391268822037e-01 4.621841146176429049e+01
2.869999999999999288e-04 2.930019938526724559e+02 9.729823450134694740e-01 4.622034048007728302e+01
2.939999999999999363e-04 2.930019929568272801e+02 9.729822509000691788e-01 4.622044974562696495e+01
3.009999999999999438e-04 2.930019920609821611e+02 9.729821567866855370e-01 4.621874849316068889e+01
3.079999999999999513e-04 2.930019911651370421e+02 9.729820626733146627e-01 4.621524569801121629e+01
3.149999999999999589e-04 2.930019902692918663e+02 9.729819685599578882e-01 4.620990677085110576e+01
3.219999999999999664e-04 2.930019893734467473e+02 9.729818744466165459e-01 4.620277135132754154e+01
3.289999999999999197e-04 2.930019884776015715e+02 9.729817803332875270e-01 4.619382635882256238e+01
3.359999999999999272e-04 2.930019875817564525e+02 9.729816862199756056e-01 4.618307120889277684e+01
3.429999999999999347e-04 2.930019866859112767e+02 9.729815921066752304e-01 4.617052009143131386e+01
3.499999999999999422e-04 2.930019857900661577e+02 9.729814979933908425e-01 4.615616063918076151e+01
3.569999999999999498e-04 2.930019848942210388e+02 9.729814038801215537e-01 4.614004242117154320e+01
3.639999999999999573e-04 2.930019839983758629e+02 9.729813097668633670e-01 4.612212267496020957e+01
3.709999999999999648e-04 2.930019831025307440e+02 9.729812156536222778e-01 4.610246135051732352e+01
3.779999999999999181e-04 2.930019822066855681e+02 9.729811215403938451e-01 4.608102431437495738e+01
3.849999999999999256e-04 2.930019813108404492e+02 9.729810274271807335e-01 4.605785431643383276e+01
3.919999999999999331e-04 2.930019804149952733e+02 9.729809333139806116e-01 4.603294397300130925e+01
3.989999999999999407e-04 2.930019795191501544e+02 9.729808392007963658e-01 4.600632935281499414e+01
4.059999999999999482e-04 2.930019786233050354e+02 9.729807450876261088e-01 4.597803150885845724e+01
4.129999999999999557e-04 2.930019777274598596e+02 9.729806509744689524e-01 4.594803270912396442e+01
4.199999999999999090e-04 2.930019768316147406e+02 9.729805568613272282e-01 4.591639490764568166e+01
4.269999999999999165e-04 2.930019759357695648e+02 9.729804627481976054e-01 4.588309779981361913e+01
4.339999999999999240e-04 2.930019750399244458e+02 9.729803686350850800e-01 4.584820994240051562e+01
4.409999999999999316e-04 2.930019741440793268e+02 9.729802745219862103e-01 4.581172179244648390e+01
4.479999999999999391e-04 2.930019732482341510e+02 9.729801804088993311e-01 4.577365905017835246e+01
4.549999999999999466e-04 2.930019723523890320e+02 9.729800862958303265e-01 4.573408078689914902e+01
4.619999999999999541e-04 2.930019714565438562e+02 9.729799921827722020e-01 4.569298432051193259e+01
4.689999999999999074e-04 2.930019705606987372e+02 9.729798980697300648e-01 4.565038734449624513e+01
4.759999999999999149e-04 2.930019696648535614e+02 9.729798039567004730e-01 4.560639605422570497e+01
4.829999999999999767e-04 2.930019687690084425e+02 9.729797098436874236e-01 4.556095205510289503e+01
4.899999999999999842e-04 2.930019678731633235e+02 9.729796157306885851e-01 4.551413670412005530e+01
4.969999999999999375e-04 2.930019669773181477e+02 9.729795216177008488e-01 4.546600165052760190e+01
5.039999999999999992e-04 2.930019660814730287e+02 9.729794275047304319e-01 4.541651897262072879e+01
5.109999999999999525e-04 2.930019651856278529e+02 9.729793333917726716e-01 4.536583982150417427e+01
5.180000000000000143e-04 2.930019642897827339e+02 9.729792392788293443e-01 4.531387770026101691e+01
5.249999999999999676e-04 2.930019633939376149e+02 9.729791451659010049e-01 4.526079899614662594e+01
5.319999999999999209e-04 2.930019624980924391e+02 9.729790510529855441e-01 4.520656004887376156e+01
5.389999999999999826e-04 2.930019616022473201e+02 9.729789569400860705e-01 4.515119651091348629e+01
5.459999999999999359e-04 2.930019607064021443e+02 9.729788628271976991e-01 4.509484771601803743e+01
5.529999999999999976e-04 2.930019598105570253e+02 9.729787687143267583e-01 4.503748419262235814e+01
5.599999999999999509e-04 2.930019589147118495e+02 9.729786746014670307e-01 4.497919743817342919e+01
5.670000000000000127e-04 2.930019580188667305e+02 9.729785804886239564e-01 4.492001604655862934e+01
5.739999999999999660e-04 2.930019571230216116e+02 9.729784863757944269e-01 4.485996313379050804e+01
5.809999999999999193e-04 2.930019562271764357e+02 9.729783922629772208e-01 4.479919506868254331e+01
5.879999999999999810e-04 2.930019553313313168e+02 9.729782981501768901e-01 4.473767507686259393e+01
5.949999999999999343e-04 2.930019544354861409e+02 9.729782040373878838e-01 4.467547118886049162e+01
6.019999999999999961e-04 2.930019535396410220e+02 9.729781099246154197e-01 4.461270255346924785e+01
6.089999999999999494e-04 2.930019526437958461e+02 9.729780158118548350e-01 4.454935270146365411e+01
6.160000000000000111e-04 2.930019517479507272e+02 9.729779216991099045e-01 4.448553123769001871e+01
6.229999999999999644e-04 2.930019508521056082e+02 9.729778275863801840e-01 4.442129672865634404e+01
6.299999999999999177e-04 2.930019499562604324e+02 9.729777334736611216e-01 4.435665793611708807e+01
6.369999999999999794e-04 2.930019490604153134e+02 9.729776393609581575e-01 4.429162437148397657e+01
6.439999999999999327e-04 2.930019481645701376e+02 9.729775452482679610e-01 4.422622627242442661e+01
6.509999999999999945e-04 2.930019472687250186e+02 9.729774511355925304e-01 4.416412046785975321e+01
6.579999999999999478e-04 2.930019463728798996e+02 9.729773570229216517e-01 4.416610629041739600e+01
6.649999999999999011e-04 2.930019454770347238e+02 9.729772629100487125e-01 4.518981343461555156e+01
6.719999999999999628e-04 2.930019445811896048e+02 9.729771684194270520e-01 5.136282516106283765e+03
6.789999999999999161e-04 2.930019436853444290e+02 9.729770743155133905e-01 6.319684906632704951e+03
6.859999999999999779e-04 2.930019427894993100e+02 9.729769802119656585e-01 6.851367743495094146e+03
6.929999999999999312e-04 2.930019418936541342e+02 9.729768861075613895e-01 7.239513082072200632e+03
6.999999999999999929e-04 2.930019409978090152e+02 9.729767920447957019e-01 7.544113285724917660e+03
