      Position [m]           Temperature [K]            Css [wt.ppm]             Cp [wt.ppm]       
-8.470329472543003391e-22 2.930020305823233002e+02 3.891944814552573684e-01 6.161941164567914520e+00
6.999999999999998201e-06 2.930020296864781812e+02 3.891944438264297035e-01 1.083693919032233133e+01
1.399999999999999471e-05 2.930020287906330054e+02 3.891944061806617561e-01 1.386545645945175842e+01
2.099999999999999545e-05 2.930020278947878865e+02 3.891943685349300019e-01 1.628256450565374180e+01
2.799999999999999619e-05 2.930020269989427106e+02 3.891943308892252817e-01 1.832640241086592070e+01
3.499999999999999016e-05 2.930020261030975917e+02 3.891942932435407121e-01 2.013579339767746745e+01
4.199999999999999090e-05 2.930020252072524158e+02 3.891942555978712970e-01 2.177504233055715588e+01
4.899999999999999164e-05 2.930020243114072969e+02 3.891942179522152045e-01 2.328256230605262900e+01
5.599999999999998561e-05 2.930020234155621779e+02 3.891941803065719352e-01 2.468417608874547753e+01
6.299999999999999990e-05 2.930020225197170021e+02 3.891941426609386023e-01 2.600193248849190653e+01
6.999999999999999387e-05 2.930020216238718831e+02 3.891941050153145953e-01 2.726957869365924836e+01
7.699999999999998783e-05 2.930020207280267073e+02 3.891940673692691477e-01 3.473318914899751064e+01
8.399999999999999535e-05 2.930020198321815883e+02 3.891940297228587142e-01 4.728999766745931765e+01
9.099999999999998932e-05 2.930020189363364693e+02 3.891939920761325888e-01 6.401563813491006272e+01
9.799999999999999684e-05 2.930020180404912935e+02 3.891939544288366415e-01 8.821894350947611940e+01
1.049999999999999908e-04 2.930020171446461745e+02 3.891939167806311439e-01 1.242836856216068213e+02
1.119999999999999848e-04 2.930020162488009987e+02 3.891938791313094281e-01 1.748543621380605089e+02
1.189999999999999787e-04 2.930020153529558797e+02 3.891938414802841861e-01 2.480647353161364208e+02
1.259999999999999727e-04 2.930020144571107039e+02 3.891938038277089618e-01 3.430455408156550448e+02
1.329999999999999802e-04 2.930020135612655849e+02 3.891937661741242116e-01 4.737994355818604504e+02
1.399999999999999606e-04 2.930020126654204660e+02 3.891937387690009853e-01 6.966625463628797661e+02
1.469999999999999681e-04 2.930020117695752901e+02 3.892696895434989424e-01 1.455942765916390272e+03
1.539999999999999757e-04 2.930020108737301712e+02 9.525905191987604770e-01 0.000000000000000000e+00
1.609999999999999561e-04 2.930020099778849954e+02 9.729812696934844185e-01 5.513908437093977266e-01
1.679999999999999636e-04 2.930020090820398764e+02 9.729839445736603309e-01 1.315613724824278075e+00
1.749999999999999711e-04 2.930020081861947574e+02 9.729838508361421390e-01 2.080325169180026190e+00
1.819999999999999786e-04 2.930020072903495816e+02 9.729837567224878248e-01 2.842391909653029458e+00
1.889999999999999590e-04 2.930020063945044626e+02 9.729836626087945417e-01 3.600569431672512977e+00
1.959999999999999666e-04 2.930020054986592868e+02 9.729835684951118058e-01 4.354007556933971124e+00
2.029999999999999741e-04 2.930020046028141678e+02 9.729834743814430587e-01 5.101951136901862860e+00
2.099999999999999545e-04 2.930020037069689920e+02 9.729833802677848587e-01 5.843631444289410837e+00
2.169999999999999620e-04 2.930020028111238730e+02 9.729832861541409805e-01 6.578222938944157328e+00
2.239999999999999695e-04 2.930020019152787540e+02 9.729831920405113133e-01 7.304833539813139431e+00
2.309999999999999499e-04 2.930020010194335782e+02 9.729830979268934144e-01 8.022511976489800745e+00
2.379999999999999846e-04 2.930020001235884592e+02 9.729830038132909475e-01 8.730267351185467817e+00
2.449999999999999379e-04 2.930019992277432834e+02 9.729829096997013593e-01 9.427098398002081936e+00
2.519999999999999454e-04 2.930019983318981645e+02 9.729828155861277583e-01 1.011202429131499336e+01
2.589999999999999529e-04 2.930019974360529886e+02 9.729827214725680351e-01 1.078411830371417324e+01
2.659999999999999604e-04 2.930019965402078697e+02 9.729826273590245211e-01 1.144253834137430736e+01
2.729999999999999680e-04 2.930019956443627507e+02 9.729825332454959952e-01 1.208655242997337709e+01
2.799999999999999755e-04 2.930019947485175749e+02 9.729824391319815691e-01 1.271555571108106442e+01
2.869999999999999288e-04 2.930019938526724559e+02 9.729823450184843514e-01 1.332908140400996011e+01
2.939999999999999363e-04 2.930019929568272801e+02 9.729822509050007895e-01 1.392680239399255804e+01
3.009999999999999438e-04 2.930019920609821611e+02 9.729821567915353242e-01 1.450852450294681795e+01
3.079999999999999513e-04 2.930019911651370421e+02 9.729820626780842918e-01 1.507417641951469101e+01
3.149999999999999589e-04 2.930019902692918663e+02 9.729819685646488026e-01 1.562379248305401802e+01
3.219999999999999664e-04 2.930019893734467473e+02 9.729818744512304107e-01 1.615749707885687414e+01
3.289999999999999197e-04 2.930019884776015715e+02 9.729817803378258967e-01 1.667548433983864342e+01
3.359999999999999272e-04 2.930019875817564525e+02 9.729816862244401454e-01 1.717800170077115496e+01
3.429999999999999347e-04 2.930019866859112767e+02 9.729815921110676058e-01 1.766533294281417454e+01
3.499999999999999422e-04 2.930019857900661577e+02 9.729814979977127187e-01 1.813778609732773717e+01
3.569999999999999498e-04 2.930019848942210388e+02 9.729814038843743740e-01 1.859568210319622494e+01
3.639999999999999573e-04 2.930019839983758629e+02 9.729813097710487968e-01 1.903934358717743791e+01
3.709999999999999648e-04 2.930019831025307440e+02 9.729812156577418714e-01 1.946909272727531715e+01
3.779999999999999181e-04 2.930019822066855681e+02 9.729811215444491568e-01 1.988524423298304100e+01
3.849999999999999256e-04 2.930019813108404492e+02 9.729810274311732066e-01 2.028810194086661056e+01
3.919999999999999331e-04 2.930019804149952733e+02 9.729809333179118003e-01 2.067796121509646667e+01
3.989999999999999407e-04 2.930019795191501544e+02 9.729808392046678245e-01 2.105510325034061125e+01
4.059999999999999482e-04 2.930019786233050354e+02 9.729807450914391698e-01 2.141979909839697882e+01
4.129999999999999557e-04 2.930019777274598596e+02 9.729806509782249480e-01 2.177231020246314586e+01
4.199999999999999090e-04 2.930019768316147406e+02 9.729805568650276015e-01 2.211288443698525796e+01
4.269999999999999165e-04 2.930019759357695648e+02 9.729804627518439109e-01 2.244176360628137701e+01
4.339999999999999240e-04 2.930019750399244458e+02 9.729803686386785389e-01 2.275917931010665640e+01
4.409999999999999316e-04 2.930019741440793268e+02 9.729802745255281549e-01 2.306535668000621797e+01
4.479999999999999391e-04 2.930019732482341510e+02 9.729801804123910935e-01 2.336051247973829348e+01
4.549999999999999466e-04 2.930019723523890320e+02 9.729800862992732391e-01 2.364486014309192896e+01
4.619999999999999541e-04 2.930019714565438562e+02 9.729799921861675971e-01 2.391860516070066112e+01
4.689999999999999074e-04 2.930019705606987372e+02 9.729798980730790525e-01 2.418194410047107112e+01
4.759999999999999149e-04 2.930019696648535614e+02 9.729798039600043857e-01 2.443507755073427390e+01
4.829999999999999767e-04 2.930019687690084425e+02 9.729797098469475936e-01 2.467818920841011732e+01
4.899999999999999842e-04 2.930019678731633235e+02 9.729796157339061224e-01 2.491146598358416853e+01
4.969999999999999375e-04 2.930019669773181477e+02 9.729795216208769748e-01 2.513508465072763087e+01
5.039999999999999992e-04 2.930019660814730287e+02 9.729794275078663679e-01 2.534922210074990900e+01
5.109999999999999525e-04 2.930019651856278529e+02 9.729793333948695278e-01 2.555404173357637276e+01
5.180000000000000143e-04 2.930019642897827339e+02 9.729792392818883418e-01 2.574971028881531510e+01
5.249999999999999676e-04 2.930019633939376149e+02 9.729791451689232540e-01 2.593638520406619463e+01
5.319999999999999209e-04 2.930019624980924391e+02 9.729790510559720440e-01 2.611422394169727568e+01
5.389999999999999826e-04 2.930019616022473201e+02 9.729789569430381535e-01 2.628337688453807530e+01
5.459999999999999359e-04 2.930019607064021443e+02 9.729788628301164755e-01 2.644399058736336627e+01
5.529999999999999976e-04 2.930019598105570253e+02 9.729787687172132271e-01 2.659620946185989965e+01
5.599999999999999509e-04 2.930019589147118495e+02 9.729786746043223022e-01 2.674017343971665994e+01
5.670000000000000127e-04 2.930019580188667305e+02 9.729785804914491409e-01 2.687602595372474212e+01
5.739999999999999660e-04 2.930019571230216116e+02 9.729784863785905236e-01 2.700389333746131015e+01
5.809999999999999193e-04 2.930019562271764357e+02 9.729783922657453399e-01 2.712391461016463623e+01
5.879999999999999810e-04 2.930019553313313168e+02 9.729782981529180308e-01 2.723621406740699058e+01
5.949999999999999343e-04 2.930019544354861409e+02 9.729782040401031562e-01 2.734092477551876144e+01
6.019999999999999961e-04 2.930019535396410220e+02 9.729781099273058231e-01 2.743816705141721357e+01
6.089999999999999494e-04 2.930019526437958461e+02 9.729780158145213687e-01 2.752806195520889432e+01
6.160000000000000111e-04 2.930019517479507272e+02 9.729779217017535675e-01 2.761072775947185320e+01
6.229999999999999644e-04 2.930019508521056082e+02 9.729778275890021977e-01 2.768627452497685226e+01
6.299999999999999177e-04 2.930019499562604324e+02 9.729777334762622631e-01 2.775481770970178630e+01
6.369999999999999794e-04 2.930019490604153134e+02 9.729776393635395371e-01 2.781643709194237246e+01
6.439999999999999327e-04 2.930019481645701376e+02 9.729775452508304667e-01 2.787122588889479502e+01
6.509999999999999945e-04 2.930019472687250186e+02 9.729774511381377167e-01 2.791953410199505825e+01
6.579999999999999478e-04 2.930019463728798996e+02 9.729773570254596216e-01 2.796931780361264330e+01
6.649999999999999011e-04 2.930019454770347238e+02 9.729772629127133587e-01 2.821231127674797534e+01
6.719999999999999628e-04 2.930019445811896048e+02 9.729771684199172155e-01 4.925713400224479301e+03
6.789999999999999161e-04 2.930019436853444290e+02 9.729770743127720278e-01 6.114682793118763584e+03
6.859999999999999779e-04 2.930019427894993100e+02 9.729769802082233188e-01 6.650251405015314958e+03
6.929999999999999312e-04 2.930019418936541342e+02 9.729768861031491411e-01 7.037540449162694131e+03
6.999999999999999929e-04 2.930019409978090152e+02 9.729767920396615866e-01 7.330698490068451974e+03
