      Position [m]           Temperature [K]            Css [wt.ppm]             Cp [wt.ppm]       
-8.470329472543003391e-22 2.930030084600343798e+02 6.811139018245739862e-01 1.078335895767835062e+01
6.999999999999998201e-06 2.930030071327726091e+02 6.811138255808012465e-01 1.896454369098459836e+01
1.399999999999999471e-05 2.930030058055108384e+02 6.811137493046826030e-01 2.425249756442631721e+01
2.099999999999999545e-05 2.930030044782490677e+02 6.811136730286772023e-01 2.843728918032123332e+01
2.799999999999999619e-05 2.930030031509872401e+02 6.811135967527454094e-01 3.200876764959816256e+01
3.499999999999999016e-05 2.930030018237254694e+02 6.811135204768596907e-01 3.523597783669525541e+01
4.199999999999999090e-05 2.930030004964636987e+02 6.811134442010214896e-01 3.812746050482994065e+01
4.899999999999999164e-05 2.930029991692019280e+02 6.811133679252209250e-01 4.077018671449590670e+01
5.599999999999998561e-05 2.930029978419401573e+02 6.811132916494556655e-01 4.318838906195924210e+01
6.299999999999999990e-05 2.930029965146783866e+02 6.811132153737756711e-01 4.497780133188368978e+01
6.999999999999999387e-05 2.930029951874165590e+02 6.811131390981899347e-01 4.604363143265918268e+01
7.699999999999998783e-05 2.930029938601547883e+02 6.811130628226644834e-01 4.668780371605153334e+01
8.399999999999999535e-05 2.930029925328930176e+02 6.811129865471765577e-01 4.712312106595845052e+01
9.099999999999998932e-05 2.930029912056312469e+02 6.811129102717070616e-01 4.749133259552314001e+01
9.799999999999999684e-05 2.930029898783694762e+02 6.811128339962420064e-01 4.792956133426674370e+01
1.049999999999999908e-04 2.930029885511077055e+02 6.811127577207524153e-01 4.865994657050887895e+01
1.119999999999999848e-04 2.930029872238458779e+02 6.811126814451816669e-01 5.017487219758817218e+01
1.189999999999999787e-04 2.930029858965841072e+02 6.811126051693807693e-01 5.373613404666236448e+01
1.259999999999999727e-04 2.930029845693223365e+02 6.811125288929072985e-01 6.297897745410218562e+01
1.329999999999999802e-04 2.930029832420605658e+02 6.811124526149283653e-01 9.037366559873430560e+01
1.399999999999999606e-04 2.930029819147987951e+02 6.811123816424748956e-01 1.950229277642026204e+02
1.469999999999999681e-04 2.930029805875370243e+02 6.811516824170475992e-01 9.095606966652327401e+02
1.539999999999999757e-04 2.930029792602751968e+02 9.729780801057202888e-01 3.226081124691902446e-01
1.609999999999999561e-04 2.930029779330134261e+02 9.730173482875420499e-01 1.466126596575250796e+00
1.679999999999999636e-04 2.930029766057516554e+02 9.730172446387204133e-01 2.700881898065493392e+00
1.749999999999999711e-04 2.930029752784898847e+02 9.730171356746047939e-01 3.931619588550509192e+00
1.819999999999999786e-04 2.930029739512281139e+02 9.730170267097802972e-01 5.156828103226568594e+00
1.889999999999999590e-04 2.930029726239663432e+02 9.730169177449674578e-01 6.375962364272424132e+00
1.959999999999999666e-04 2.930029712967045725e+02 9.730168087801681631e-01 7.588832117716778569e+00
2.029999999999999741e-04 2.930029699694427450e+02 9.730166998153798597e-01 8.795401498174738819e+00
2.099999999999999545e-04 2.930029686421809743e+02 9.730165908506086536e-01 9.995710444553182583e+00
2.169999999999999620e-04 2.930029673149192035e+02 9.730164818858496600e-01 1.118983900767088357e+01
2.239999999999999695e-04 2.930029659876574328e+02 9.730163729211077639e-01 1.237789012708402225e+01
2.309999999999999499e-04 2.930029646603956621e+02 9.730162639563786353e-01 1.355997840842768021e+01
2.379999999999999846e-04 2.930029633331338914e+02 9.730161549916664931e-01 1.473622520040190054e+01
2.449999999999999379e-04 2.930029620058720639e+02 9.730160460269688949e-01 1.590675282433429416e+01
2.519999999999999454e-04 2.930029606786102931e+02 9.730159370622862847e-01 1.707168177688512856e+01
2.589999999999999529e-04 2.930029593513485224e+02 9.730158280976221041e-01 1.823112737036074549e+01
2.659999999999999604e-04 2.930029580240867517e+02 9.730157191329716904e-01 1.938519166738024779e+01
2.729999999999999680e-04 2.930029566968249810e+02 9.730156101683372638e-01 2.053395877416406634e+01
2.799999999999999755e-04 2.930029553695632103e+02 9.730155012037201567e-01 2.167748030802797388e+01
2.869999999999999288e-04 2.930029540423013827e+02 9.730153922391179266e-01 2.281575794661134182e+01
2.939999999999999363e-04 2.930029527150396120e+02 9.730152832745333491e-01 2.394871564176771983e+01
3.009999999999999438e-04 2.930029513877778413e+02 9.730151743099635375e-01 2.507615953448015489e+01
3.079999999999999513e-04 2.930029500605160706e+02 9.730150653454113785e-01 2.619769410454013325e+01
3.149999999999999589e-04 2.930029487332542999e+02 9.730149563808755397e-01 2.731244647134442616e+01
3.219999999999999664e-04 2.930029474059925292e+02 9.730148474163571315e-01 2.841782199927505559e+01
3.289999999999999197e-04 2.930029460787307016e+02 9.730147384518564868e-01 2.950806006496753042e+01
3.359999999999999272e-04 2.930029447514689309e+02 9.730146294873741608e-01 3.057671446881107968e+01
3.429999999999999347e-04 2.930029434242071602e+02 9.730145205229131511e-01 3.161751359308575715e+01
3.499999999999999422e-04 2.930029420969453895e+02 9.730144115584733466e-01 3.262501913970823608e+01
3.569999999999999498e-04 2.930029407696836188e+02 9.730143025940570789e-01 3.358611374823220785e+01
3.639999999999999573e-04 2.930029394424218481e+02 9.730141936296637928e-01 3.449589668891816530e+01
3.709999999999999648e-04 2.930029381151600774e+02 9.730140846652951536e-01 3.535088787471892147e+01
3.779999999999999181e-04 2.930029367878982498e+02 9.730139757009504953e-01 3.614696608558939772e+01
3.849999999999999256e-04 2.930029354606364791e+02 9.730138667366339256e-01 3.688289739284719815e+01
3.919999999999999331e-04 2.930029341333747084e+02 9.730137577723422249e-01 3.755956704888531306e+01
3.989999999999999407e-04 2.930029328061129377e+02 9.730136488080768364e-01 3.817932391240243817e+01
4.059999999999999482e-04 2.930029314788511670e+02 9.730135398438339855e-01 3.874540762471247035e+01
4.129999999999999557e-04 2.930029301515893962e+02 9.730134308796171139e-01 3.926144443748695068e+01
4.199999999999999090e-04 2.930029288243275687e+02 9.730133219154231128e-01 3.973115746737595089e+01
4.269999999999999165e-04 2.930029274970657980e+02 9.730132129512518713e-01 4.015815632384146028e+01
4.339999999999999240e-04 2.930029261698040273e+02 9.730131039871052767e-01 4.054587021811456538e+01
4.409999999999999316e-04 2.930029248425422566e+02 9.730129950229789992e-01 4.089747549221738154e+01
4.479999999999999391e-04 2.930029235152804858e+02 9.730128860588748152e-01 4.121593520129930965e+01
4.549999999999999466e-04 2.930029221880187151e+02 9.730127770947931687e-01 4.150396490148345663e+01
4.619999999999999541e-04 2.930029208607568876e+02 9.730126681307302849e-01 4.176405458607236199e+01
4.689999999999999074e-04 2.930029195334951169e+02 9.730125591666897167e-01 4.199849239585483929e+01
4.759999999999999149e-04 2.930029182062333462e+02 9.730124502026681332e-01 4.220936535664018407e+01
4.829999999999999767e-04 2.930029168789715754e+02 9.730123412386674220e-01 4.239857271231497293e+01
4.899999999999999842e-04 2.930029155517098047e+02 9.730122322746862507e-01 4.256785834303686755e+01
4.969999999999999375e-04 2.930029142244480340e+02 9.730121233107239531e-01 4.271879056843312128e+01
5.039999999999999992e-04 2.930029128971862065e+02 9.730120143467801963e-01 4.285280765955080540e+01
5.109999999999999525e-04 2.930029115699244358e+02 9.730119053828569786e-01 4.297120773791244375e+01
5.180000000000000143e-04 2.930029102426626650e+02 9.730117964189521906e-01 4.307518513340873767e+01
5.249999999999999676e-04 2.930029089154008943e+02 9.730116874550663875e-01 4.316583683486454959e+01
5.319999999999999209e-04 2.930029075881391236e+02 9.730115784911983479e-01 4.324410049999770678e+01
5.389999999999999826e-04 2.930029062608773529e+02 9.730114695273486269e-01 4.331091956424425859e+01
5.459999999999999359e-04 2.930029049336155822e+02 9.730113605635172247e-01 4.336710680223815473e+01
5.529999999999999976e-04 2.930029036063537546e+02 9.730112515997024758e-01 4.341340878996057739e+01
5.599999999999999509e-04 2.930029022790919839e+02 9.730111426359078219e-01 4.345050039630263683e+01
5.670000000000000127e-04 2.930029009518302132e+02 9.730110336721299324e-01 4.347901870805029745e+01
5.739999999999999660e-04 2.930028996245684425e+02 9.730109247083698065e-01 4.349955761630608464e+01
5.809999999999999193e-04 2.930028982973066718e+02 9.730108157446289985e-01 4.351263945874899264e+01
5.879999999999999810e-04 2.930028969700449011e+02 9.730107067809040666e-01 4.351873599765026768e+01
5.949999999999999343e-04 2.930028956427830735e+02 9.730105978171970094e-01 4.351833944971746604e+01
6.019999999999999961e-04 2.930028943155213028e+02 9.730104888535064944e-01 4.351184561262238049e+01
6.089999999999999494e-04 2.930028929882595321e+02 9.730103798898348533e-01 4.349961747755830999e+01
6.160000000000000111e-04 2.930028916609977614e+02 9.730102709261807536e-01 4.348200873719888904e+01
6.229999999999999644e-04 2.930028903337359907e+02 9.730101619625431963e-01 4.345932836423160239e+01
6.299999999999999177e-04 2.930028890064742200e+02 9.730100529989236247e-01 4.343183594083414789e+01
6.369999999999999794e-04 2.930028876792123924e+02 9.730099440353192630e-01 4.339971261687689719e+01
6.439999999999999327e-04 2.930028863519506217e+02 9.730098350717337752e-01 4.336316175495464620e+01
6.509999999999999945e-04 2.930028850246888510e+02 9.730097261081648297e-01 4.332543439003435992e+01
6.579999999999999478e-04 2.930028836974270803e+02 9.730096171446031006e-01 4.334431028997381929e+01
6.649999999999999011e-04 2.930028823701653096e+02 9.730095081808426416e-01 4.439200138107371174e+01
6.719999999999999628e-04 2.930028810429035389e+02 9.730093988391567139e-01 5.135916544750400135e+03
6.789999999999999161e-04 2.930028797156417113e+02 9.730092898843577531e-01 6.319239237824896918e+03
6.859999999999999779e-04 2.930028783883799406e+02 9.730091809299292738e-01 6.850713814308824112e+03
6.929999999999999312e-04 2.930028770611181699e+02 9.730090719746424810e-01 7.238514329658091810e+03
6.999999999999999929e-04 2.930028757338563992e+02 9.730089630650221588e-01 7.542627779730722068e+03
