      Position [m]           Temperature [K]            Css [wt.ppm]             Cp [wt.ppm]       
-8.470329472543003391e-22 2.930008556154316466e+02 7.783566123601773912e-01 1.232389229589901980e+01
6.999999999999998201e-06 2.930008552379542266e+02 7.783565513726850016e-01 2.167379347016009916e+01
1.399999999999999471e-05 2.930008548604768635e+02 7.783564903553651382e-01 2.771718409122803095e+01
2.099999999999999545e-05 2.930008544829994435e+02 7.783564293381879384e-01 3.249973382505798725e+01
2.799999999999999619e-05 2.930008541055220803e+02 7.783563683211016659e-01 3.658134594126940442e+01
3.499999999999999016e-05 2.930008537280446603e+02 7.783563073040709046e-01 4.027025395476680103e+01
4.199999999999999090e-05 2.930008533505672972e+02 7.783562462871209675e-01 4.337290669605928173e+01
4.899999999999999164e-05 2.930008529730898772e+02 7.783561852703735351e-01 4.498263563148050537e+01
5.599999999999998561e-05 2.930008525956124572e+02 7.783561242537547775e-01 4.568788568850583687e+01
6.299999999999999990e-05 2.930008522181350941e+02 7.783560632371924193e-01 4.603198468031776969e+01
6.999999999999999387e-05 2.930008518406576741e+02 7.783560022206589268e-01 4.622854187593166841e+01
7.699999999999998783e-05 2.930008514631803109e+02 7.783559412041436421e-01 4.636122497520641161e+01
8.399999999999999535e-05 2.930008510857028909e+02 7.783558801876403477e-01 4.646549049000812914e+01
9.099999999999998932e-05 2.930008507082254710e+02 7.783558191711476004e-01 4.656085529682417956e+01
9.799999999999999684e-05 2.930008503307481078e+02 7.783557581546622917e-01 4.666862399893219759e+01
1.049999999999999908e-04 2.930008499532706878e+02 7.783556971381780931e-01 4.683642175158742305e+01
1.119999999999999848e-04 2.930008495757933247e+02 7.783556361216773523e-01 4.720714033992560132e+01
1.189999999999999787e-04 2.930008491983159047e+02 7.783555751050943439e-01 4.826104475111736036e+01
1.259999999999999727e-04 2.930008488208385415e+02 7.783555140881915912e-01 5.178966682631739360e+01
1.329999999999999802e-04 2.930008484433611216e+02 7.783554530703826746e-01 6.560273507301512552e+01
1.399999999999999606e-04 2.930008480658837016e+02 7.783553955871173047e-01 1.347942441728978338e+02
1.469999999999999681e-04 2.930008476884063384e+02 7.783815804548553929e-01 7.174622416377241052e+02
1.539999999999999757e-04 2.930008473109289184e+02 9.729178380217967659e-01 5.930601261027356186e-01
1.609999999999999561e-04 2.930008469334515553e+02 9.729440077219595473e-01 2.110482721465283262e+00
1.679999999999999636e-04 2.930008465559741353e+02 9.729439349941205739e-01 3.674838973717659663e+00
1.749999999999999711e-04 2.930008461784967722e+02 9.729438587239542802e-01 5.230799561171092904e+00
1.819999999999999786e-04 2.930008458010193522e+02 9.729437824533121448e-01 6.778135596041705568e+00
1.889999999999999590e-04 2.930008454235419322e+02 9.729437061826755606e-01 8.316773331663554814e+00
1.959999999999999666e-04 2.930008450460645690e+02 9.729436299120457488e-01 9.846804700318088521e+00
2.029999999999999741e-04 2.930008446685871490e+02 9.729435536414257069e-01 1.136840788703372773e+01
2.099999999999999545e-04 2.930008442911097859e+02 9.729434773708127704e-01 1.288180176494077500e+01
2.169999999999999620e-04 2.930008439136323659e+02 9.729434011002084937e-01 1.438722364528568143e+01
2.239999999999999695e-04 2.930008435361549459e+02 9.729433248296149861e-01 1.588491749754770943e+01
2.309999999999999499e-04 2.930008431586775828e+02 9.729432485590308044e-01 1.737512783555866847e+01
2.379999999999999846e-04 2.930008427812001628e+02 9.729431722884576139e-01 1.885809802183769079e+01
2.449999999999999379e-04 2.930008424037227996e+02 9.729430960178947485e-01 2.033407241610490601e+01
2.519999999999999454e-04 2.930008420262453797e+02 9.729430197473406539e-01 2.180330944832418183e+01
2.589999999999999529e-04 2.930008416487680165e+02 9.729429434767994378e-01 2.326612405470907419e+01
2.659999999999999604e-04 2.930008412712905965e+02 9.729428672062667705e-01 2.472301664707985580e+01
2.729999999999999680e-04 2.930008408938131765e+02 9.729427909357444282e-01 2.617502061824475135e+01
2.799999999999999755e-04 2.930008405163358134e+02 9.729427146652352976e-01 2.762458322579119852e+01
2.869999999999999288e-04 2.930008401388583934e+02 9.729426383947341606e-01 2.907623645067950591e+01
2.939999999999999363e-04 2.930008397613810303e+02 9.729425621242451250e-01 3.052790751707343020e+01
3.009999999999999438e-04 2.930008393839036103e+02 9.729424858537645271e-01 3.197463287198496573e+01
3.079999999999999513e-04 2.930008390064261903e+02 9.729424095832968078e-01 3.340890419040568560e+01
3.149999999999999589e-04 2.930008386289488271e+02 9.729423333128456308e-01 3.481188616416365988e+01
3.219999999999999664e-04 2.930008382514714071e+02 9.729422570424096639e-01 3.617353095862774381e+01
3.289999999999999197e-04 2.930008378739940440e+02 9.729421807719980109e-01 3.746192997529875868e+01
3.359999999999999272e-04 2.930008374965166240e+02 9.729421045016132252e-01 3.863931319441174139e+01
3.429999999999999347e-04 2.930008371190392609e+02 9.729420282312619683e-01 3.967597767451225366e+01
3.499999999999999422e-04 2.930008367415618409e+02 9.729419519609466827e-01 4.056195274200394607e+01
3.569999999999999498e-04 2.930008363640844209e+02 9.729418756906627053e-01 4.130633356302728032e+01
3.639999999999999573e-04 2.930008359866070577e+02 9.729417994204108133e-01 4.192803302422508693e+01
3.709999999999999648e-04 2.930008356091296378e+02 9.729417231501867880e-01 4.244753051878276295e+01
3.779999999999999181e-04 2.930008352316522746e+02 9.729416468799876316e-01 4.288293823846120034e+01
3.849999999999999256e-04 2.930008348541748546e+02 9.729415706098097916e-01 4.324911315529975298e+01
3.919999999999999331e-04 2.930008344766974915e+02 9.729414943396546001e-01 4.355792957127388831e+01
3.989999999999999407e-04 2.930008340992200715e+02 9.729414180695166170e-01 4.381890490772377689e+01
4.059999999999999482e-04 2.930008337217426515e+02 9.729413417993971747e-01 4.403965289972022390e+01
4.129999999999999557e-04 2.930008333442652884e+02 9.729412655292951628e-01 4.422633899541644809e+01
4.199999999999999090e-04 2.930008329667878684e+02 9.729411892592079170e-01 4.438398005682783065e+01
4.269999999999999165e-04 2.930008325893105052e+02 9.729411129891377685e-01 4.451665029694958520e+01
4.339999999999999240e-04 2.930008322118330852e+02 9.729410367190812758e-01 4.462773267625965445e+01
4.409999999999999316e-04 2.930008318343556653e+02 9.729409604490388830e-01 4.472011705193044406e+01
4.479999999999999391e-04 2.930008314568783021e+02 9.729408841790121443e-01 4.479604823935819269e+01
4.549999999999999466e-04 2.930008310794008821e+02 9.729408079089982841e-01 4.485747430399980828e+01
4.619999999999999541e-04 2.930008307019235190e+02 9.729407316389988569e-01 4.490610755050609981e+01
4.689999999999999074e-04 2.930008303244460990e+02 9.729406553690117532e-01 4.494342343598555090e+01
4.759999999999999149e-04 2.930008299469687358e+02 9.729405790990378611e-01 4.497062871353291769e+01
4.829999999999999767e-04 2.930008295694913159e+02 9.729405028290775137e-01 4.498879322868405239e+01
4.899999999999999842e-04 2.930008291920138959e+02 9.729404265591286016e-01 4.499881988931694821e+01
4.969999999999999375e-04 2.930008288145365327e+02 9.729403502891927902e-01 4.500157344061059916e+01
5.039999999999999992e-04 2.930008284370591127e+02 9.729402740192701904e-01 4.499772231021201918e+01
5.109999999999999525e-04 2.930008280595817496e+02 9.729401977493598030e-01 4.498793193203393770e+01
5.180000000000000143e-04 2.930008276821043296e+02 9.729401214794616282e-01 4.497269344144151404e+01
5.249999999999999676e-04 2.930008273046269096e+02 9.729400452095749996e-01 4.495251165068457055e+01
5.319999999999999209e-04 2.930008269271495465e+02 9.729399689397010276e-01 4.492785637301398793e+01
5.389999999999999826e-04 2.930008265496721265e+02 9.729398926698401562e-01 4.489915264552829655e+01
5.459999999999999359e-04 2.930008261721947633e+02 9.729398163999906091e-01 4.486668584683093286e+01
5.529999999999999976e-04 2.930008257947173433e+02 9.729397401301528303e-01 4.483081659608905767e+01
5.599999999999999509e-04 2.930008254172399802e+02 9.729396638603274861e-01 4.479182654233831329e+01
5.670000000000000127e-04 2.930008250397625602e+02 9.729395875905131330e-01 4.474994081183209005e+01
5.739999999999999660e-04 2.930008246622851402e+02 9.729395113207118806e-01 4.470556398470895232e+01
5.809999999999999193e-04 2.930008242848077771e+02 9.729394350509222855e-01 4.465858133128774199e+01
5.879999999999999810e-04 2.930008239073303571e+02 9.729393587811436817e-01 4.460972092430930047e+01
5.949999999999999343e-04 2.930008235298529939e+02 9.729392825113776233e-01 4.455869916280949639e+01
6.019999999999999961e-04 2.930008231523755740e+02 9.729392062416226672e-01 4.450586382859606260e+01
6.089999999999999494e-04 2.930008227748982108e+02 9.729391299718794794e-01 4.445142646968584899e+01
6.160000000000000111e-04 2.930008223974207908e+02 9.729390537021488372e-01 4.439545230242882212e+01
6.229999999999999644e-04 2.930008220199433708e+02 9.729389774324282980e-01 4.433821927995113299e+01
6.299999999999999177e-04 2.930008216424660077e+02 9.729389011627223027e-01 4.427959983047571768e+01
6.369999999999999794e-04 2.930008212649885877e+02 9.729388248930250782e-01 4.421988226939445354e+01
6.439999999999999327e-04 2.930008208875112246e+02 9.729387486233407323e-01 4.415880580291076285e+01
6.509999999999999945e-04 2.930008205100338046e+02 9.729386723536674886e-01 4.409876232819090802e+01
6.579999999999999478e-04 2.930008201325563846e+02 9.729385960839971315e-01 4.409137389929630046e+01
6.649999999999999011e-04 2.930008197550790214e+02 9.729385198141294877e-01 4.507250939673244261e+01
6.719999999999999628e-04 2.930008193776016014e+02 9.729384431665493160e-01 5.136251336699511739e+03
6.789999999999999161e-04 2.930008190001242383e+02 9.729383669056269612e-01 6.319610518095835687e+03
6.859999999999999779e-04 2.930008186226468183e+02 9.729382906450675383e-01 6.851275619723222007e+03
6.929999999999999312e-04 2.930008182451694552e+02 9.729382143836506902e-01 7.239442973807628732e+03
6.999999999999999929e-04 2.930008178676920352e+02 9.729381381590287425e-01 7.544218932374387805e+03
