      Position [m]           Temperature [K]            Css [wt.ppm]             Cp [wt.ppm]       
-8.470329472543003391e-22 2.930020305823233002e+02 5.837917221826556258e-01 9.242903056938621020e+00
6.999999999999998201e-06 2.930020296864781812e+02 5.837916657392074882e-01 1.625536342025036518e+01
1.399999999999999471e-05 2.930020287906330054e+02 5.837916092704154014e-01 2.079818902477607878e+01
2.099999999999999545e-05 2.930020278947878865e+02 5.837915528017035838e-01 2.442374204393466997e+01
2.799999999999999619e-05 2.930020269989427106e+02 5.837914963330484985e-01 2.748928014914169893e+01
3.499999999999999016e-05 2.930020261030975917e+02 5.837914398644340475e-01 3.020308322065285012e+01
4.199999999999999090e-05 2.930020252072524158e+02 5.837913833958499055e-01 3.266182512241392288e+01
4.899999999999999164e-05 2.930020243114072969e+02 5.837913269272916317e-01 3.492423809320741412e+01
5.599999999999998561e-05 2.930020234155621779e+02 5.837912704587568946e-01 3.703259449536784587e+01
6.299999999999999990e-05 2.930020225197170021e+02 5.837912139902395880e-01 3.902810668772649194e+01
6.999999999999999387e-05 2.930020216238718831e+02 5.837911575217358262e-01 4.097590569011481421e+01
7.699999999999998783e-05 2.930020207280267073e+02 5.837911010532317313e-01 4.298986278197406818e+01
8.399999999999999535e-05 2.930020198321815883e+02 5.837910445847135366e-01 4.522032448661104809e+01
9.099999999999998932e-05 2.930020189363364693e+02 5.837909881161871262e-01 4.760770733767709828e+01
9.799999999999999684e-05 2.930020180404912935e+02 5.837909316476408428e-01 5.024851747892767406e+01
1.049999999999999908e-04 2.930020171446461745e+02 5.837908751790108486e-01 5.378086413272038158e+01
1.119999999999999848e-04 2.930020162488009987e+02 5.837908187101591428e-01 5.949423011978829123e+01
1.189999999999999787e-04 2.930020153529558797e+02 5.837907622408016195e-01 7.005504671629462621e+01
1.259999999999999727e-04 2.930020144571107039e+02 5.837907057702579339e-01 9.168031311766871738e+01
1.329999999999999802e-04 2.930020135612655849e+02 5.837906492975697414e-01 1.415952802146644558e+02
1.399999999999999606e-04 2.930020126654204660e+02 5.837905999004745494e-01 2.860667682910776080e+02
1.469999999999999681e-04 2.930020117695752901e+02 5.838430412413835313e-01 1.067326895398519355e+03
1.539999999999999757e-04 2.930020108737301712e+02 9.729316281879407668e-01 1.653674358230241004e-01
1.609999999999999561e-04 2.930020099778849954e+02 9.729840319756929423e-01 1.066043488592396171e+00
1.679999999999999636e-04 2.930020090820398764e+02 9.729839449488704162e-01 2.095402994639780303e+00
1.749999999999999711e-04 2.930020081861947574e+02 9.729838508360807436e-01 3.123056103334651112e+00
1.819999999999999786e-04 2.930020072903495816e+02 9.729837567223402761e-01 4.146876897129184059e+00
1.889999999999999590e-04 2.930020063945044626e+02 9.729836626086109108e-01 5.166090941147233551e+00
1.959999999999999666e-04 2.930020054986592868e+02 9.729835684948910934e-01 6.180365528145623344e+00
2.029999999999999741e-04 2.930020046028141678e+02 9.729834743811847098e-01 7.189556068226724328e+00
2.099999999999999545e-04 2.930020037069689920e+02 9.729833802674877630e-01 8.193611293276864771e+00
2.169999999999999620e-04 2.930020028111238730e+02 9.729832861538045830e-01 9.192528774019665505e+00
2.239999999999999695e-04 2.930020019152787540e+02 9.729831920401348366e-01 1.018633098504155754e+01
2.309999999999999499e-04 2.930020010194335782e+02 9.729830979264757485e-01 1.117504842645047702e+01
2.379999999999999846e-04 2.930020001235884592e+02 9.729830038128310932e-01 1.215870794424621337e+01
2.449999999999999379e-04 2.930019992277432834e+02 9.729829096991983173e-01 1.313731993167023226e+01
2.519999999999999454e-04 2.930019983318981645e+02 9.729828155855799743e-01 1.411086585113493364e+01
2.589999999999999529e-04 2.930019974360529886e+02 9.729827214719742878e-01 1.507928343121402648e+01
2.659999999999999604e-04 2.930019965402078697e+02 9.729826273583833673e-01 1.604244946558756268e+01
2.729999999999999680e-04 2.930019956443627507e+02 9.729825332448058806e-01 1.700015935128917022e+01
2.799999999999999755e-04 2.930019947485175749e+02 9.729824391312408283e-01 1.795210372176249081e+01
2.869999999999999288e-04 2.930019938526724559e+02 9.729823450176913191e-01 1.889784289761764313e+01
2.939999999999999363e-04 2.930019929568272801e+02 9.729822509041540224e-01 1.983677649510830321e+01
3.009999999999999438e-04 2.930019920609821611e+02 9.729821567906333790e-01 2.076811748177673067e+01
3.079999999999999513e-04 2.930019911651370421e+02 9.729820626771258363e-01 2.169086330777068738e+01
3.149999999999999589e-04 2.930019902692918663e+02 9.729819685636326154e-01 2.260377481466720795e+01
3.219999999999999664e-04 2.930019893734467473e+02 9.729818744501557148e-01 2.350536467568778320e+01
3.289999999999999197e-04 2.930019884776015715e+02 9.729817803366921369e-01 2.439389110792480508e+01
3.359999999999999272e-04 2.930019875817564525e+02 9.729816862232470998e-01 2.526736215808931973e+01
3.429999999999999347e-04 2.930019866859112767e+02 9.729815921098153852e-01 2.612351943173894497e+01
3.499999999999999422e-04 2.930019857900661577e+02 9.729814979964018784e-01 2.695978651707469353e+01
3.569999999999999498e-04 2.930019848942210388e+02 9.729814038830062461e-01 2.777328526200610526e+01
3.639999999999999573e-04 2.930019839983758629e+02 9.729813097696248247e-01 2.856129995376866404e+01
3.709999999999999648e-04 2.930019831025307440e+02 9.729812156562641645e-01 2.932172756346124487e+01
3.779999999999999181e-04 2.930019822066855681e+02 9.729811215429199356e-01 3.005296404077542505e+01
3.849999999999999256e-04 2.930019813108404492e+02 9.729810274295951356e-01 3.075387770713729907e+01
3.919999999999999331e-04 2.930019804149952733e+02 9.729809333162875440e-01 3.142383845784890894e+01
3.989999999999999407e-04 2.930019795191501544e+02 9.729808392030001585e-01 3.206341361884549457e+01
4.059999999999999482e-04 2.930019786233050354e+02 9.729807450897310916e-01 3.267144594357819898e+01
4.129999999999999557e-04 2.930019777274598596e+02 9.729806509764794553e-01 3.324807467491384472e+01
4.199999999999999090e-04 2.930019768316147406e+02 9.729805568632475810e-01 3.379457747505346532e+01
4.269999999999999165e-04 2.930019759357695648e+02 9.729804627500319159e-01 3.431185111758256312e+01
4.339999999999999240e-04 2.930019750399244458e+02 9.729803686368374560e-01 3.480081115497909394e+01
4.409999999999999316e-04 2.930019741440793268e+02 9.729802745236605377e-01 3.526242511725263995e+01
4.479999999999999391e-04 2.930019732482341510e+02 9.729801804104993845e-01 3.569768252363893879e+01
4.549999999999999466e-04 2.930019723523890320e+02 9.729800862973596587e-01 3.610757403259384546e+01
4.619999999999999541e-04 2.930019714565438562e+02 9.729799921842345878e-01 3.649308270363134454e+01
4.689999999999999074e-04 2.930019705606987372e+02 9.729798980711286127e-01 3.685517523387116512e+01
4.759999999999999149e-04 2.930019696648535614e+02 9.729798039580384028e-01 3.719479433347258635e+01
4.829999999999999767e-04 2.930019687690084425e+02 9.729797098449681769e-01 3.751286347717159231e+01
4.899999999999999842e-04 2.930019678731633235e+02 9.729796157319149374e-01 3.781026932631289128e+01
4.969999999999999375e-04 2.930019669773181477e+02 9.729795216188755758e-01 3.808787761739498023e+01
5.039999999999999992e-04 2.930019660814730287e+02 9.729794275058565312e-01 3.834651900436159622e+01
5.109999999999999525e-04 2.930019651856278529e+02 9.729793333928525856e-01 3.858699884794879864e+01
5.180000000000000143e-04 2.930019642897827339e+02 9.729792392798656264e-01 3.881008379258214092e+01
5.249999999999999676e-04 2.930019633939376149e+02 9.729791451668960978e-01 3.901651772153238085e+01
5.319999999999999209e-04 2.930019624980924391e+02 9.729790510539417792e-01 3.920700679376862752e+01
5.389999999999999826e-04 2.930019616022473201e+02 9.729789569410056682e-01 3.938223288123477772e+01
5.459999999999999359e-04 2.930019607064021443e+02 9.729788628280828799e-01 3.954284214087911664e+01
5.529999999999999976e-04 2.930019598105570253e+02 9.729787687151795206e-01 3.968945422444397764e+01
5.599999999999999509e-04 2.930019589147118495e+02 9.729786746022893729e-01 3.982266986102641226e+01
5.670000000000000127e-04 2.930019580188667305e+02 9.729785804894177659e-01 3.994304280689462416e+01
5.739999999999999660e-04 2.930019571230216116e+02 9.729784863765614800e-01 4.005112286511807440e+01
5.809999999999999193e-04 2.930019562271764357e+02 9.729783922637191829e-01 4.014741413534098058e+01
5.879999999999999810e-04 2.930019553313313168e+02 9.729782981508955375e-01 4.023240940818286049e+01
5.949999999999999343e-04 2.930019544354861409e+02 9.729782040380847707e-01 4.030657178345712310e+01
6.019999999999999961e-04 2.930019535396410220e+02 9.729781099252921006e-01 4.037033746716905114e+01
6.089999999999999494e-04 2.930019526437958461e+02 9.729780158125128642e-01 4.042413256138519984e+01
6.160000000000000111e-04 2.930019517479507272e+02 9.729779216997506142e-01 4.046832978534128955e+01
6.229999999999999644e-04 2.930019508521056082e+02 9.729778275870051285e-01 4.050328940526929955e+01
6.299999999999999177e-04 2.930019499562604324e+02 9.729777334742716333e-01 4.052933975262617849e+01
6.369999999999999794e-04 2.930019490604153134e+02 9.729776393615554575e-01 4.054678172050125085e+01
6.439999999999999327e-04 2.930019481645701376e+02 9.729775452488532705e-01 4.055631355086191547e+01
6.509999999999999945e-04 2.930019472687250186e+02 9.729774511361666267e-01 4.056374198800741482e+01
6.579999999999999478e-04 2.930019463728798996e+02 9.729773570234842017e-01 4.063892104176566988e+01
6.649999999999999011e-04 2.930019454770347238e+02 9.729772629105937209e-01 4.178042759729559208e+01
6.719999999999999628e-04 2.930019445811896048e+02 9.729771684194288284e-01 5.133748994866856265e+03
6.789999999999999161e-04 2.930019436853444290e+02 9.729770743154740886e-01 6.316967467360209412e+03
6.859999999999999779e-04 2.930019427894993100e+02 9.729769802118963806e-01 6.847809339828555494e+03
6.929999999999999312e-04 2.930019418936541342e+02 9.729768861074430397e-01 7.234276374227676570e+03
6.999999999999999929e-04 2.930019409978090152e+02 9.729767920445876461e-01 7.535714041241577434e+03
