      Position [m]           Temperature [K]            Css [wt.ppm]             Cp [wt.ppm]       
-8.470329472543003391e-22 2.930020305823233002e+02 2.918958610800184150e-01 2.091730565221000120e+02
6.999999999999998201e-06 2.930020296864781812e+02 2.918958328547864300e-01 2.753677113716876192e+02
1.399999999999999471e-05 2.930020287906330054e+02 2.918958046163214748e-01 3.505485650510261735e+02
2.099999999999999545e-05 2.930020278947878865e+02 2.918957763774141512e-01 4.352380664643767432e+02
2.799999999999999619e-05 2.930020269989427106e+02 2.918957481381159180e-01 5.295325777578259476e+02
3.499999999999999016e-05 2.930020261030975917e+02 2.918957198984545864e-01 6.340546844176749346e+02
4.199999999999999090e-05 2.930020252072524158e+02 2.918956916584996564e-01 7.487381889635344123e+02
4.899999999999999164e-05 2.930020243114072969e+02 2.918956634183302312e-01 8.733898606702974803e+02
5.599999999999998561e-05 2.930020234155621779e+02 2.918956351780263025e-01 1.007799956755714561e+03
6.299999999999999990e-05 2.930020225197170021e+02 2.918956069376633100e-01 1.151775139158055936e+03
6.999999999999999387e-05 2.930020216238718831e+02 2.918955786973145283e-01 1.305156029520699349e+03
7.699999999999998783e-05 2.930020207280267073e+02 2.918955504570451831e-01 1.467827598903875696e+03
8.399999999999999535e-05 2.930020198321815883e+02 2.918955222169168917e-01 1.639724017350295298e+03
9.099999999999998932e-05 2.930020189363364693e+02 2.918954939769843326e-01 1.820828862540485716e+03
9.799999999999999684e-05 2.930020180404912935e+02 2.918954657372960226e-01 2.011171607534516397e+03
1.049999999999999908e-04 2.930020171446461745e+02 2.918954374978974253e-01 2.210821802418446623e+03
1.119999999999999848e-04 2.930020162488009987e+02 2.918954092588268989e-01 2.419885424053337374e+03
1.189999999999999787e-04 2.930020153529558797e+02 2.918953810201196375e-01 2.638524586226616975e+03
1.259999999999999727e-04 2.930020144571107039e+02 2.918953527818031746e-01 2.867122391481189425e+03
1.329999999999999802e-04 2.930020135612655849e+02 2.918953245453071998e-01 3.107438675587539819e+03
1.399999999999999606e-04 2.930020126654204660e+02 2.918953068523242322e-01 3.372601786883953537e+03
1.469999999999999681e-04 2.930020117695752901e+02 2.919734072878866771e-01 3.860313634784507485e+03
1.539999999999999757e-04 2.930020108737301712e+02 8.711503686454628026e-01 0.000000000000000000e+00
1.609999999999999561e-04 2.930020099778849954e+02 9.729702821799205426e-01 3.626295064725386097e-01
1.679999999999999636e-04 2.930020090820398764e+02 9.729839430905460329e-01 1.012872371249692538e+00
1.749999999999999711e-04 2.930020081861947574e+02 9.729838508359845983e-01 1.663352976880021483e+00
1.819999999999999786e-04 2.930020072903495816e+02 9.729837567225463335e-01 2.299139935299692628e+00
1.889999999999999590e-04 2.930020063945044626e+02 9.729836626088711471e-01 2.915657760667282883e+00
1.959999999999999666e-04 2.930020054986592868e+02 9.729835684952091723e-01 3.509741900069931919e+00
2.029999999999999741e-04 2.930020046028141678e+02 9.729834743815640730e-01 4.079527761489937454e+00
2.099999999999999545e-04 2.930020037069689920e+02 9.729833802679320742e-01 4.624271104340147431e+00
2.169999999999999620e-04 2.930020028111238730e+02 9.729832861543172839e-01 5.144082953199476727e+00
2.239999999999999695e-04 2.930020019152787540e+02 9.729831920407192580e-01 5.639648824020095930e+00
2.309999999999999499e-04 2.930020010194335782e+02 9.729830979271351099e-01 6.111988111759932174e+00
2.379999999999999846e-04 2.930020001235884592e+02 9.729830038135686143e-01 6.562276422825524591e+00
2.449999999999999379e-04 2.930019992277432834e+02 9.729829097000166627e-01 6.991729491459802048e+00
2.519999999999999454e-04 2.930019983318981645e+02 9.729828155864820305e-01 7.401536566493020608e+00
2.589999999999999529e-04 2.930019974360529886e+02 9.729827214729623863e-01 7.792825237725163667e+00
2.659999999999999604e-04 2.930019965402078697e+02 9.729826273594598396e-01 8.166649416393628513e+00
2.729999999999999680e-04 2.930019956443627507e+02 9.729825332459728360e-01 8.523987070970417079e+00
2.799999999999999755e-04 2.930019947485175749e+02 9.729824391325002653e-01 8.865742768912028282e+00
2.869999999999999288e-04 2.930019938526724559e+02 9.729823450190450140e-01 9.192754744263034183e+00
2.939999999999999363e-04 2.930019929568272801e+02 9.729822509056034185e-01 9.505799713469444967e+00
3.009999999999999438e-04 2.930019920609821611e+02 9.729821567921796976e-01 9.805600250809906271e+00
3.079999999999999513e-04 2.930019911651370421e+02 9.729820626787699656e-01 1.009282856973057818e+01
3.149999999999999589e-04 2.930019902692918663e+02 9.729819685653755545e-01 1.036811298854754604e+01
3.219999999999999664e-04 2.930019893734467473e+02 9.729818744519975748e-01 1.063204041574857506e+01
3.289999999999999197e-04 2.930019884776015715e+02 9.729817803386329178e-01 1.088516123300813732e+01
3.359999999999999272e-04 2.930019875817564525e+02 9.729816862252864684e-01 1.112799227230009436e+01
3.429999999999999347e-04 2.930019866859112767e+02 9.729815921119524535e-01 1.136101922785706719e+01
3.499999999999999422e-04 2.930019857900661577e+02 9.729814979986354251e-01 1.158469992620399225e+01
3.569999999999999498e-04 2.930019848942210388e+02 9.729814038853341618e-01 1.179946468566643780e+01
3.639999999999999573e-04 2.930019839983758629e+02 9.729813097720448889e-01 1.200572094820257441e+01
3.709999999999999648e-04 2.930019831025307440e+02 9.729812156587734906e-01 1.220385340675820274e+01
3.779999999999999181e-04 2.930019822066855681e+02 9.729811215455155260e-01 1.239422490721014825e+01
3.849999999999999256e-04 2.930019813108404492e+02 9.729810274322734376e-01 1.257718123213662764e+01
3.919999999999999331e-04 2.930019804149952733e+02 9.729809333190450049e-01 1.275304517892248768e+01
3.989999999999999407e-04 2.930019795191501544e+02 9.729808392058332256e-01 1.292212765006290098e+01
4.059999999999999482e-04 2.930019786233050354e+02 9.729807450926358792e-01 1.308472015811836542e+01
4.129999999999999557e-04 2.930019777274598596e+02 9.729806509794521885e-01 1.324109858734590262e+01
4.199999999999999090e-04 2.930019768316147406e+02 9.729805568662844850e-01 1.339152630593280868e+01
4.269999999999999165e-04 2.930019759357695648e+02 9.729804627531293271e-01 1.353625288446037622e+01
4.339999999999999240e-04 2.930019750399244458e+02 9.729803686399919327e-01 1.367551296947667971e+01
4.409999999999999316e-04 2.930019741440793268e+02 9.729802745268684161e-01 1.380953006528538118e+01
4.479999999999999391e-04 2.930019732482341510e+02 9.729801804137574450e-01 1.393851514888726761e+01
4.549999999999999466e-04 2.930019723523890320e+02 9.729800863006646816e-01 1.406267183536730059e+01
4.619999999999999541e-04 2.930019714565438562e+02 9.729799921875832425e-01 1.418218513888877119e+01
4.689999999999999074e-04 2.930019705606987372e+02 9.729798980745180126e-01 1.429723914884749547e+01
4.759999999999999149e-04 2.930019696648535614e+02 9.729798039614657723e-01 1.440800081244316999e+01
4.829999999999999767e-04 2.930019687690084425e+02 9.729797098484306295e-01 1.451463115384808766e+01
4.899999999999999842e-04 2.930019678731633235e+02 9.729796157354098085e-01 1.461728227235776068e+01
4.969999999999999375e-04 2.930019669773181477e+02 9.729795216224004228e-01 1.471609658566757162e+01
5.039999999999999992e-04 2.930019660814730287e+02 9.729794275094086897e-01 1.481120937962452366e+01
5.109999999999999525e-04 2.930019651856278529e+02 9.729793333964298352e-01 1.490274725537233991e+01
5.180000000000000143e-04 2.930019642897827339e+02 9.729792392834657466e-01 1.499082904559558393e+01
5.249999999999999676e-04 2.930019633939376149e+02 9.729791451705168681e-01 1.507556792005476076e+01
5.319999999999999209e-04 2.930019624980924391e+02 9.729790510575812013e-01 1.515706916859918429e+01
5.389999999999999826e-04 2.930019616022473201e+02 9.729789569446617437e-01 1.523543236710334980e+01
5.459999999999999359e-04 2.930019607064021443e+02 9.729788628317537214e-01 1.531074522784699710e+01
5.529999999999999976e-04 2.930019598105570253e+02 9.729787687188632406e-01 1.538310050683475438e+01
5.599999999999999509e-04 2.930019589147118495e+02 9.729786746059844171e-01 1.545257227350316143e+01
5.670000000000000127e-04 2.930019580188667305e+02 9.729785804931223581e-01 1.551924062936023319e+01
5.739999999999999660e-04 2.930019571230216116e+02 9.729784863802741768e-01 1.558316967207993819e+01
5.809999999999999193e-04 2.930019562271764357e+02 9.729783922674384300e-01 1.564442711258954155e+01
5.879999999999999810e-04 2.930019553313313168e+02 9.729782981546200027e-01 1.570307060259299270e+01
5.949999999999999343e-04 2.930019544354861409e+02 9.729782040418130107e-01 1.575915333502890903e+01
6.019999999999999961e-04 2.930019535396410220e+02 9.729781099290228941e-01 1.581272389421436486e+01
6.089999999999999494e-04 2.930019526437958461e+02 9.729780158162448789e-01 1.586383134367465964e+01
6.160000000000000111e-04 2.930019517479507272e+02 9.729779217034827399e-01 1.591251172248638390e+01
6.229999999999999644e-04 2.930019508521056082e+02 9.729778275907362550e-01 1.595880179184111647e+01
6.299999999999999177e-04 2.930019499562604324e+02 9.729777334780005393e-01 1.600273464626467756e+01
6.369999999999999794e-04 2.930019490604153134e+02 9.729776393652812549e-01 1.604433830825617235e+01
6.439999999999999327e-04 2.930019481645701376e+02 9.729775452525749602e-01 1.608363574103982785e+01
6.509999999999999945e-04 2.930019472687250186e+02 9.729774511398843195e-01 1.612064921525047367e+01
6.579999999999999478e-04 2.930019463728798996e+02 9.729773570272087779e-01 1.615539552928175482e+01
6.649999999999999011e-04 2.930019454770347238e+02 9.729772629145463370e-01 1.618789348708559217e+01
6.719999999999999628e-04 2.930019445811896048e+02 9.729771688018983289e-01 1.621815602481878926e+01
6.789999999999999161e-04 2.930019436853444290e+02 9.729770746892637545e-01 1.624623110833549333e+01
6.859999999999999779e-04 2.930019427894993100e+02 9.729769805766441682e-01 1.627270289985431617e+01
6.929999999999999312e-04 2.930019418936541342e+02 9.729768864640125914e-01 1.633261169025070814e+01
6.999999999999999929e-04 2.930019409978090152e+02 9.729767921680203546e-01 1.561685283480297812e+03
