      Position [m]           Temperature [K]            Css [wt.ppm]             Cp [wt.ppm]       
-8.470329472543003391e-22 2.930012744335249977e+02 4.864800897632246546e-01 7.702436325100109116e+00
6.999999999999998201e-06 2.930012738712749183e+02 4.864800484671121805e-01 1.354617012769278261e+01
1.399999999999999471e-05 2.930012733090248389e+02 4.864800071514108204e-01 1.732338400013840030e+01
2.099999999999999545e-05 2.930012727467747595e+02 4.864799658357661372e-01 2.031250949195914757e+01
2.799999999999999619e-05 2.930012721845246801e+02 4.864799245201600342e-01 2.286360157991493125e+01
3.499999999999999016e-05 2.930012716222746008e+02 4.864798832045771348e-01 2.516904541797592998e+01
4.199999999999999090e-05 2.930012710600244645e+02 4.864798418890172726e-01 2.723459753808277028e+01
4.899999999999999164e-05 2.930012704977743851e+02 4.864798005734784492e-01 2.912188001000982851e+01
5.599999999999998561e-05 2.930012699355243058e+02 4.864797592579557795e-01 3.087755977137927488e+01
6.299999999999999990e-05 2.930012693732742264e+02 4.864797179424460438e-01 3.254188182776474747e+01
6.999999999999999387e-05 2.930012688110241470e+02 4.864796766269436357e-01 3.417922390043329273e+01
7.699999999999998783e-05 2.930012682487740676e+02 4.864796353114374527e-01 3.593428781622644408e+01
8.399999999999999535e-05 2.930012676865239882e+02 4.864795939958933557e-01 3.818836332718225890e+01
9.099999999999998932e-05 2.930012671242739088e+02 4.864795526802081493e-01 4.215171161578771120e+01
9.799999999999999684e-05 2.930012665620238295e+02 4.864795113641177671e-01 5.080563422285039366e+01
1.049999999999999908e-04 2.930012659997737501e+02 4.864794700475810751e-01 6.443447209311739243e+01
1.119999999999999848e-04 2.930012654375236707e+02 4.864794287306298814e-01 8.252339721430537622e+01
1.189999999999999787e-04 2.930012648752735345e+02 4.864793874129624274e-01 1.082729860007010814e+02
1.259999999999999727e-04 2.930012643130234551e+02 4.864793460938671155e-01 1.492716881384137650e+02
1.329999999999999802e-04 2.930012637507733757e+02 4.864793047727936637e-01 2.243556943120557889e+02
1.399999999999999606e-04 2.930012631885232963e+02 4.864792722989930707e-01 4.008368703696642115e+02
1.469999999999999681e-04 2.930012626262732169e+02 4.865448484831564335e-01 1.214981610794135349e+03
1.539999999999999757e-04 2.930012620640231376e+02 9.728927352500630343e-01 6.037490112906048617e-02
1.609999999999999561e-04 2.930012615017730582e+02 9.729582702018377827e-01 7.793276636948281988e-01
1.679999999999999636e-04 2.930012609395229788e+02 9.729581964288018803e-01 1.660854730617085995e+00
1.749999999999999711e-04 2.930012603772728994e+02 9.729581137993625894e-01 2.541988371266745705e+00
1.819999999999999786e-04 2.930012598150228200e+02 9.729580311687341387e-01 3.420285603148707221e+00
1.889999999999999590e-04 2.930012592527727406e+02 9.729579485381149029e-01 4.294830252526605108e+00
1.959999999999999666e-04 2.930012586905226044e+02 9.729578659075042157e-01 5.165183101760383089e+00
2.029999999999999741e-04 2.930012581282725250e+02 9.729577832769032986e-01 6.031094468433072286e+00
2.099999999999999545e-04 2.930012575660224456e+02 9.729577006463144828e-01 6.892391912709220136e+00
2.169999999999999620e-04 2.930012570037723663e+02 9.729576180157362142e-01 7.748922727660635168e+00
2.239999999999999695e-04 2.930012564415222869e+02 9.729575353851679376e-01 8.600519799789395847e+00
2.309999999999999499e-04 2.930012558792722075e+02 9.729574527546116514e-01 9.446975596798852237e+00
2.379999999999999846e-04 2.930012553170221281e+02 9.729573701240673556e-01 1.028802229028692494e+01
2.449999999999999379e-04 2.930012547547720487e+02 9.729572874935338289e-01 1.112331549841434253e+01
2.519999999999999454e-04 2.930012541925219693e+02 9.729572048630138470e-01 1.195241938521755465e+01
2.589999999999999529e-04 2.930012536302718900e+02 9.729571222325040791e-01 1.277479634469070291e+01
2.659999999999999604e-04 2.930012530680218106e+02 9.729570396020079670e-01 1.358979993723961854e+01
2.729999999999999680e-04 2.930012525057716744e+02 9.729569569715227351e-01 1.439667244340172481e+01
2.799999999999999755e-04 2.930012519435215950e+02 9.729568743410509368e-01 1.519454849240592509e+01
2.869999999999999288e-04 2.930012513812715156e+02 9.729567917105931274e-01 1.598246550241110242e+01
2.939999999999999363e-04 2.930012508190214362e+02 9.729567090801475304e-01 1.675938074495034869e+01
3.009999999999999438e-04 2.930012502567713568e+02 9.729566264497148120e-01 1.752419614184690744e+01
3.079999999999999513e-04 2.930012496945212774e+02 9.729565438192976368e-01 1.827578757409127519e+01
3.149999999999999589e-04 2.930012491322711981e+02 9.729564611888926740e-01 1.901304097415815875e+01
3.219999999999999664e-04 2.930012485700211187e+02 9.729563785585021440e-01 1.973488601027468903e+01
3.289999999999999197e-04 2.930012480077710393e+02 9.729562959281257140e-01 2.044033312123704604e+01
3.359999999999999272e-04 2.930012474455209599e+02 9.729562132977643829e-01 2.112850082885166358e+01
3.429999999999999347e-04 2.930012468832708805e+02 9.729561306674168186e-01 2.179864075701521031e+01
3.499999999999999422e-04 2.930012463210208011e+02 9.729560480370849085e-01 2.245014872518570925e+01
3.569999999999999498e-04 2.930012457587706649e+02 9.729559654067658769e-01 2.308257122054908805e+01
3.639999999999999573e-04 2.930012451965205855e+02 9.729558827764629436e-01 2.369559511280437647e+01
3.709999999999999648e-04 2.930012446342705061e+02 9.729558001461737771e-01 2.428903877200951911e+01
3.779999999999999181e-04 2.930012440720204268e+02 9.729557175159021520e-01 2.486283264724096753e+01
3.849999999999999256e-04 2.930012435097703474e+02 9.729556348856446268e-01 2.541700075879943199e+01
3.919999999999999331e-04 2.930012429475202680e+02 9.729555522554020897e-01 2.595164995349544412e+01
3.989999999999999407e-04 2.930012423852701886e+02 9.729554696251736523e-01 2.646696719209556292e+01
4.059999999999999482e-04 2.930012418230201092e+02 9.729553869949615352e-01 2.696321640972711009e+01
4.129999999999999557e-04 2.930012412607700298e+02 9.729553043647626298e-01 2.744073158686423497e+01
4.199999999999999090e-04 2.930012406985199505e+02 9.729552217345804888e-01 2.789988399590978574e+01
4.269999999999999165e-04 2.930012401362698711e+02 9.729551391044112263e-01 2.834105710753761187e+01
4.339999999999999240e-04 2.930012395740197348e+02 9.729550564742573959e-01 2.876464434412484295e+01
4.409999999999999316e-04 2.930012390117696555e+02 9.729549738441202189e-01 2.917103523294917977e+01
4.479999999999999391e-04 2.930012384495195761e+02 9.729548912139968087e-01 2.956061669994666730e+01
4.549999999999999466e-04 2.930012378872694967e+02 9.729548085838881644e-01 2.993377096318669928e+01
4.619999999999999541e-04 2.930012373250194173e+02 9.729547259537943971e-01 3.029086598373703154e+01
4.689999999999999074e-04 2.930012367627693379e+02 9.729546433237151737e-01 3.063227014557491046e+01
4.759999999999999149e-04 2.930012362005192585e+02 9.729545606936507163e-01 3.095833184487320011e+01
4.829999999999999767e-04 2.930012356382691792e+02 9.729544780636003587e-01 3.126940320906833648e+01
4.899999999999999842e-04 2.930012350760190998e+02 9.729543954335647671e-01 3.156582449630415965e+01
4.969999999999999375e-04 2.930012345137690204e+02 9.729543128035431643e-01 3.184801457155412763e+01
5.039999999999999992e-04 2.930012339515189410e+02 9.729542301735357723e-01 3.211624109513090275e+01
5.109999999999999525e-04 2.930012333892688048e+02 9.729541475435431463e-01 3.237059687109177020e+01
5.180000000000000143e-04 2.930012328270187254e+02 9.729540649135650643e-01 3.261149848898336501e+01
5.249999999999999676e-04 2.930012322647686460e+02 9.729539822836011931e-01 3.283925799574974036e+01
5.319999999999999209e-04 2.930012317025185666e+02 9.729538996536524209e-01 3.305430855298112647e+01
5.389999999999999826e-04 2.930012311402684873e+02 9.729538170237173045e-01 3.325689001249114085e+01
5.459999999999999359e-04 2.930012305780184079e+02 9.729537343937955107e-01 3.344727764098517042e+01
5.529999999999999976e-04 2.930012300157683285e+02 9.729536517638890381e-01 3.362574613414093960e+01
5.599999999999999509e-04 2.930012294535182491e+02 9.729535691339959991e-01 3.379257839485725157e+01
5.670000000000000127e-04 2.930012288912681697e+02 9.729534865041168379e-01 3.394803971495583284e+01
5.739999999999999660e-04 2.930012283290180903e+02 9.729534038742531088e-01 3.409239404663086503e+01
5.809999999999999193e-04 2.930012277667680110e+02 9.729533212444024803e-01 3.422590801351758927e+01
5.879999999999999810e-04 2.930012272045178747e+02 9.729532386145650635e-01 3.434883084653766616e+01
5.949999999999999343e-04 2.930012266422677953e+02 9.729531559847421907e-01 3.446141182050534724e+01
6.019999999999999961e-04 2.930012260800177160e+02 9.729530733549328625e-01 3.456388686738088012e+01
6.089999999999999494e-04 2.930012255177676366e+02 9.729529907251383003e-01 3.465649677150710062e+01
6.160000000000000111e-04 2.930012249555175572e+02 9.729529080953561726e-01 3.473946714773501299e+01
6.229999999999999644e-04 2.930012243932674778e+02 9.729528254655882558e-01 3.481300368078531449e+01
6.299999999999999177e-04 2.930012238310173984e+02 9.729527428358345498e-01 3.487730859513388992e+01
6.369999999999999794e-04 2.930012232687673190e+02 9.729526602060939444e-01 3.493254079601697271e+01
6.439999999999999327e-04 2.930012227065172397e+02 9.729525775763677720e-01 3.497895099266120411e+01
6.509999999999999945e-04 2.930012221442671603e+02 9.729524949466566985e-01 3.501892873361657621e+01
6.579999999999999478e-04 2.930012215820170809e+02 9.729524123169497329e-01 3.509458964552734983e+01
6.649999999999999011e-04 2.930012210197669447e+02 9.729523296870764559e-01 3.597915116348050191e+01
6.719999999999999628e-04 2.930012204575168653e+02 9.729522466780200496e-01 5.121419151629251246e+03
6.789999999999999161e-04 2.930012198952667859e+02 9.729521640568500329e-01 6.304605335935024414e+03
6.859999999999999779e-04 2.930012193330167065e+02 9.729520814361628522e-01 6.834602008349990683e+03
6.929999999999999312e-04 2.930012187707666271e+02 9.729519988145866050e-01 7.218830215892199703e+03
6.999999999999999929e-04 2.930012182085165477e+02 9.729519162314174130e-01 7.515027943705557846e+03
