time [s] Css [wt.ppm]
0 14.238
24.1 14.239
56.8 14.239
96.2 13.317
109.3 8.473
109.3 6.396
161.8 5.243
207.6 4.782
273.2 5.244
299.4 6.86
332.1 7.782
391.1 6.63
423.9 3.862
456.7 2.709
528.8 1.556
600.8 11.246
640.1 11.708
699.1 9.17
744.9 16.092
784.2 18.63
849.7 16.324
915.3 13.325
961.2 11.48
1066 11.25
1131.5 13.558
1183.9 15.865
1242.9 19.557
1256 22.095
1321.5 29.016
1341 35.937
1386.9 41.244
1399.9 46.319
1439.2 56.24
1465.4 62.469
1498.1 69.62
1517.6 77.464
1517.7 72.158
1556.9 93.613
1556.9 87.385
1609.2 98.92
1615.8 100.535
1648.4 113.223
1655 108.609
1674.6 119.222
1694.2 125.451
1713.7 143.906
1720.3 138.831
1720.4 132.833
1726.8 150.366
1759.5 156.134
1766 162.824
1779 171.36
1824.7 193.276
1831.4 181.741
1844.3 201.581
1850.8 208.733
1863.7 229.034
1863.8 220.729
1883.3 238.262
1902.9 244.722
1916 254.642
1935.6 261.563
1955.2 265.024
1981.5 260.641
2014.2 257.873
2040.5 255.797
2086.3 255.797
2138.8 254.183
2197.7 254.875
2296 256.03
2341.9 257.414
2361.6 253.954
2407.4 256.031
2473 256.493
2492.6 257.877
2564.7 255.571
2584.4 256.725
2643.3 257.187
2715.4 254.88
2787.5 253.728
2840 252.805
2866.2 253.728
2879.2 262.495
2905.5 258.112
2905.5 253.037
2931.8 245.655
2958 241.041
2984.3 232.505
2984.3 227.2
2984.4 221.894
3010.6 214.742
3017.2 210.59
3056.6 197.902
3082.9 192.827
3089.5 188.675
3122.3 183.138
3122.4 176.448
3122.4 174.141
3148.6 167.912
3161.8 157.301
3214.3 151.303
3214.4 145.074
3214.4 139.538
3240.6 134.463
3240.7 133.771
3247.3 127.772
3273.5 122.929
3273.6 115.777
3319.5 111.394
3339.2 103.089
3378.6 96.86
3391.7 89.709
3418 82.789
3450.8 75.637
3477.1 73.331
3523 66.872
3523 63.642
3555.8 57.414
3601.7 51.878
3608.3 49.109
3654.2 42.65
3667.3 39.882
3673.9 38.728
3687 37.114
3726.4 34.577
3746 32.5
3752.6 30.885
3785.4 29.963
3824.7 27.426
3850.9 26.272
3883.7 24.658
3883.7 23.043
3910 21.659
3942.7 20.968
3962.4 20.045
3995.2 19.814
4027.9 19.123
4054.2 17.739
4086.9 20.046
4106.6 20.739
4178.6 21.662
4211.4 23.508
4217.9 24.661
4296.6 24.893
4362.1 25.817
4427.6 24.663
4466.9 24.664
4480.1 25.356
4545.6 23.511
4591.5 20.282
4598.1 18.667
4650.5 15.438
4650.5 14.284
4683.3 13.593
4722.6 13.132
4820.9 11.979
4840.6 11.98
4906.1 13.825
4951.9 17.055
4958.5 18.209
4971.6 19.594
5017.4 24.9
5043.6 29.052
5069.7 35.051
5102.4 46.124
5102.5 39.435
5109 43.356
5115.5 54.891
5180.9 62.505
5187.4 68.041
5207 74.27
5233.2 81.192
5233.2 78.654
5252.8 86.959
5292.1 95.495
5292.1 91.343
5298.5 105.185
5318.2 100.34
5337.8 108.184
5350.9 112.567
5396.7 122.026
5429.4 128.255
5455.4 160.553
5455.4 151.556
5455.5 146.48
5462 143.481
5468.4 166.09
5468.7 135.869
5474.9 173.241
5475 159.4
5488 181.777
5533.8 184.546
5553.5 183.623
5560 182.932
5566.6 185.238
5645.2 182.702
5678 182.933
5691.1 181.318
5691.1 180.626
5763.2 181.319
5809.1 180.627
5809.1 179.012
5822.2 179.012
5874.6 179.474
5933.6 180.628
5992.5 181.321
5992.6 179.014
6025.3 178.783
6071.2 181.553
6156.4 181.784
6162.9 180.169
6169.5 178.324
6202.2 181.554
6228.5 173.71
6235.1 171.172
6294.1 165.637
6320.4 161.023
6366.3 155.717
6399.1 149.95
6418.8 145.567
6471.2 140.492
6497.5 136.802
6510.6 134.495
6530.4 124.345
6536.9 131.034
6556.6 119.5
6589.4 114.656
6615.7 110.965
6628.8 110.504
6687.8 108.197
6694.3 108.197
6720.5 107.044
6773 105.43
6805.7 105.199
6825.4 104.969
6917.2 103.124
6930.3 102.894
6956.5 102.433
7074.4 100.819
7153.1 100.589
7212.1 100.82
7277.6 101.052
7303.8 101.052
7349.7 98.976
7395.6 98.054
7448 97.362
7520.1 97.363
7592.2 97.363
7710.1 98.518
7736.3 98.749
7742.9 98.98
7762.6 92.29
7795.4 91.367
7828.1 89.984
7854.4 88.138
7880.6 87.677
7965.7 91.369
7972.3 91.6
8018.1 96.445
8050.8 105.904
8050.9 99.906
8076.9 116.977
8090 125.052
8135.8 135.895
8135.8 130.819
8142.3 140.97
8148.8 144.431
8174.9 160.349
8174.9 153.659
8194.5 166.809
8233.6 189.187
8233.7 174.653
8240.1 195.185
8272.8 203.721
8285.9 213.872
8305.4 221.254
8311.8 247.553
8318.3 255.858
8331.5 240.863
8331.6 230.943
8410 252.399
8455.8 262.319
8462.4 260.935
8514.9 254.245
8567.2 261.167
8567.3 253.323
8600 261.167
8632.9 252.401
8645.9 260.706
8718 252.863
8783.5 254.479
8796.7 255.401
8842.5 252.172
8927.7 253.788
8947.4 254.942
8953.9 256.556
9012.9 257.249
9104.7 254.712
9111.2 252.867
9124.3 251.714
9196.4 252.637
9209.5 250.099
9229.1 264.864
9261.9 255.867
9268.4 258.866
9294.7 248.255
9314.5 239.95
9314.5 233.26
9334.3 224.955
9367.1 217.804
9393.3 208.807
9426.2 199.579
9439.3 194.043
9439.4 189.659
9459.1 182.508
9478.8 175.587
9492 168.667
9505.1 163.822
9537.9 157.594
9570.7 152.75
9570.8 145.829
9570.8 140.754
9610.2 132.679
9610.3 125.297
9649.6 119.069
9669.3 112.84
9702.2 106.843
9748.1 98.769
9767.8 89.541
9781 84.696
9807.2 79.391
9820.4 76.853
9872.9 66.934
9879.4 63.704
9899.1 61.398
9912.3 57.245
9931.9 53.554
9971.3 47.557
9997.6 41.789
10023.8 39.021
10030.4 35.561
10056.6 33.254
10096 29.102
10168.1 24.258
10187.8 23.105
10227.1 20.337
10253.3 17.569
10266.5 14.801
10266.5 7.188
10273.1 7.188
10286.1 13.186
10325.5 9.957
10377.9 12.034
10430.3 13.418
10450 14.11
10495.8 15.495
10594.1 17.111
10633.4 17.342
10672.7 18.265
10698.9 18.727
10725.1 18.727
10771 18.958
10790.7 18.958
