Results for node = 1
    time [m]    temperature [K]    growth [/]    nucleation [/]   Css [wt.ppm]    Cp [wt.ppm]   
   0.0000E+00      2.9300E+02      0.0000E+00      0.0000E+00      4.8676E-02      1.9995E+02   
   1.7500E-01      2.9440E+02      0.0000E+00      0.0000E+00      4.8676E-02      1.9995E+02   
   3.5000E-01      2.9580E+02      0.0000E+00      0.0000E+00      4.8677E-02      1.9995E+02   
   3.6667E-01      2.9593E+02      0.0000E+00      0.0000E+00      4.8677E-02      1.9995E+02   
   5.4167E-01      2.9733E+02      0.0000E+00      0.0000E+00      4.8679E-02      1.9995E+02   
   7.1667E-01      2.9873E+02      0.0000E+00      0.0000E+00      4.8682E-02      1.9995E+02   
   8.9167E-01      3.0013E+02      0.0000E+00      0.0000E+00      4.8686E-02      1.9995E+02   
   1.0667E+00      3.0153E+02      0.0000E+00      0.0000E+00      4.8691E-02      1.9995E+02   
   1.2417E+00      3.0293E+02      0.0000E+00      0.0000E+00      4.8698E-02      1.9995E+02   
   1.4167E+00      3.0433E+02      0.0000E+00      0.0000E+00      4.8706E-02      1.9995E+02   
   1.5917E+00      3.0573E+02      0.0000E+00      0.0000E+00      4.8718E-02      1.9995E+02   
   1.7667E+00      3.0713E+02      0.0000E+00      0.0000E+00      4.8731E-02      1.9995E+02   
   1.9417E+00      3.0853E+02      0.0000E+00      0.0000E+00      4.8748E-02      1.9995E+02   
   2.1167E+00      3.0993E+02      0.0000E+00      0.0000E+00      4.8769E-02      1.9995E+02   
   2.2917E+00      3.1133E+02      0.0000E+00      0.0000E+00      4.8794E-02      1.9995E+02   
   2.4667E+00      3.1273E+02      0.0000E+00      0.0000E+00      4.8825E-02      1.9995E+02   
   2.6417E+00      3.1413E+02      0.0000E+00      0.0000E+00      4.8861E-02      1.9995E+02   
   2.8167E+00      3.1553E+02      0.0000E+00      0.0000E+00      4.8904E-02      1.9995E+02   
   2.9917E+00      3.1693E+02      0.0000E+00      0.0000E+00      4.8955E-02      1.9995E+02   
   3.1667E+00      3.1833E+02      0.0000E+00      0.0000E+00      4.9014E-02      1.9995E+02   
   3.3417E+00      3.1973E+02      0.0000E+00      0.0000E+00      4.9084E-02      1.9995E+02   
   3.5167E+00      3.2113E+02      0.0000E+00      0.0000E+00      4.9166E-02      1.9995E+02   
   3.6917E+00      3.2253E+02      0.0000E+00      0.0000E+00      4.9262E-02      1.9995E+02   
   3.8667E+00      3.2393E+02      0.0000E+00      0.0000E+00      4.9372E-02      1.9995E+02   
   4.0417E+00      3.2533E+02      0.0000E+00      0.0000E+00      4.9501E-02      1.9995E+02   
   4.2167E+00      3.2673E+02      0.0000E+00      0.0000E+00      4.9649E-02      1.9995E+02   
   4.3917E+00      3.2813E+02      0.0000E+00      0.0000E+00      4.9819E-02      1.9995E+02   
   4.5667E+00      3.2953E+02      0.0000E+00      0.0000E+00      5.0015E-02      1.9995E+02   
   4.7417E+00      3.3093E+02      0.0000E+00      0.0000E+00      5.0240E-02      1.9995E+02   
   4.9167E+00      3.3233E+02      0.0000E+00      0.0000E+00      5.0497E-02      1.9995E+02   
   5.0917E+00      3.3373E+02      0.0000E+00      0.0000E+00      5.0790E-02      1.9995E+02   
   5.2667E+00      3.3513E+02      0.0000E+00      0.0000E+00      5.1125E-02      1.9995E+02   
   5.4417E+00      3.3653E+02      0.0000E+00      0.0000E+00      5.1505E-02      1.9995E+02   
   5.6167E+00      3.3793E+02      0.0000E+00      0.0000E+00      5.1938E-02      1.9995E+02   
   5.7917E+00      3.3933E+02      0.0000E+00      0.0000E+00      5.2428E-02      1.9995E+02   
   5.9667E+00      3.4073E+02      0.0000E+00      0.0000E+00      5.2983E-02      1.9995E+02   
   6.1417E+00      3.4213E+02      0.0000E+00      0.0000E+00      5.3610E-02      1.9995E+02   
   6.3167E+00      3.4353E+02      0.0000E+00      0.0000E+00      5.4317E-02      1.9995E+02   
   6.4917E+00      3.4493E+02      0.0000E+00      0.0000E+00      5.5114E-02      1.9994E+02   
   6.6667E+00      3.4633E+02      0.0000E+00      0.0000E+00      5.6012E-02      1.9994E+02   
   6.8417E+00      3.4773E+02      0.0000E+00      0.0000E+00      5.7020E-02      1.9994E+02   
   7.0167E+00      3.4913E+02      0.0000E+00      0.0000E+00      5.8151E-02      1.9994E+02   
   7.1917E+00      3.5053E+02      0.0000E+00      0.0000E+00      5.9419E-02      1.9994E+02   
   7.3667E+00      3.5193E+02      0.0000E+00      0.0000E+00      6.0838E-02      1.9994E+02   
   7.5417E+00      3.5333E+02      0.0000E+00      0.0000E+00      6.2425E-02      1.9994E+02   
   7.7167E+00      3.5473E+02      0.0000E+00      0.0000E+00      6.4196E-02      1.9994E+02   
   7.8917E+00      3.5613E+02      0.0000E+00      0.0000E+00      6.6171E-02      1.9993E+02   
   8.0667E+00      3.5753E+02      0.0000E+00      0.0000E+00      6.8370E-02      1.9993E+02   
   8.2417E+00      3.5893E+02      0.0000E+00      0.0000E+00      7.0818E-02      1.9993E+02   
   8.4167E+00      3.6033E+02      0.0000E+00      0.0000E+00      7.3537E-02      1.9993E+02   
   8.5917E+00      3.6173E+02      0.0000E+00      0.0000E+00      7.6555E-02      1.9992E+02   
   8.7667E+00      3.6313E+02      0.0000E+00      0.0000E+00      7.9901E-02      1.9992E+02   
   8.9417E+00      3.6453E+02      0.0000E+00      0.0000E+00      8.3607E-02      1.9992E+02   
   9.1167E+00      3.6593E+02      0.0000E+00      0.0000E+00      8.7706E-02      1.9991E+02   
   9.2917E+00      3.6733E+02      0.0000E+00      0.0000E+00      9.2236E-02      1.9991E+02   
   9.4667E+00      3.6873E+02      0.0000E+00      0.0000E+00      9.7237E-02      1.9990E+02   
   9.6417E+00      3.7013E+02      0.0000E+00      0.0000E+00      1.0275E-01      1.9990E+02   
   9.8167E+00      3.7153E+02      0.0000E+00      0.0000E+00      1.0882E-01      1.9989E+02   
   9.9917E+00      3.7293E+02      0.0000E+00      0.0000E+00      1.1551E-01      1.9988E+02   
   1.0167E+01      3.7433E+02      0.0000E+00      0.0000E+00      1.2285E-01      1.9988E+02   
   1.0342E+01      3.7573E+02      0.0000E+00      0.0000E+00      1.3092E-01      1.9987E+02   
   1.0517E+01      3.7713E+02      0.0000E+00      0.0000E+00      1.3977E-01      1.9986E+02   
   1.0692E+01      3.7853E+02      0.0000E+00      0.0000E+00      1.4946E-01      1.9985E+02   
   1.0867E+01      3.7993E+02      0.0000E+00      0.0000E+00      1.6007E-01      1.9984E+02   
   1.1042E+01      3.8133E+02      0.0000E+00      0.0000E+00      1.7168E-01      1.9983E+02   
   1.1217E+01      3.8273E+02      0.0000E+00      0.0000E+00      1.8436E-01      1.9982E+02   
   1.1392E+01      3.8413E+02      0.0000E+00      0.0000E+00      1.9819E-01      1.9980E+02   
   1.1567E+01      3.8553E+02      0.0000E+00      0.0000E+00      2.1327E-01      1.9979E+02   
   1.1742E+01      3.8693E+02      0.0000E+00      0.0000E+00      2.2970E-01      1.9977E+02   
   1.1917E+01      3.8833E+02      0.0000E+00      0.0000E+00      2.4756E-01      1.9975E+02   
   1.2092E+01      3.8973E+02      0.0000E+00      0.0000E+00      2.6698E-01      1.9973E+02   
   1.2267E+01      3.9113E+02      0.0000E+00      0.0000E+00      2.8806E-01      1.9971E+02   
   1.2442E+01      3.9253E+02      0.0000E+00      0.0000E+00      3.1092E-01      1.9969E+02   
   1.2617E+01      3.9393E+02      0.0000E+00      0.0000E+00      3.3569E-01      1.9966E+02   
   1.2792E+01      3.9533E+02      0.0000E+00      0.0000E+00      3.6250E-01      1.9964E+02   
   1.2967E+01      3.9673E+02      0.0000E+00      0.0000E+00      3.9148E-01      1.9961E+02   
   1.3142E+01      3.9813E+02      0.0000E+00      0.0000E+00      4.2278E-01      1.9958E+02   
   1.3317E+01      3.9953E+02      0.0000E+00      0.0000E+00      4.5654E-01      1.9954E+02   
   1.3492E+01      4.0093E+02      0.0000E+00      0.0000E+00      4.9293E-01      1.9951E+02   
   1.3667E+01      4.0233E+02      0.0000E+00      0.0000E+00      5.3210E-01      1.9947E+02   
   1.3842E+01      4.0373E+02      0.0000E+00      0.0000E+00      5.7421E-01      1.9943E+02   
   1.4017E+01      4.0513E+02      0.0000E+00      0.0000E+00      6.1946E-01      1.9938E+02   
   1.4192E+01      4.0653E+02      0.0000E+00      0.0000E+00      6.6800E-01      1.9933E+02   
   1.4367E+01      4.0793E+02      0.0000E+00      0.0000E+00      7.2003E-01      1.9928E+02   
   1.4542E+01      4.0933E+02      0.0000E+00      0.0000E+00      7.7573E-01      1.9922E+02   
   1.4717E+01      4.1073E+02      0.0000E+00      0.0000E+00      8.3529E-01      1.9916E+02   
   1.4892E+01      4.1213E+02      0.0000E+00      0.0000E+00      8.9891E-01      1.9910E+02   
   1.5067E+01      4.1353E+02      0.0000E+00      0.0000E+00      9.6679E-01      1.9903E+02   
   1.5242E+01      4.1493E+02      0.0000E+00      0.0000E+00      1.0391E+00      1.9896E+02   
   1.5417E+01      4.1633E+02      0.0000E+00      0.0000E+00      1.1161E+00      1.9888E+02   
   1.5592E+01      4.1773E+02      0.0000E+00      0.0000E+00      1.1980E+00      1.9880E+02   
   1.5767E+01      4.1913E+02      0.0000E+00      0.0000E+00      1.2849E+00      1.9872E+02   
   1.5942E+01      4.2053E+02      0.0000E+00      0.0000E+00      1.3772E+00      1.9862E+02   
   1.6117E+01      4.2193E+02      0.0000E+00      0.0000E+00      1.4749E+00      1.9853E+02   
   1.6292E+01      4.2333E+02      0.0000E+00      0.0000E+00      1.5783E+00      1.9842E+02   
   1.6467E+01      4.2473E+02      0.0000E+00      0.0000E+00      1.6875E+00      1.9831E+02   
   1.6642E+01      4.2613E+02      0.0000E+00      0.0000E+00      1.8029E+00      1.9820E+02   
   1.6817E+01      4.2753E+02      0.0000E+00      0.0000E+00      1.9245E+00      1.9808E+02   
   1.6992E+01      4.2893E+02      0.0000E+00      0.0000E+00      2.0525E+00      1.9795E+02   
   1.7167E+01      4.3033E+02      0.0000E+00      0.0000E+00      2.1872E+00      1.9781E+02   
   1.7342E+01      4.3173E+02      0.0000E+00      0.0000E+00      2.3287E+00      1.9767E+02   
   1.7517E+01      4.3313E+02      0.0000E+00      0.0000E+00      2.4771E+00      1.9752E+02   
   1.7692E+01      4.3453E+02      0.0000E+00      0.0000E+00      2.6326E+00      1.9737E+02   
   1.7867E+01      4.3593E+02      0.0000E+00      0.0000E+00      2.7953E+00      1.9720E+02   
   1.8042E+01      4.3733E+02      0.0000E+00      0.0000E+00      2.9655E+00      1.9703E+02   
   1.8217E+01      4.3873E+02      0.0000E+00      0.0000E+00      3.1431E+00      1.9686E+02   
   1.8392E+01      4.4013E+02      0.0000E+00      0.0000E+00      3.3282E+00      1.9667E+02   
   1.8567E+01      4.4153E+02      0.0000E+00      0.0000E+00      3.5211E+00      1.9648E+02   
   1.8734E+01      4.4287E+02      0.0000E+00      0.0000E+00      3.7130E+00      1.9629E+02   
   1.8908E+01      4.4427E+02      0.0000E+00      0.0000E+00      3.9204E+00      1.9608E+02   
   1.9082E+01      4.4565E+02      0.0000E+00      0.0000E+00      4.1348E+00      1.9587E+02   
   1.9254E+01      4.4703E+02      0.0000E+00      0.0000E+00      4.3554E+00      1.9564E+02   
   1.9424E+01      4.4839E+02      0.0000E+00      0.0000E+00      4.5810E+00      1.9542E+02   
   1.9592E+01      4.4973E+02      0.0000E+00      0.0000E+00      4.8105E+00      1.9519E+02   
   1.9767E+01      4.5114E+02      0.0000E+00      0.0000E+00      5.0585E+00      1.9494E+02   
   1.9939E+01      4.5251E+02      0.0000E+00      0.0000E+00      5.3097E+00      1.9469E+02   
   2.0107E+01      4.5386E+02      0.0000E+00      0.0000E+00      5.5622E+00      1.9444E+02   
   2.0283E+01      4.5526E+02      0.0000E+00      0.0000E+00      5.8341E+00      1.9417E+02   
   2.0453E+01      4.5663E+02      0.0000E+00      0.0000E+00      6.1058E+00      1.9389E+02   
   2.0632E+01      4.5806E+02      0.0000E+00      0.0000E+00      6.3979E+00      1.9360E+02   
   2.0804E+01      4.5943E+02      0.0000E+00      0.0000E+00      6.6875E+00      1.9331E+02   
   2.0985E+01      4.6088E+02      0.0000E+00      0.0000E+00      6.9985E+00      1.9300E+02   
   2.1157E+01      4.6226E+02      0.0000E+00      0.0000E+00      7.3042E+00      1.9270E+02   
   2.1338E+01      4.6371E+02      0.0000E+00      0.0000E+00      7.6316E+00      1.9237E+02   
   2.1510E+01      4.6508E+02      0.0000E+00      0.0000E+00      7.9501E+00      1.9205E+02   
   2.1689E+01      4.6651E+02      0.0000E+00      0.0000E+00      8.2905E+00      1.9171E+02   
   2.1858E+01      4.6786E+02      0.0000E+00      0.0000E+00      8.6174E+00      1.9138E+02   
   2.2034E+01      4.6927E+02      0.0000E+00      0.0000E+00      8.9656E+00      1.9103E+02   
   2.2217E+01      4.7074E+02      0.0000E+00      0.0000E+00      9.3373E+00      1.9066E+02   
   2.2388E+01      4.7210E+02      0.0000E+00      0.0000E+00      9.6894E+00      1.9031E+02   
   2.2566E+01      4.7353E+02      0.0000E+00      0.0000E+00      1.0064E+01      1.8994E+02   
   2.2752E+01      4.7501E+02      0.0000E+00      0.0000E+00      1.0463E+01      1.8954E+02   
   2.2921E+01      4.7637E+02      0.0000E+00      0.0000E+00      1.0834E+01      1.8917E+02   
   2.3098E+01      4.7779E+02      0.0000E+00      0.0000E+00      1.1229E+01      1.8877E+02   
   2.3283E+01      4.7926E+02      0.0000E+00      0.0000E+00      1.1648E+01      1.8835E+02   
   2.3476E+01      4.8081E+02      0.0000E+00      0.0000E+00      1.2094E+01      1.8791E+02   
   2.3649E+01      4.8219E+02      0.0000E+00      0.0000E+00      1.2502E+01      1.8750E+02   
   2.3829E+01      4.8363E+02      0.0000E+00      0.0000E+00      1.2933E+01      1.8707E+02   
   2.4016E+01      4.8513E+02      0.0000E+00      0.0000E+00      1.3392E+01      1.8661E+02   
   2.4213E+01      4.8670E+02      0.0000E+00      0.0000E+00      1.3880E+01      1.8612E+02   
   2.4383E+01      4.8806E+02      0.0000E+00      0.0000E+00      1.4312E+01      1.8569E+02   
   2.4560E+01      4.8948E+02      0.0000E+00      0.0000E+00      1.4769E+01      1.8523E+02   
   2.4745E+01      4.9096E+02      0.0000E+00      0.0000E+00      1.5253E+01      1.8475E+02   
   2.4938E+01      4.9251E+02      0.0000E+00      0.0000E+00      1.5767E+01      1.8423E+02   
   2.5140E+01      4.9412E+02      0.0000E+00      0.0000E+00      1.6315E+01      1.8368E+02   
   2.5308E+01      4.9546E+02      0.0000E+00      0.0000E+00      1.6780E+01      1.8322E+02   
   2.5482E+01      4.9686E+02      0.0000E+00      0.0000E+00      1.7271E+01      1.8273E+02   
   2.5664E+01      4.9831E+02      0.0000E+00      0.0000E+00      1.7790E+01      1.8221E+02   
   2.5853E+01      4.9982E+02      0.0000E+00      0.0000E+00      1.8340E+01      1.8166E+02   
   2.6050E+01      5.0140E+02      0.0000E+00      0.0000E+00      1.8924E+01      1.8108E+02   
   2.6256E+01      5.0305E+02      0.0000E+00      0.0000E+00      1.9546E+01      1.8045E+02   
   2.6471E+01      5.0477E+02      0.0000E+00      0.0000E+00      2.0210E+01      1.7979E+02   
   2.6640E+01      5.0612E+02      0.0000E+00      0.0000E+00      2.0738E+01      1.7926E+02   
   2.6814E+01      5.0751E+02      0.0000E+00      0.0000E+00      2.1295E+01      1.7870E+02   
   2.6995E+01      5.0896E+02      0.0000E+00      0.0000E+00      2.1883E+01      1.7812E+02   
   2.7184E+01      5.1047E+02      0.0000E+00      0.0000E+00      2.2506E+01      1.7749E+02   
   2.7380E+01      5.1204E+02      0.0000E+00      0.0000E+00      2.3165E+01      1.7683E+02   
   2.7585E+01      5.1368E+02      0.0000E+00      0.0000E+00      2.3866E+01      1.7613E+02   
   2.7798E+01      5.1539E+02      0.0000E+00      0.0000E+00      2.4612E+01      1.7539E+02   
   2.8022E+01      5.1717E+02      0.0000E+00      0.0000E+00      2.5409E+01      1.7459E+02   
   2.8256E+01      5.1905E+02      0.0000E+00      0.0000E+00      2.6262E+01      1.7374E+02   
   2.8501E+01      5.2101E+02      0.0000E+00      0.0000E+00      2.7177E+01      1.7282E+02   
   2.8672E+01      5.2238E+02      0.0000E+00      0.0000E+00      2.7826E+01      1.7217E+02   
   2.8849E+01      5.2379E+02      0.0000E+00      0.0000E+00      2.8509E+01      1.7149E+02   
   2.9032E+01      5.2526E+02      0.0000E+00      0.0000E+00      2.9229E+01      1.7077E+02   
   2.9222E+01      5.2678E+02      0.0000E+00      0.0000E+00      2.9989E+01      1.7001E+02   
   2.9420E+01      5.2836E+02      0.0000E+00      0.0000E+00      3.0792E+01      1.6921E+02   
   2.9625E+01      5.3000E+02      0.0000E+00      0.0000E+00      3.1644E+01      1.6836E+02   
   2.9840E+01      5.3172E+02      0.0000E+00      0.0000E+00      3.2548E+01      1.6745E+02   
   3.0063E+01      5.3350E+02      0.0000E+00      0.0000E+00      3.3510E+01      1.6649E+02   
   3.0296E+01      5.3537E+02      0.0000E+00      0.0000E+00      3.4536E+01      1.6546E+02   
   3.0540E+01      5.3732E+02      0.0000E+00      0.0000E+00      3.5634E+01      1.6437E+02   
   3.0796E+01      5.3937E+02      0.0000E+00      0.0000E+00      3.6811E+01      1.6319E+02   
   3.1065E+01      5.4152E+02      0.0000E+00      0.0000E+00      3.8077E+01      1.6192E+02   
   3.1345E+01      5.4376E+02      0.0000E+00      0.0000E+00      3.9384E+01      1.6062E+02   
   3.1618E+01      5.4594E+02      0.0000E+00      0.0000E+00      4.0669E+01      1.5933E+02   
   3.1880E+01      5.4804E+02      0.0000E+00      0.0000E+00      4.1934E+01      1.5807E+02   
   3.2133E+01      5.5006E+02      0.0000E+00      0.0000E+00      4.3179E+01      1.5682E+02   
   3.2377E+01      5.5201E+02      0.0000E+00      0.0000E+00      4.4405E+01      1.5560E+02   
   3.2613E+01      5.5390E+02      0.0000E+00      0.0000E+00      4.5614E+01      1.5439E+02   
   3.2841E+01      5.5573E+02      0.0000E+00      0.0000E+00      4.6806E+01      1.5319E+02   
   3.3062E+01      5.5750E+02      0.0000E+00      0.0000E+00      4.7983E+01      1.5202E+02   
   3.3277E+01      5.5921E+02      0.0000E+00      0.0000E+00      4.9144E+01      1.5086E+02   
   3.3485E+01      5.6088E+02      0.0000E+00      0.0000E+00      5.0292E+01      1.4971E+02   
   3.3688E+01      5.6250E+02      0.0000E+00      0.0000E+00      5.1426E+01      1.4857E+02   
   3.3885E+01      5.6408E+02      0.0000E+00      0.0000E+00      5.2546E+01      1.4745E+02   
   3.4077E+01      5.6562E+02      0.0000E+00      0.0000E+00      5.3655E+01      1.4635E+02   
   3.4264E+01      5.6712E+02      0.0000E+00      0.0000E+00      5.4751E+01      1.4525E+02   
   3.4447E+01      5.6858E+02      0.0000E+00      0.0000E+00      5.5836E+01      1.4416E+02   
   3.4625E+01      5.7000E+02      0.0000E+00      0.0000E+00      5.6910E+01      1.4309E+02   
   3.4800E+01      5.7140E+02      0.0000E+00      0.0000E+00      5.7974E+01      1.4203E+02   
   3.4970E+01      5.7276E+02      0.0000E+00      0.0000E+00      5.9027E+01      1.4097E+02   
   3.5219E+01      5.7475E+02      0.0000E+00      0.0000E+00      6.0588E+01      1.3941E+02   
   3.5459E+01      5.7668E+02      0.0000E+00      0.0000E+00      6.2129E+01      1.3787E+02   
   3.5693E+01      5.7854E+02      0.0000E+00      0.0000E+00      6.3649E+01      1.3635E+02   
   3.5920E+01      5.8036E+02      0.0000E+00      0.0000E+00      6.5150E+01      1.3485E+02   
   3.6140E+01      5.8212E+02      0.0000E+00      0.0000E+00      6.6634E+01      1.3337E+02   
   3.6354E+01      5.8383E+02      0.0000E+00      0.0000E+00      6.8099E+01      1.3190E+02   
   3.6563E+01      5.8550E+02      0.0000E+00      0.0000E+00      6.9549E+01      1.3045E+02   
   3.6767E+01      5.8713E+02      0.0000E+00      0.0000E+00      7.0982E+01      1.2902E+02   
   3.6965E+01      5.8872E+02      0.0000E+00      0.0000E+00      7.2400E+01      1.2760E+02   
   3.7159E+01      5.9027E+02      0.0000E+00      0.0000E+00      7.3804E+01      1.2620E+02   
   3.7348E+01      5.9178E+02      0.0000E+00      0.0000E+00      7.5193E+01      1.2481E+02   
   3.7532E+01      5.9326E+02      0.0000E+00      0.0000E+00      7.6569E+01      1.2343E+02   
   3.7713E+01      5.9471E+02      0.0000E+00      0.0000E+00      7.7931E+01      1.2207E+02   
   3.7890E+01      5.9612E+02      0.0000E+00      0.0000E+00      7.9281E+01      1.2072E+02   
   3.8063E+01      5.9751E+02      0.0000E+00      0.0000E+00      8.0619E+01      1.1938E+02   
   3.8233E+01      5.9886E+02      0.0000E+00      0.0000E+00      8.1945E+01      1.1806E+02   
   3.8454E+01      6.0063E+02      0.0000E+00      0.0000E+00      8.3695E+01      1.1631E+02   
   3.8669E+01      6.0235E+02      0.0000E+00      0.0000E+00      8.5425E+01      1.1457E+02   
   3.8879E+01      6.0403E+02      0.0000E+00      0.0000E+00      8.7137E+01      1.1286E+02   
   3.9084E+01      6.0567E+02      0.0000E+00      0.0000E+00      8.8831E+01      1.1117E+02   
   3.9284E+01      6.0728E+02      0.0000E+00      0.0000E+00      9.0508E+01      1.0949E+02   
   3.9480E+01      6.0884E+02      0.0000E+00      0.0000E+00      9.2168E+01      1.0783E+02   
   3.9671E+01      6.1037E+02      0.0000E+00      0.0000E+00      9.3812E+01      1.0619E+02   
   3.9858E+01      6.1187E+02      0.0000E+00      0.0000E+00      9.5441E+01      1.0456E+02   
   4.0042E+01      6.1333E+02      0.0000E+00      0.0000E+00      9.7055E+01      1.0295E+02   
   4.0221E+01      6.1477E+02      0.0000E+00      0.0000E+00      9.8654E+01      1.0135E+02   
   4.0397E+01      6.1618E+02      0.0000E+00      0.0000E+00      1.0024E+02      9.9761E+01   
   4.0569E+01      6.1756E+02      0.0000E+00      0.0000E+00      1.0181E+02      9.8189E+01   
   4.0739E+01      6.1891E+02      0.0000E+00      0.0000E+00      1.0337E+02      9.6631E+01   
   4.0946E+01      6.2057E+02      0.0000E+00      0.0000E+00      1.0530E+02      9.4700E+01   
   4.1148E+01      6.2219E+02      0.0000E+00      0.0000E+00      1.0721E+02      9.2789E+01   
   4.1346E+01      6.2377E+02      0.0000E+00      0.0000E+00      1.0910E+02      9.0896E+01   
   4.1540E+01      6.2532E+02      0.0000E+00      0.0000E+00      1.1098E+02      8.9021E+01   
   4.1730E+01      6.2684E+02      0.0000E+00      0.0000E+00      1.1284E+02      8.7164E+01   
   4.1916E+01      6.2833E+02      0.0000E+00      0.0000E+00      1.1468E+02      8.5322E+01   
   4.2098E+01      6.2978E+02      0.0000E+00      0.0000E+00      1.1650E+02      8.3497E+01   
   4.2277E+01      6.3121E+02      0.0000E+00      0.0000E+00      1.1831E+02      8.1688E+01   
   4.2452E+01      6.3262E+02      0.0000E+00      0.0000E+00      1.2011E+02      7.9894E+01   
   4.2624E+01      6.3399E+02      0.0000E+00      0.0000E+00      1.2189E+02      7.8114E+01   
   4.2793E+01      6.3535E+02      0.0000E+00      0.0000E+00      1.2365E+02      7.6348E+01   
   4.2992E+01      6.3694E+02      0.0000E+00      0.0000E+00      1.2575E+02      7.4248E+01   
   4.3187E+01      6.3850E+02      0.0000E+00      0.0000E+00      1.2783E+02      7.2167E+01   
   4.3378E+01      6.4002E+02      0.0000E+00      0.0000E+00      1.2990E+02      7.0104E+01   
   4.3565E+01      6.4152E+02      0.0000E+00      0.0000E+00      1.3194E+02      6.8060E+01   
   4.3749E+01      6.4299E+02      0.0000E+00      0.0000E+00      1.3397E+02      6.6033E+01   
   4.3929E+01      6.4443E+02      0.0000E+00      0.0000E+00      1.3598E+02      6.4022E+01   
   4.4106E+01      6.4585E+02      0.0000E+00      0.0000E+00      1.3797E+02      6.2029E+01   
   4.4279E+01      6.4724E+02      0.0000E+00      0.0000E+00      1.3995E+02      6.0051E+01   
   4.4450E+01      6.4860E+02      0.0000E+00      0.0000E+00      1.4191E+02      5.8088E+01   
   4.4618E+01      6.4994E+02      0.0000E+00      0.0000E+00      1.4386E+02      5.6141E+01   
   4.4810E+01      6.5148E+02      0.0000E+00      0.0000E+00      1.4611E+02      5.3887E+01   
   4.4999E+01      6.5299E+02      0.0000E+00      0.0000E+00      1.4835E+02      5.1653E+01   
   4.5184E+01      6.5447E+02      0.0000E+00      0.0000E+00      1.5056E+02      4.9437E+01   
   4.5366E+01      6.5592E+02      0.0000E+00      0.0000E+00      1.5276E+02      4.7240E+01   
   4.5544E+01      6.5735E+02      0.0000E+00      0.0000E+00      1.5494E+02      4.5060E+01   
   4.5720E+01      6.5876E+02      0.0000E+00      0.0000E+00      1.5710E+02      4.2897E+01   
   4.5892E+01      6.6014E+02      0.0000E+00      0.0000E+00      1.5925E+02      4.0751E+01   
   4.6061E+01      6.6149E+02      0.0000E+00      0.0000E+00      1.6138E+02      3.8621E+01   
   4.6228E+01      6.6283E+02      0.0000E+00      0.0000E+00      1.6349E+02      3.6507E+01   
   4.6416E+01      6.6433E+02      0.0000E+00      0.0000E+00      1.6589E+02      3.4109E+01   
   4.6600E+01      6.6580E+02      0.0000E+00      0.0000E+00      1.6827E+02      3.1731E+01   
   4.6780E+01      6.6724E+02      0.0000E+00      0.0000E+00      1.7063E+02      2.9372E+01   
   4.6958E+01      6.6867E+02      0.0000E+00      0.0000E+00      1.7297E+02      2.7031E+01   
   4.7133E+01      6.7006E+02      0.0000E+00      0.0000E+00      1.7529E+02      2.4708E+01   
   4.7305E+01      6.7144E+02      0.0000E+00      0.0000E+00      1.7760E+02      2.2402E+01   
   4.7474E+01      6.7279E+02      0.0000E+00      0.0000E+00      1.7989E+02      2.0113E+01   
   4.7661E+01      6.7429E+02      0.0000E+00      0.0000E+00      1.8244E+02      1.7558E+01   
   4.7845E+01      6.7576E+02      0.0000E+00      0.0000E+00      1.8498E+02      1.5023E+01   
   4.8026E+01      6.7721E+02      0.0000E+00      0.0000E+00      1.8749E+02      1.2507E+01   
   4.8203E+01      6.7863E+02      0.0000E+00      0.0000E+00      1.8999E+02      1.0011E+01   
   4.8378E+01      6.8003E+02      0.0000E+00      0.0000E+00      1.9247E+02      7.5328E+00   
   4.8550E+01      6.8140E+02      0.0000E+00      0.0000E+00      1.9493E+02      5.0731E+00   
   4.8720E+01      6.8276E+02      0.0000E+00      0.0000E+00      1.9737E+02      2.6311E+00   
   4.8887E+01      6.8409E+02      0.0000E+00      0.0000E+00      1.9979E+02      2.0623E-01   
   4.9055E+01      6.8544E+02      0.0000E+00      0.0000E+00      2.0001E+02     -1.3076E-02   
   4.9223E+01      6.8678E+02      0.0000E+00      0.0000E+00      2.0001E+02     -1.3076E-02   
   4.9391E+01      6.8813E+02      0.0000E+00      0.0000E+00      2.0001E+02     -1.3076E-02   
   4.9559E+01      6.8948E+02      0.0000E+00      0.0000E+00      2.0001E+02     -1.3076E-02   
   4.9728E+01      6.9082E+02      0.0000E+00      0.0000E+00      2.0001E+02     -1.3076E-02   
   4.9896E+01      6.9217E+02      0.0000E+00      0.0000E+00      2.0001E+02     -1.3076E-02   
   5.0064E+01      6.9351E+02      0.0000E+00      0.0000E+00      2.0001E+02     -1.3076E-02   
   5.0232E+01      6.9486E+02      0.0000E+00      0.0000E+00      2.0001E+02     -1.3076E-02   
   5.0401E+01      6.9620E+02      0.0000E+00      0.0000E+00      2.0001E+02     -1.3076E-02   
   5.0569E+01      6.9755E+02      0.0000E+00      0.0000E+00      2.0001E+02     -1.3076E-02   
   5.0737E+01      6.9890E+02      0.0000E+00      0.0000E+00      2.0001E+02     -1.3076E-02   
   5.0905E+01      7.0024E+02      0.0000E+00      0.0000E+00      2.0001E+02     -1.3076E-02   
   5.1074E+01      7.0159E+02      0.0000E+00      0.0000E+00      2.0001E+02     -1.3076E-02   
   5.1242E+01      7.0293E+02      0.0000E+00      0.0000E+00      2.0001E+02     -1.3076E-02   
   5.1410E+01      7.0428E+02      0.0000E+00      0.0000E+00      2.0001E+02     -1.3076E-02   
   5.1578E+01      7.0563E+02      0.0000E+00      0.0000E+00      2.0001E+02     -1.3076E-02   
   5.1747E+01      7.0697E+02      0.0000E+00      0.0000E+00      2.0001E+02     -1.3076E-02   
   5.1915E+01      7.0832E+02      0.0000E+00      0.0000E+00      2.0001E+02     -1.3076E-02   
   5.2083E+01      7.0966E+02      0.0000E+00      0.0000E+00      2.0001E+02     -1.3076E-02   
   5.2251E+01      7.1101E+02      0.0000E+00      0.0000E+00      2.0001E+02     -1.3076E-02   
   5.2420E+01      7.1236E+02      0.0000E+00      0.0000E+00      2.0001E+02     -1.3076E-02   
   5.2588E+01      7.1370E+02      0.0000E+00      0.0000E+00      2.0001E+02     -1.3076E-02   
   5.2756E+01      7.1505E+02      0.0000E+00      0.0000E+00      2.0001E+02     -1.3076E-02   
   5.2924E+01      7.1639E+02      0.0000E+00      0.0000E+00      2.0001E+02     -1.3076E-02   
   5.3093E+01      7.1774E+02      0.0000E+00      0.0000E+00      2.0001E+02     -1.3076E-02   
   5.3261E+01      7.1909E+02      0.0000E+00      0.0000E+00      2.0001E+02     -1.3076E-02   
   5.3429E+01      7.2043E+02      0.0000E+00      0.0000E+00      2.0001E+02     -1.3076E-02   
   5.3597E+01      7.2178E+02      0.0000E+00      0.0000E+00      2.0001E+02     -1.3076E-02   
   5.3766E+01      7.2300E+02      0.0000E+00      0.0000E+00      2.0001E+02     -1.3076E-02   
   5.3934E+01      7.2300E+02      0.0000E+00      0.0000E+00      2.0001E+02     -1.3076E-02   
   5.4102E+01      7.2300E+02      0.0000E+00      0.0000E+00      2.0001E+02     -1.3076E-02   
   5.4270E+01      7.2300E+02      0.0000E+00      0.0000E+00      2.0001E+02     -1.3076E-02   
   5.4439E+01      7.2300E+02      0.0000E+00      0.0000E+00      2.0001E+02     -1.3076E-02   
   5.4607E+01      7.2300E+02      0.0000E+00      0.0000E+00      2.0001E+02     -1.3076E-02   
   5.4775E+01      7.2300E+02      0.0000E+00      0.0000E+00      2.0001E+02     -1.3076E-02   
   5.4943E+01      7.2300E+02      0.0000E+00      0.0000E+00      2.0001E+02     -1.3076E-02   
   5.5112E+01      7.2300E+02      0.0000E+00      0.0000E+00      2.0001E+02     -1.3076E-02   
   5.5280E+01      7.2300E+02      0.0000E+00      0.0000E+00      2.0001E+02     -1.3076E-02   
   5.5448E+01      7.2300E+02      0.0000E+00      0.0000E+00      2.0001E+02     -1.3076E-02   
   5.5617E+01      7.2300E+02      0.0000E+00      0.0000E+00      2.0001E+02     -1.3076E-02   
   5.5785E+01      7.2300E+02      0.0000E+00      0.0000E+00      2.0001E+02     -1.3076E-02   
   5.5953E+01      7.2300E+02      0.0000E+00      0.0000E+00      2.0001E+02     -1.3076E-02   
   5.6121E+01      7.2300E+02      0.0000E+00      0.0000E+00      2.0001E+02     -1.3076E-02   
   5.6290E+01      7.2300E+02      0.0000E+00      0.0000E+00      2.0001E+02     -1.3076E-02   
   5.6458E+01      7.2300E+02      0.0000E+00      0.0000E+00      2.0001E+02     -1.3076E-02   
   5.6626E+01      7.2300E+02      0.0000E+00      0.0000E+00      2.0001E+02     -1.3076E-02   
   5.6794E+01      7.2300E+02      0.0000E+00      0.0000E+00      2.0001E+02     -1.3076E-02   
   5.6963E+01      7.2300E+02      0.0000E+00      0.0000E+00      2.0001E+02     -1.3076E-02   
   5.7131E+01      7.2300E+02      0.0000E+00      0.0000E+00      2.0001E+02     -1.3076E-02   
   5.7299E+01      7.2300E+02      0.0000E+00      0.0000E+00      2.0001E+02     -1.3076E-02   
   5.7467E+01      7.2300E+02      0.0000E+00      0.0000E+00      2.0001E+02     -1.3076E-02   
   5.7636E+01      7.2300E+02      0.0000E+00      0.0000E+00      2.0001E+02     -1.3076E-02   
   5.7804E+01      7.2300E+02      0.0000E+00      0.0000E+00      2.0001E+02     -1.3076E-02   
   5.7972E+01      7.2300E+02      0.0000E+00      0.0000E+00      2.0001E+02     -1.3076E-02   
   5.8141E+01      7.2300E+02      0.0000E+00      0.0000E+00      2.0001E+02     -1.3076E-02   
   5.8309E+01      7.2300E+02      0.0000E+00      0.0000E+00      2.0001E+02     -1.3076E-02   
   5.8477E+01      7.2300E+02      0.0000E+00      0.0000E+00      2.0001E+02     -1.3076E-02   
   5.8645E+01      7.2300E+02      0.0000E+00      0.0000E+00      2.0001E+02     -1.3076E-02   
   5.8814E+01      7.2300E+02      0.0000E+00      0.0000E+00      2.0001E+02     -1.3076E-02   
   5.8982E+01      7.2300E+02      0.0000E+00      0.0000E+00      2.0001E+02     -1.3076E-02   
   5.9150E+01      7.2300E+02      0.0000E+00      0.0000E+00      2.0001E+02     -1.3076E-02   
   5.9318E+01      7.2300E+02      0.0000E+00      0.0000E+00      2.0001E+02     -1.3076E-02   
   5.9487E+01      7.2300E+02      0.0000E+00      0.0000E+00      2.0001E+02     -1.3076E-02   
   5.9655E+01      7.2300E+02      0.0000E+00      0.0000E+00      2.0001E+02     -1.3076E-02   
   5.9823E+01      7.2300E+02      0.0000E+00      0.0000E+00      2.0001E+02     -1.3076E-02   
   5.9991E+01      7.2300E+02      0.0000E+00      0.0000E+00      2.0001E+02     -1.3076E-02   
   6.0160E+01      7.2300E+02      0.0000E+00      0.0000E+00      2.0001E+02     -1.3076E-02   
   6.0328E+01      7.2300E+02      0.0000E+00      0.0000E+00      2.0001E+02     -1.3076E-02   
   6.0496E+01      7.2300E+02      0.0000E+00      0.0000E+00      2.0001E+02     -1.3076E-02   
   6.0664E+01      7.2300E+02      0.0000E+00      0.0000E+00      2.0001E+02     -1.3076E-02   
   6.0833E+01      7.2300E+02      0.0000E+00      0.0000E+00      2.0001E+02     -1.3076E-02   
   6.1001E+01      7.2300E+02      0.0000E+00      0.0000E+00      2.0001E+02     -1.3076E-02   
   6.1169E+01      7.2300E+02      0.0000E+00      0.0000E+00      2.0001E+02     -1.3076E-02   
   6.1338E+01      7.2300E+02      0.0000E+00      0.0000E+00      2.0001E+02     -1.3076E-02   
   6.1506E+01      7.2300E+02      0.0000E+00      0.0000E+00      2.0001E+02     -1.3076E-02   
   6.1674E+01      7.2300E+02      0.0000E+00      0.0000E+00      2.0001E+02     -1.3076E-02   
   6.1842E+01      7.2300E+02      0.0000E+00      0.0000E+00      2.0001E+02     -1.3076E-02   
   6.2011E+01      7.2300E+02      0.0000E+00      0.0000E+00      2.0001E+02     -1.3076E-02   
   6.2179E+01      7.2300E+02      0.0000E+00      0.0000E+00      2.0001E+02     -1.3076E-02   
   6.2347E+01      7.2300E+02      0.0000E+00      0.0000E+00      2.0001E+02     -1.3076E-02   
   6.2515E+01      7.2300E+02      0.0000E+00      0.0000E+00      2.0001E+02     -1.3076E-02   
   6.2684E+01      7.2300E+02      0.0000E+00      0.0000E+00      2.0001E+02     -1.3076E-02   
   6.2852E+01      7.2300E+02      0.0000E+00      0.0000E+00      2.0001E+02     -1.3076E-02   
   6.3020E+01      7.2300E+02      0.0000E+00      0.0000E+00      2.0001E+02     -1.3076E-02   
   6.3188E+01      7.2300E+02      0.0000E+00      0.0000E+00      2.0001E+02     -1.3076E-02   
   6.3357E+01      7.2300E+02      0.0000E+00      0.0000E+00      2.0001E+02     -1.3076E-02   
   6.3525E+01      7.2300E+02      0.0000E+00      0.0000E+00      2.0001E+02     -1.3076E-02   
   6.3693E+01      7.2300E+02      0.0000E+00      0.0000E+00      2.0001E+02     -1.3076E-02   
   6.3862E+01      7.2211E+02      0.0000E+00      0.0000E+00      2.0001E+02     -1.3076E-02   
   6.4030E+01      7.2076E+02      0.0000E+00      0.0000E+00      2.0001E+02     -1.3076E-02   
   6.4198E+01      7.1942E+02      0.0000E+00      0.0000E+00      2.0001E+02     -1.3076E-02   
   6.4366E+01      7.1807E+02      0.0000E+00      0.0000E+00      2.0001E+02     -1.3076E-02   
   6.4535E+01      7.1672E+02      0.0000E+00      0.0000E+00      2.0001E+02     -1.3076E-02   
   6.4703E+01      7.1538E+02      0.0000E+00      0.0000E+00      2.0001E+02     -1.3076E-02   
   6.4871E+01      7.1403E+02      0.0000E+00      0.0000E+00      2.0001E+02     -1.3076E-02   
   6.5039E+01      7.1269E+02      0.0000E+00      0.0000E+00      2.0001E+02     -1.3076E-02   
   6.5208E+01      7.1134E+02      0.0000E+00      0.0000E+00      2.0001E+02     -1.3076E-02   
   6.5376E+01      7.0999E+02      0.0000E+00      0.0000E+00      2.0001E+02     -1.3076E-02   
   6.5544E+01      7.0865E+02      0.0000E+00      0.0000E+00      2.0001E+02     -1.3076E-02   
   6.5712E+01      7.0730E+02      0.0000E+00      0.0000E+00      2.0001E+02     -1.3076E-02   
   6.5881E+01      7.0596E+02      0.0000E+00      0.0000E+00      2.0001E+02     -1.3076E-02   
   6.6049E+01      7.0461E+02      0.0000E+00      0.0000E+00      2.0001E+02     -1.3076E-02   
   6.6217E+01      7.0326E+02      0.0000E+00      0.0000E+00      2.0001E+02     -1.3076E-02   
   6.6385E+01      7.0192E+02      0.0000E+00      0.0000E+00      2.0001E+02     -1.3076E-02   
   6.6554E+01      7.0057E+02      0.0000E+00      0.0000E+00      2.0001E+02     -1.3076E-02   
   6.6722E+01      6.9923E+02      0.0000E+00      0.0000E+00      2.0001E+02     -1.3076E-02   
   6.6890E+01      6.9788E+02      0.0000E+00      0.0000E+00      2.0001E+02     -1.3076E-02   
   6.7058E+01      6.9653E+02      0.0000E+00      0.0000E+00      2.0001E+02     -1.3076E-02   
   6.7227E+01      6.9519E+02      0.0000E+00      0.0000E+00      2.0001E+02     -1.3076E-02   
   6.7395E+01      6.9384E+02      0.0000E+00      0.0000E+00      2.0001E+02     -1.3076E-02   
   6.7563E+01      6.9250E+02      0.0000E+00      0.0000E+00      2.0001E+02     -1.3076E-02   
   6.7731E+01      6.9115E+02      0.0000E+00      0.0000E+00      2.0001E+02     -1.3076E-02   
   6.7899E+01      6.8980E+02      0.0000E+00      0.0000E+00      2.0001E+02     -1.3076E-02   
   6.8068E+01      6.8846E+02      0.0000E+00      0.0000E+00      2.0001E+02     -1.3076E-02   
   6.8236E+01      6.8711E+02      0.0000E+00      0.0000E+00      2.0001E+02     -1.3076E-02   
   6.8404E+01      6.8577E+02      0.0000E+00      0.0000E+00      2.0001E+02     -1.3076E-02   
   6.8572E+01      6.8442E+02      0.0000E+00      0.0000E+00      2.0001E+02     -1.3076E-02   
   6.8750E+01      6.8300E+02      0.0000E+00      0.0000E+00      2.0001E+02     -1.3076E-02   
   6.8919E+01      6.8165E+02      0.0000E+00      0.0000E+00      2.0001E+02     -1.3076E-02   
   6.9090E+01      6.8028E+02      0.0000E+00      0.0000E+00      2.0001E+02     -1.3076E-02   
   6.9264E+01      6.7889E+02      0.0000E+00      0.0000E+00      2.0001E+02     -1.3076E-02   
   6.9441E+01      6.7747E+02      0.0000E+00      0.0000E+00      2.0001E+02     -1.3076E-02   
   6.9621E+01      6.7603E+02      0.0000E+00      0.0000E+00      2.0001E+02     -1.3076E-02   
   6.9804E+01      6.7457E+02      0.0000E+00      0.0000E+00      2.0001E+02     -1.3076E-02   
   6.9990E+01      6.7308E+02      0.0000E+00      0.0000E+00      2.0001E+02     -1.3076E-02   
   7.0158E+01      6.7174E+02      0.0000E+00      0.0000E+00      2.0001E+02     -1.3076E-02   
   7.0329E+01      6.7037E+02      0.0000E+00      0.0000E+00      2.0001E+02     -1.3076E-02   
   7.0503E+01      6.6898E+02      0.0000E+00      0.0000E+00      2.0001E+02     -1.3076E-02   
   7.0679E+01      6.6757E+02      0.0000E+00      0.0000E+00      2.0001E+02     -1.3076E-02   
   7.0859E+01      6.6613E+02      0.0000E+00      0.0000E+00      2.0001E+02     -1.3076E-02   
   7.1042E+01      6.6467E+02      0.0000E+00      0.0000E+00      2.0001E+02     -1.3076E-02   
   7.1228E+01      6.6318E+02      0.0000E+00      0.0000E+00      2.0001E+02     -1.3076E-02   
   7.1417E+01      6.6166E+02      0.0000E+00      0.0000E+00      2.0001E+02     -1.3076E-02   
   7.1586E+01      6.6031E+02      0.0000E+00      0.0000E+00      2.0001E+02     -1.3076E-02   
   7.1758E+01      6.5894E+02      0.0000E+00      0.0000E+00      2.0001E+02     -1.3076E-02   
   7.1932E+01      6.5754E+02      0.0000E+00      0.0000E+00      2.0001E+02     -1.3076E-02   
   7.2110E+01      6.5612E+02      0.0000E+00      0.0000E+00      2.0001E+02     -1.3076E-02   
   7.2291E+01      6.5467E+02      0.0000E+00      0.0000E+00      2.0001E+02     -1.3076E-02   
   7.2475E+01      6.5320E+02      0.0000E+00      0.0000E+00      2.0001E+02     -1.3076E-02   
   7.2663E+01      6.5170E+02      0.0000E+00      0.0000E+00      2.0001E+02     -1.3076E-02   
   7.2854E+01      6.5017E+02      0.0000E+00      0.0000E+00      2.0001E+02     -1.3076E-02   
   7.3021E+01      6.4883E+02      0.0000E+00      0.0000E+00      2.0001E+02     -1.3076E-02   
   7.3190E+01      6.4748E+02      0.0000E+00      0.0000E+00      2.0001E+02     -1.3076E-02   
   7.3363E+01      6.4610E+02      0.0000E+00      0.0000E+00      2.0001E+02     -1.3076E-02   
   7.3539E+01      6.4469E+02      0.0000E+00      0.0000E+00      2.0001E+02     -1.3076E-02   
   7.3718E+01      6.4326E+02      0.0000E+00      0.0000E+00      2.0001E+02     -1.3076E-02   
   7.3900E+01      6.4180E+02      0.0000E+00      0.0000E+00      2.0001E+02     -1.3076E-02   
   7.4086E+01      6.4031E+02      0.0000E+00      0.0000E+00      2.0001E+02     -1.3076E-02   
   7.4276E+01      6.3879E+02      0.0000E+00      0.0000E+00      2.0001E+02     -1.3076E-02   
   7.4469E+01      6.3725E+02      0.0000E+00      0.0000E+00      2.0001E+02     -1.3076E-02   
   7.4667E+01      6.3567E+02      0.0000E+00      0.0000E+00      2.0001E+02     -1.3076E-02   
   7.4834E+01      6.3433E+02      0.0000E+00      0.0000E+00      2.0001E+02     -1.3076E-02   
   7.5005E+01      6.3296E+02      0.0000E+00      0.0000E+00      2.0001E+02     -1.3076E-02   
   7.5179E+01      6.3157E+02      0.0000E+00      0.0000E+00      2.0001E+02     -1.3076E-02   
   7.5356E+01      6.3015E+02      0.0000E+00      0.0000E+00      2.0001E+02     -1.3076E-02   
   7.5537E+01      6.2871E+02      0.0000E+00      0.0000E+00      2.0001E+02     -1.3076E-02   
   7.5721E+01      6.2723E+02      0.0000E+00      0.0000E+00      2.0001E+02     -1.3076E-02   
   7.5909E+01      6.2573E+02      0.0000E+00      0.0000E+00      2.0001E+02     -1.3076E-02   
   7.6101E+01      6.2419E+02      0.0000E+00      0.0000E+00      2.0001E+02     -1.3076E-02   
   7.6297E+01      6.2263E+02      0.0000E+00      0.0000E+00      2.0001E+02     -1.3076E-02   
   7.6497E+01      6.2102E+02      0.0000E+00      0.0000E+00      2.0001E+02     -1.3076E-02   
   7.6702E+01      6.1939E+02      0.0000E+00      0.0000E+00      2.0001E+02     -1.3076E-02   
   7.6869E+01      6.1805E+02      0.0000E+00      0.0000E+00      2.0001E+02     -1.3076E-02   
   7.7039E+01      6.1668E+02      0.0000E+00      0.0000E+00      2.0001E+02     -1.3076E-02   
   7.7213E+01      6.1529E+02      0.0000E+00      0.0000E+00      2.0001E+02     -1.3076E-02   
   7.7390E+01      6.1388E+02      0.0000E+00      0.0000E+00      2.0001E+02     -1.3076E-02   
   7.7571E+01      6.1243E+02      0.0000E+00      0.0000E+00      2.0001E+02     -1.3076E-02   
   7.7756E+01      6.1095E+02      0.0000E+00      0.0000E+00      2.0001E+02     -1.3076E-02   
   7.7945E+01      6.0944E+02      0.0000E+00      0.0000E+00      2.0001E+02     -1.3076E-02   
   7.8137E+01      6.0790E+02      0.0000E+00      0.0000E+00      2.0001E+02     -1.3076E-02   
   7.8335E+01      6.0632E+02      0.0000E+00      0.0000E+00      2.0001E+02     -1.3076E-02   
   7.8536E+01      6.0471E+02      0.0000E+00      0.0000E+00      2.0001E+02     -1.3076E-02   
   7.8743E+01      6.0306E+02      0.0000E+00      0.0000E+00      2.0001E+02     -1.3076E-02   
   7.8955E+01      6.0136E+02      1.3195E-02      9.8681E-01      1.9977E+02      2.3111E-01   
   7.9172E+01      5.9963E+02      1.9940E-02      9.8006E-01      1.9896E+02      1.0375E+00   
   7.9395E+01      5.9784E+02      2.4187E-02      9.7581E-01      1.9764E+02      2.3604E+00   
   7.9566E+01      5.9647E+02      2.6973E-02      9.7303E-01      1.9634E+02      3.6630E+00   
   7.9740E+01      5.9508E+02      2.9617E-02      9.7038E-01      1.9479E+02      5.2094E+00   
   7.9919E+01      5.9365E+02      3.2192E-02      9.6781E-01      1.9302E+02      6.9794E+00   
   8.0101E+01      5.9219E+02      3.4733E-02      9.6527E-01      1.9105E+02      8.9533E+00   
   8.0288E+01      5.9070E+02      3.7258E-02      9.6274E-01      1.8889E+02      1.1112E+01   
   8.0479E+01      5.8917E+02      3.9772E-02      9.6023E-01      1.8656E+02      1.3437E+01   
   8.0674E+01      5.8761E+02      4.2274E-02      9.5773E-01      1.8409E+02      1.5911E+01   
   8.0874E+01      5.8601E+02      4.4755E-02      9.5524E-01      1.8148E+02      1.8518E+01   
   8.1079E+01      5.8436E+02      4.7203E-02      9.5280E-01      1.7876E+02      2.1242E+01   
   8.1290E+01      5.8268E+02      4.9596E-02      9.5040E-01      1.7593E+02      2.4071E+01   
   8.1506E+01      5.8095E+02      5.1912E-02      9.4809E-01      1.7301E+02      2.6992E+01   
   8.1729E+01      5.7917E+02      5.4120E-02      9.4588E-01      1.7000E+02      2.9995E+01   
   8.1958E+01      5.7734E+02      5.6186E-02      9.4381E-01      1.6693E+02      3.3072E+01   
   8.2193E+01      5.7545E+02      5.8073E-02      9.4193E-01      1.6378E+02      3.6217E+01   
   8.2437E+01      5.7351E+02      5.9740E-02      9.4026E-01      1.6058E+02      3.9424E+01   
   8.2687E+01      5.7150E+02      6.1146E-02      9.3885E-01      1.5731E+02      4.2690E+01   
   8.2859E+01      5.7012E+02      6.1918E-02      9.3808E-01      1.5510E+02      4.4900E+01   
   8.3035E+01      5.6872E+02      6.2545E-02      9.3746E-01      1.5286E+02      4.7137E+01   
   8.3215E+01      5.6728E+02      6.3014E-02      9.3699E-01      1.5060E+02      4.9399E+01   
   8.3400E+01      5.6580E+02      6.3318E-02      9.3668E-01      1.4831E+02      5.1689E+01   
   8.3589E+01      5.6429E+02      6.3446E-02      9.3655E-01      1.4599E+02      5.4007E+01   
   8.3783E+01      5.6274E+02      6.3392E-02      9.3661E-01      1.4365E+02      5.6354E+01   
   8.3982E+01      5.6114E+02      6.3150E-02      9.3685E-01      1.4127E+02      5.8732E+01   
   8.4187E+01      5.5951E+02      6.2716E-02      9.3728E-01      1.3886E+02      6.1143E+01   
   8.4397E+01      5.5782E+02      6.2087E-02      9.3791E-01      1.3641E+02      6.3588E+01   
   8.4614E+01      5.5609E+02      6.1263E-02      9.3874E-01      1.3393E+02      6.6070E+01   
   8.4837E+01      5.5431E+02      6.0245E-02      9.3975E-01      1.3141E+02      6.8591E+01   
   8.5067E+01      5.5246E+02      5.9036E-02      9.4096E-01      1.2885E+02      7.1154E+01   
   8.5305E+01      5.5056E+02      5.7639E-02      9.4236E-01      1.2624E+02      7.3762E+01   
   8.5551E+01      5.4859E+02      5.6061E-02      9.4394E-01      1.2358E+02      7.6419E+01   
   8.5806E+01      5.4655E+02      5.4308E-02      9.4569E-01      1.2087E+02      7.9127E+01   
   8.6070E+01      5.4444E+02      5.2388E-02      9.4761E-01      1.1811E+02      8.1891E+01   
   8.6345E+01      5.4224E+02      5.0312E-02      9.4969E-01      1.1530E+02      8.4696E+01   
   8.6621E+01      5.4003E+02      4.8173E-02      9.5183E-01      1.1264E+02      8.7356E+01   
   8.6883E+01      5.3794E+02      4.6102E-02      9.5390E-01      1.1016E+02      8.9844E+01   
   8.7132E+01      5.3594E+02      4.4115E-02      9.5589E-01      1.0782E+02      9.2178E+01   
   8.7370E+01      5.3404E+02      4.2218E-02      9.5778E-01      1.0563E+02      9.4372E+01   
   8.7598E+01      5.3222E+02      4.0416E-02      9.5958E-01      1.0356E+02      9.6441E+01   
   8.7816E+01      5.3047E+02      3.8706E-02      9.6129E-01      1.0160E+02      9.8396E+01   
   8.8025E+01      5.2880E+02      3.7089E-02      9.6291E-01      9.9753E+01      1.0025E+02   
   8.8225E+01      5.2720E+02      3.5559E-02      9.6444E-01      9.7997E+01      1.0200E+02   
   8.8418E+01      5.2565E+02      3.4113E-02      9.6589E-01      9.6329E+01      1.0367E+02   
   8.8604E+01      5.2417E+02      3.2748E-02      9.6725E-01      9.4741E+01      1.0526E+02   
   8.8783E+01      5.2273E+02      3.1458E-02      9.6854E-01      9.3227E+01      1.0677E+02   
   8.8956E+01      5.2135E+02      3.0239E-02      9.6976E-01      9.1782E+01      1.0822E+02   
   8.9123E+01      5.2001E+02      2.9086E-02      9.7091E-01      9.0400E+01      1.0960E+02   
   8.9364E+01      5.1809E+02      2.7475E-02      9.7253E-01      8.8437E+01      1.1156E+02   
   8.9593E+01      5.1626E+02      2.5991E-02      9.7401E-01      8.6594E+01      1.1341E+02   
   8.9812E+01      5.1451E+02      2.4623E-02      9.7538E-01      8.4858E+01      1.1514E+02   
   9.0021E+01      5.1283E+02      2.3360E-02      9.7664E-01      8.3221E+01      1.1678E+02   
   9.0221E+01      5.1123E+02      2.2191E-02      9.7781E-01      8.1672E+01      1.1833E+02   
   9.0414E+01      5.0969E+02      2.1109E-02      9.7889E-01      8.0205E+01      1.1980E+02   
   9.0599E+01      5.0821E+02      2.0106E-02      9.7989E-01      7.8812E+01      1.2119E+02   
   9.0776E+01      5.0679E+02      1.9173E-02      9.8083E-01      7.7487E+01      1.2251E+02   
   9.0948E+01      5.0542E+02      1.8304E-02      9.8170E-01      7.6225E+01      1.2377E+02   
   9.1167E+01      5.0366E+02      1.7237E-02      9.8276E-01      7.4633E+01      1.2537E+02   
   9.1376E+01      5.0199E+02      1.6263E-02      9.8374E-01      7.3134E+01      1.2687E+02   
   9.1576E+01      5.0039E+02      1.5371E-02      9.8463E-01      7.1720E+01      1.2828E+02   
   9.1768E+01      4.9886E+02      1.4552E-02      9.8545E-01      7.0382E+01      1.2962E+02   
   9.1952E+01      4.9738E+02      1.3799E-02      9.8620E-01      6.9115E+01      1.3088E+02   
   9.2129E+01      4.9597E+02      1.3104E-02      9.8690E-01      6.7912E+01      1.3209E+02   
   9.2299E+01      4.9461E+02      1.2462E-02      9.8754E-01      6.6769E+01      1.3323E+02   
   9.2503E+01      4.9298E+02      1.1726E-02      9.8827E-01      6.5415E+01      1.3458E+02   
   9.2698E+01      4.9142E+02      1.1055E-02      9.8894E-01      6.4139E+01      1.3586E+02   
   9.2885E+01      4.8992E+02      1.0443E-02      9.8956E-01      6.2932E+01      1.3707E+02   
   9.3064E+01      4.8849E+02      9.8811E-03      9.9012E-01      6.1790E+01      1.3821E+02   
   9.3236E+01      4.8711E+02      9.3651E-03      9.9063E-01      6.0706E+01      1.3929E+02   
   9.3434E+01      4.8552E+02      8.7995E-03      9.9120E-01      5.9476E+01      1.4052E+02   
   9.3624E+01      4.8401E+02      8.2853E-03      9.9171E-01      5.8315E+01      1.4168E+02   
   9.3805E+01      4.8256E+02      7.8165E-03      9.9218E-01      5.7219E+01      1.4278E+02   
   9.3979E+01      4.8116E+02      7.3878E-03      9.9261E-01      5.6180E+01      1.4382E+02   
   9.4147E+01      4.7983E+02      6.9947E-03      9.9301E-01      5.5195E+01      1.4481E+02   
   9.4334E+01      4.7833E+02      6.5759E-03      9.9342E-01      5.4106E+01      1.4589E+02   
   9.4513E+01      4.7690E+02      6.1949E-03      9.9381E-01      5.3078E+01      1.4692E+02   
   9.4685E+01      4.7552E+02      5.8473E-03      9.9415E-01      5.2105E+01      1.4789E+02   
   9.4873E+01      4.7402E+02      5.4860E-03      9.9451E-01      5.1054E+01      1.4895E+02   
   9.5053E+01      4.7258E+02      5.1584E-03      9.9484E-01      5.0063E+01      1.4994E+02   
   9.5225E+01      4.7120E+02      4.8603E-03      9.9514E-01      4.9126E+01      1.5087E+02   
   9.5411E+01      4.6971E+02      4.5560E-03      9.9544E-01      4.8130E+01      1.5187E+02   
   9.5589E+01      4.6829E+02      4.2804E-03      9.9572E-01      4.7191E+01      1.5281E+02   
   9.5759E+01      4.6693E+02      4.0300E-03      9.9597E-01      4.6304E+01      1.5370E+02   
   9.5940E+01      4.6548E+02      3.7776E-03      9.9622E-01      4.5373E+01      1.5463E+02   
   9.6113E+01      4.6409E+02      3.5491E-03      9.9645E-01      4.4494E+01      1.5551E+02   
   9.6295E+01      4.6264E+02      3.3217E-03      9.9668E-01      4.3583E+01      1.5642E+02   
   9.6470E+01      4.6124E+02      3.1163E-03      9.9688E-01      4.2723E+01      1.5728E+02   
   9.6637E+01      4.5991E+02      2.9300E-03      9.9707E-01      4.1912E+01      1.5809E+02   
   9.6811E+01      4.5851E+02      2.7460E-03      9.9725E-01      4.1076E+01      1.5892E+02   
   9.6978E+01      4.5718E+02      2.5793E-03      9.9742E-01      4.0287E+01      1.5971E+02   
   9.7151E+01      4.5579E+02      2.4160E-03      9.9758E-01      3.9480E+01      1.6052E+02   
   9.7329E+01      4.5437E+02      2.2574E-03      9.9774E-01      3.8661E+01      1.6134E+02   
   9.7499E+01      4.5301E+02      2.1145E-03      9.9789E-01      3.7891E+01      1.6211E+02   
   9.7673E+01      4.5161E+02      1.9765E-03      9.9802E-01      3.7112E+01      1.6289E+02   
   9.7851E+01      4.5019E+02      1.8442E-03      9.9816E-01      3.6332E+01      1.6367E+02   
   9.8020E+01      4.4884E+02      1.7252E-03      9.9827E-01      3.5597E+01      1.6440E+02   
   9.8192E+01      4.4746E+02      1.6114E-03      9.9839E-01      3.4862E+01      1.6514E+02   
   9.8366E+01      4.4607E+02      1.5032E-03      9.9850E-01      3.4130E+01      1.6587E+02   
   9.8542E+01      4.4467E+02      1.4008E-03      9.9860E-01      3.3404E+01      1.6660E+02   
   9.8709E+01      4.4333E+02      1.3089E-03      9.9869E-01      3.2721E+01      1.6728E+02   
   9.8877E+01      4.4198E+02      1.2272E-03      9.9877E-01      3.2043E+01      1.6796E+02   
   9.9052E+01      4.4058E+02      1.1417E-03      9.9886E-01      3.1352E+01      1.6865E+02   
   9.9227E+01      4.3918E+02      1.0615E-03      9.9894E-01      3.0670E+01      1.6933E+02   
   9.9402E+01      4.3778E+02      9.8637E-04      9.9901E-01      3.0000E+01      1.7000E+02   
   9.9577E+01      4.3638E+02      9.1606E-04      9.9908E-01      2.9340E+01      1.7066E+02   
   9.9752E+01      4.3498E+02      8.5027E-04      9.9915E-01      2.8690E+01      1.7131E+02   
   9.9927E+01      4.3358E+02      7.8875E-04      9.9921E-01      2.8051E+01      1.7195E+02   
   1.0010E+02      4.3218E+02      7.3127E-04      9.9927E-01      2.7422E+01      1.7258E+02   
   1.0028E+02      4.3078E+02      6.7758E-04      9.9932E-01      2.6803E+01      1.7320E+02   
   1.0045E+02      4.2938E+02      6.2746E-04      9.9937E-01      2.6194E+01      1.7381E+02   
   1.0063E+02      4.2798E+02      5.8071E-04      9.9942E-01      2.5595E+01      1.7440E+02   
   1.0080E+02      4.2658E+02      5.3712E-04      9.9946E-01      2.5006E+01      1.7499E+02   
   1.0098E+02      4.2518E+02      4.9651E-04      9.9950E-01      2.4427E+01      1.7557E+02   
   1.0115E+02      4.2378E+02      4.5869E-04      9.9954E-01      2.3858E+01      1.7614E+02   
   1.0133E+02      4.2238E+02      4.2350E-04      9.9958E-01      2.3298E+01      1.7670E+02   
   1.0150E+02      4.2098E+02      3.9077E-04      9.9961E-01      2.2747E+01      1.7725E+02   
   1.0168E+02      4.1958E+02      3.6034E-04      9.9964E-01      2.2207E+01      1.7779E+02   
   1.0185E+02      4.1818E+02      3.3208E-04      9.9967E-01      2.1675E+01      1.7832E+02   
   1.0203E+02      4.1678E+02      3.0584E-04      9.9969E-01      2.1153E+01      1.7885E+02   
   1.0220E+02      4.1538E+02      2.8150E-04      9.9972E-01      2.0640E+01      1.7936E+02   
   1.0238E+02      4.1398E+02      2.5893E-04      9.9974E-01      2.0136E+01      1.7986E+02   
   1.0255E+02      4.1258E+02      2.3802E-04      9.9976E-01      1.9641E+01      1.8036E+02   
   1.0273E+02      4.1118E+02      2.1865E-04      9.9978E-01      1.9155E+01      1.8084E+02   
   1.0290E+02      4.0978E+02      2.0073E-04      9.9980E-01      1.8678E+01      1.8132E+02   
   1.0308E+02      4.0838E+02      1.8416E-04      9.9982E-01      1.8210E+01      1.8179E+02   
   1.0325E+02      4.0698E+02      1.6884E-04      9.9983E-01      1.7750E+01      1.8225E+02   
   1.0343E+02      4.0558E+02      1.5470E-04      9.9985E-01      1.7299E+01      1.8270E+02   
   1.0360E+02      4.0418E+02      1.4164E-04      9.9986E-01      1.6856E+01      1.8314E+02   
   1.0378E+02      4.0278E+02      1.2960E-04      9.9987E-01      1.6422E+01      1.8358E+02   
   1.0395E+02      4.0138E+02      1.1850E-04      9.9988E-01      1.5996E+01      1.8400E+02   
   1.0413E+02      3.9998E+02      1.0827E-04      9.9989E-01      1.5578E+01      1.8442E+02   
   1.0430E+02      3.9858E+02      9.8863E-05      9.9990E-01      1.5168E+01      1.8483E+02   
   1.0448E+02      3.9718E+02      9.0206E-05      9.9991E-01      1.4766E+01      1.8523E+02   
   1.0465E+02      3.9578E+02      8.2248E-05      9.9992E-01      1.4372E+01      1.8563E+02   
   1.0483E+02      3.9438E+02      7.4939E-05      9.9993E-01      1.3986E+01      1.8601E+02   
   1.0500E+02      3.9298E+02      6.8230E-05      9.9993E-01      1.3608E+01      1.8639E+02   
   1.0518E+02      3.9158E+02      6.2076E-05      9.9994E-01      1.3237E+01      1.8676E+02   
   1.0535E+02      3.9018E+02      5.6436E-05      9.9994E-01      1.2874E+01      1.8713E+02   
   1.0553E+02      3.8878E+02      5.1270E-05      9.9995E-01      1.2518E+01      1.8748E+02   
   1.0570E+02      3.8738E+02      4.6541E-05      9.9995E-01      1.2170E+01      1.8783E+02   
   1.0588E+02      3.8598E+02      4.2217E-05      9.9996E-01      1.1829E+01      1.8817E+02   
   1.0605E+02      3.8458E+02      3.8265E-05      9.9996E-01      1.1495E+01      1.8850E+02   
   1.0623E+02      3.8318E+02      3.4656E-05      9.9997E-01      1.1168E+01      1.8883E+02   
   1.0640E+02      3.8178E+02      3.1364E-05      9.9997E-01      1.0848E+01      1.8915E+02   
   1.0658E+02      3.8038E+02      2.8361E-05      9.9997E-01      1.0536E+01      1.8946E+02   
   1.0675E+02      3.7898E+02      2.5626E-05      9.9997E-01      1.0230E+01      1.8977E+02   
   1.0693E+02      3.7758E+02      2.3135E-05      9.9998E-01      9.9302E+00      1.9007E+02   
   1.0710E+02      3.7618E+02      2.0870E-05      9.9998E-01      9.6374E+00      1.9036E+02   
   1.0728E+02      3.7478E+02      1.8811E-05      9.9998E-01      9.3513E+00      1.9065E+02   
   1.0745E+02      3.7338E+02      1.6941E-05      9.9998E-01      9.0715E+00      1.9093E+02   
   1.0763E+02      3.7198E+02      1.5244E-05      9.9998E-01      8.7981E+00      1.9120E+02   
   1.0780E+02      3.7058E+02      1.3706E-05      9.9999E-01      8.5310E+00      1.9147E+02   
   1.0798E+02      3.6918E+02      1.2312E-05      9.9999E-01      8.2701E+00      1.9173E+02   
   1.0815E+02      3.6778E+02      1.1050E-05      9.9999E-01      8.0152E+00      1.9198E+02   
   1.0833E+02      3.6638E+02      9.9095E-06      9.9999E-01      7.7664E+00      1.9223E+02   
   1.0850E+02      3.6498E+02      8.8785E-06      9.9999E-01      7.5234E+00      1.9248E+02   
   1.0868E+02      3.6358E+02      7.9476E-06      9.9999E-01      7.2863E+00      1.9271E+02   
   1.0885E+02      3.6218E+02      7.1079E-06      9.9999E-01      7.0549E+00      1.9295E+02   
   1.0903E+02      3.6078E+02      6.3512E-06      9.9999E-01      6.8291E+00      1.9317E+02   
   1.0920E+02      3.5938E+02      5.6697E-06      9.9999E-01      6.6089E+00      1.9339E+02   
   1.0938E+02      3.5798E+02      5.0567E-06      9.9999E-01      6.3941E+00      1.9361E+02   
   1.0955E+02      3.5658E+02      4.5057E-06      1.0000E+00      6.1848E+00      1.9382E+02   
   1.0973E+02      3.5518E+02      4.0109E-06      1.0000E+00      5.9807E+00      1.9402E+02   
   1.0990E+02      3.5378E+02      3.5670E-06      1.0000E+00      5.7818E+00      1.9422E+02   
   1.1008E+02      3.5238E+02      3.1691E-06      1.0000E+00      5.5880E+00      1.9441E+02   
   1.1025E+02      3.5098E+02      2.8129E-06      1.0000E+00      5.3992E+00      1.9460E+02   
   1.1043E+02      3.4958E+02      2.4942E-06      1.0000E+00      5.2154E+00      1.9478E+02   
   1.1060E+02      3.4818E+02      2.2094E-06      1.0000E+00      5.0364E+00      1.9496E+02   
   1.1078E+02      3.4678E+02      1.9551E-06      1.0000E+00      4.8623E+00      1.9514E+02   
   1.1095E+02      3.4538E+02      1.7283E-06      1.0000E+00      4.6928E+00      1.9531E+02   
   1.1113E+02      3.4398E+02      1.5262E-06      1.0000E+00      4.5278E+00      1.9547E+02   
   1.1130E+02      3.4258E+02      1.3463E-06      1.0000E+00      4.3675E+00      1.9563E+02   
   1.1148E+02      3.4118E+02      1.1864E-06      1.0000E+00      4.2115E+00      1.9579E+02   
   1.1165E+02      3.3978E+02      1.0443E-06      1.0000E+00      4.0599E+00      1.9594E+02   
   1.1183E+02      3.3838E+02      9.1825E-07      1.0000E+00      3.9126E+00      1.9609E+02   
   1.1200E+02      3.3698E+02      8.0651E-07      1.0000E+00      3.7694E+00      1.9623E+02   
   1.1218E+02      3.3558E+02      7.0757E-07      1.0000E+00      3.6304E+00      1.9637E+02   
   1.1235E+02      3.3418E+02      6.2007E-07      1.0000E+00      3.4954E+00      1.9650E+02   
   1.1253E+02      3.3278E+02      5.4277E-07      1.0000E+00      3.3644E+00      1.9664E+02   
   1.1270E+02      3.3138E+02      4.7455E-07      1.0000E+00      3.2372E+00      1.9676E+02   
   1.1288E+02      3.2998E+02      4.1442E-07      1.0000E+00      3.1138E+00      1.9689E+02   
   1.1305E+02      3.2858E+02      3.6148E-07      1.0000E+00      2.9941E+00      1.9701E+02   
   1.1323E+02      3.2718E+02      3.1492E-07      1.0000E+00      2.8780E+00      1.9712E+02   
   1.1340E+02      3.2578E+02      2.7403E-07      1.0000E+00      2.7655E+00      1.9723E+02   
   1.1358E+02      3.2438E+02      2.3815E-07      1.0000E+00      2.6565E+00      1.9734E+02   
   1.1375E+02      3.2298E+02      2.0671E-07      1.0000E+00      2.5509E+00      1.9745E+02   
   1.1393E+02      3.2158E+02      1.7920E-07      1.0000E+00      2.4487E+00      1.9755E+02   
   1.1410E+02      3.2018E+02      1.5514E-07      1.0000E+00      2.3497E+00      1.9765E+02   
   1.1428E+02      3.1878E+02      1.3415E-07      1.0000E+00      2.2538E+00      1.9775E+02   
   1.1445E+02      3.1738E+02      1.1584E-07      1.0000E+00      2.1611E+00      1.9784E+02   
   1.1463E+02      3.1598E+02      9.9894E-08      1.0000E+00      2.0715E+00      1.9793E+02   
   1.1480E+02      3.1458E+02      8.6030E-08      1.0000E+00      1.9848E+00      1.9802E+02   
   1.1498E+02      3.1318E+02      7.3989E-08      1.0000E+00      1.9010E+00      1.9810E+02   
   1.1515E+02      3.1178E+02      6.3545E-08      1.0000E+00      1.8200E+00      1.9818E+02   
   1.1533E+02      3.1038E+02      5.4499E-08      1.0000E+00      1.7418E+00      1.9826E+02   
   1.1550E+02      3.0898E+02      4.6674E-08      1.0000E+00      1.6663E+00      1.9833E+02   
   1.1568E+02      3.0758E+02      3.9915E-08      1.0000E+00      1.5934E+00      1.9841E+02   
   1.1585E+02      3.0618E+02      3.4086E-08      1.0000E+00      1.5231E+00      1.9848E+02   
   1.1603E+02      3.0478E+02      2.9064E-08      1.0000E+00      1.4553E+00      1.9854E+02   
   1.1620E+02      3.0338E+02      2.4746E-08      1.0000E+00      1.3900E+00      1.9861E+02   
   1.1638E+02      3.0198E+02      2.1037E-08      1.0000E+00      1.3269E+00      1.9867E+02   
   1.1655E+02      3.0058E+02      1.7856E-08      1.0000E+00      1.2663E+00      1.9873E+02   
   1.1673E+02      2.9918E+02      1.5133E-08      1.0000E+00      1.2078E+00      1.9879E+02   
   1.1690E+02      2.9778E+02      1.2805E-08      1.0000E+00      1.1515E+00      1.9885E+02   
   1.1708E+02      2.9638E+02      1.0817E-08      1.0000E+00      1.0974E+00      1.9890E+02   
   1.1725E+02      2.9498E+02      9.1236E-09      1.0000E+00      1.0453E+00      1.9895E+02   
   1.1743E+02      2.9358E+02      7.6824E-09      1.0000E+00      9.9529E-01      1.9900E+02   
