Results for node = 1
    time [m]    temperature [K]    growth [/]    nucleation [/]   Css [wt.ppm]    Cp [wt.ppm]   
   0.0000E+00      2.9300E+02      0.0000E+00      0.0000E+00      4.8676E-02      1.9995E+02   
   1.5000E-01      2.9600E+02      0.0000E+00      0.0000E+00      4.8677E-02      1.9995E+02   
   3.2500E-01      2.9950E+02      0.0000E+00      0.0000E+00      4.8679E-02      1.9995E+02   
   5.0000E-01      3.0300E+02      0.0000E+00      0.0000E+00      4.8685E-02      1.9995E+02   
   6.7500E-01      3.0650E+02      0.0000E+00      0.0000E+00      4.8696E-02      1.9995E+02   
   8.5000E-01      3.1000E+02      0.0000E+00      0.0000E+00      4.8714E-02      1.9995E+02   
   1.0250E+00      3.1350E+02      0.0000E+00      0.0000E+00      4.8744E-02      1.9995E+02   
   1.2000E+00      3.1700E+02      0.0000E+00      0.0000E+00      4.8789E-02      1.9995E+02   
   1.3750E+00      3.2050E+02      0.0000E+00      0.0000E+00      4.8858E-02      1.9995E+02   
   1.5500E+00      3.2400E+02      0.0000E+00      0.0000E+00      4.8959E-02      1.9995E+02   
   1.7250E+00      3.2750E+02      0.0000E+00      0.0000E+00      4.9105E-02      1.9995E+02   
   1.9000E+00      3.3100E+02      0.0000E+00      0.0000E+00      4.9311E-02      1.9995E+02   
   2.0750E+00      3.3450E+02      0.0000E+00      0.0000E+00      4.9601E-02      1.9995E+02   
   2.2500E+00      3.3800E+02      0.0000E+00      0.0000E+00      5.0002E-02      1.9995E+02   
   2.4250E+00      3.4150E+02      0.0000E+00      0.0000E+00      5.0551E-02      1.9995E+02   
   2.6000E+00      3.4500E+02      0.0000E+00      0.0000E+00      5.1297E-02      1.9995E+02   
   2.7750E+00      3.4850E+02      0.0000E+00      0.0000E+00      5.2299E-02      1.9995E+02   
   2.9500E+00      3.5200E+02      0.0000E+00      0.0000E+00      5.3637E-02      1.9995E+02   
   3.1250E+00      3.5550E+02      0.0000E+00      0.0000E+00      5.5408E-02      1.9994E+02   
   3.3000E+00      3.5900E+02      0.0000E+00      0.0000E+00      5.7737E-02      1.9994E+02   
   3.4750E+00      3.6250E+02      0.0000E+00      0.0000E+00      6.0777E-02      1.9994E+02   
   3.6500E+00      3.6600E+02      0.0000E+00      0.0000E+00      6.4721E-02      1.9994E+02   
   3.8250E+00      3.6950E+02      0.0000E+00      0.0000E+00      6.9806E-02      1.9993E+02   
   4.0000E+00      3.7300E+02      0.0000E+00      0.0000E+00      7.6322E-02      1.9992E+02   
   4.1750E+00      3.7650E+02      0.0000E+00      0.0000E+00      8.4624E-02      1.9992E+02   
   4.3500E+00      3.8000E+02      0.0000E+00      0.0000E+00      9.5141E-02      1.9990E+02   
   4.5250E+00      3.8350E+02      0.0000E+00      0.0000E+00      1.0839E-01      1.9989E+02   
   4.7000E+00      3.8700E+02      0.0000E+00      0.0000E+00      1.2500E-01      1.9988E+02   
   4.8750E+00      3.9050E+02      0.0000E+00      0.0000E+00      1.4569E-01      1.9985E+02   
   5.0500E+00      3.9400E+02      0.0000E+00      0.0000E+00      1.7136E-01      1.9983E+02   
   5.2250E+00      3.9750E+02      0.0000E+00      0.0000E+00      2.0302E-01      1.9980E+02   
   5.4000E+00      4.0100E+02      0.0000E+00      0.0000E+00      2.4188E-01      1.9976E+02   
   5.5750E+00      4.0450E+02      0.0000E+00      0.0000E+00      2.8932E-01      1.9971E+02   
   5.7500E+00      4.0800E+02      0.0000E+00      0.0000E+00      3.4695E-01      1.9965E+02   
   5.9250E+00      4.1150E+02      0.0000E+00      0.0000E+00      4.1661E-01      1.9958E+02   
   6.1000E+00      4.1500E+02      0.0000E+00      0.0000E+00      5.0035E-01      1.9950E+02   
   6.2750E+00      4.1850E+02      0.0000E+00      0.0000E+00      6.0053E-01      1.9940E+02   
   6.4500E+00      4.2200E+02      0.0000E+00      0.0000E+00      7.1973E-01      1.9928E+02   
   6.6250E+00      4.2550E+02      0.0000E+00      0.0000E+00      8.6082E-01      1.9914E+02   
   6.8000E+00      4.2900E+02      0.0000E+00      0.0000E+00      1.0269E+00      1.9897E+02   
   6.9750E+00      4.3250E+02      0.0000E+00      0.0000E+00      1.2214E+00      1.9878E+02   
   7.1500E+00      4.3600E+02      0.0000E+00      0.0000E+00      1.4479E+00      1.9855E+02   
   7.3250E+00      4.3950E+02      0.0000E+00      0.0000E+00      1.7102E+00      1.9829E+02   
   7.4919E+00      4.4284E+02      0.0000E+00      0.0000E+00      1.9976E+00      1.9800E+02   
   7.6625E+00      4.4625E+02      0.0000E+00      0.0000E+00      2.3343E+00      1.9767E+02   
   7.8338E+00      4.4968E+02      0.0000E+00      0.0000E+00      2.7184E+00      1.9728E+02   
   8.0030E+00      4.5306E+02      0.0000E+00      0.0000E+00      3.1469E+00      1.9685E+02   
   8.1799E+00      4.5660E+02      0.0000E+00      0.0000E+00      3.6508E+00      1.9635E+02   
   8.3493E+00      4.5999E+02      0.0000E+00      0.0000E+00      4.1911E+00      1.9581E+02   
   8.5224E+00      4.6345E+02      0.0000E+00      0.0000E+00      4.8045E+00      1.9520E+02   
   8.6980E+00      4.6696E+02      0.0000E+00      0.0000E+00      5.4928E+00      1.9451E+02   
   8.8741E+00      4.7048E+02      0.0000E+00      0.0000E+00      6.2530E+00      1.9375E+02   
   9.0482E+00      4.7396E+02      0.0000E+00      0.0000E+00      7.0752E+00      1.9292E+02   
   9.2170E+00      4.7734E+02      0.0000E+00      0.0000E+00      7.9410E+00      1.9206E+02   
   9.4046E+00      4.8109E+02      0.0000E+00      0.0000E+00      8.9828E+00      1.9102E+02   
   9.5835E+00      4.8467E+02      0.0000E+00      0.0000E+00      1.0055E+01      1.8994E+02   
   9.7828E+00      4.8866E+02      0.0000E+00      0.0000E+00      1.1340E+01      1.8866E+02   
   9.9680E+00      4.9236E+02      0.0000E+00      0.0000E+00      1.2618E+01      1.8738E+02   
   1.0175E+01      4.9649E+02      0.0000E+00      0.0000E+00      1.4137E+01      1.8586E+02   
   1.0358E+01      5.0017E+02      0.0000E+00      0.0000E+00      1.5571E+01      1.8443E+02   
   1.0563E+01      5.0425E+02      0.0000E+00      0.0000E+00      1.7252E+01      1.8275E+02   
   1.0732E+01      5.0764E+02      0.0000E+00      0.0000E+00      1.8714E+01      1.8129E+02   
   1.0917E+01      5.1135E+02      0.0000E+00      0.0000E+00      2.0390E+01      1.7961E+02   
   1.1123E+01      5.1545E+02      0.0000E+00      0.0000E+00      2.2332E+01      1.7767E+02   
   1.1352E+01      5.2004E+02      0.0000E+00      0.0000E+00      2.4610E+01      1.7539E+02   
   1.1521E+01      5.2341E+02      0.0000E+00      0.0000E+00      2.6366E+01      1.7363E+02   
   1.1705E+01      5.2710E+02      0.0000E+00      0.0000E+00      2.8356E+01      1.7164E+02   
   1.1907E+01      5.3114E+02      0.0000E+00      0.0000E+00      3.0638E+01      1.6936E+02   
   1.2131E+01      5.3562E+02      0.0000E+00      0.0000E+00      3.3287E+01      1.6671E+02   
   1.2381E+01      5.4062E+02      0.0000E+00      0.0000E+00      3.6408E+01      1.6359E+02   
   1.2656E+01      5.4613E+02      0.0000E+00      0.0000E+00      3.9761E+01      1.6024E+02   
   1.2914E+01      5.5128E+02      0.0000E+00      0.0000E+00      4.2970E+01      1.5703E+02   
   1.3150E+01      5.5600E+02      0.0000E+00      0.0000E+00      4.6053E+01      1.5395E+02   
   1.3368E+01      5.6036E+02      0.0000E+00      0.0000E+00      4.9028E+01      1.5097E+02   
   1.3570E+01      5.6440E+02      0.0000E+00      0.0000E+00      5.1907E+01      1.4809E+02   
   1.3759E+01      5.6819E+02      0.0000E+00      0.0000E+00      5.4702E+01      1.4530E+02   
   1.3937E+01      5.7175E+02      0.0000E+00      0.0000E+00      5.7421E+01      1.4258E+02   
   1.4105E+01      5.7511E+02      0.0000E+00      0.0000E+00      6.0072E+01      1.3993E+02   
   1.4341E+01      5.7982E+02      0.0000E+00      0.0000E+00      6.3933E+01      1.3607E+02   
   1.4560E+01      5.8421E+02      0.0000E+00      0.0000E+00      6.7672E+01      1.3233E+02   
   1.4765E+01      5.8830E+02      0.0000E+00      0.0000E+00      7.1301E+01      1.2870E+02   
   1.4958E+01      5.9216E+02      0.0000E+00      0.0000E+00      7.4833E+01      1.2517E+02   
   1.5140E+01      5.9579E+02      0.0000E+00      0.0000E+00      7.8276E+01      1.2172E+02   
   1.5312E+01      5.9924E+02      0.0000E+00      0.0000E+00      8.1638E+01      1.1836E+02   
   1.5528E+01      6.0357E+02      0.0000E+00      0.0000E+00      8.6007E+01      1.1399E+02   
   1.5732E+01      6.0764E+02      0.0000E+00      0.0000E+00      9.0258E+01      1.0974E+02   
   1.5924E+01      6.1148E+02      0.0000E+00      0.0000E+00      9.4402E+01      1.0560E+02   
   1.6106E+01      6.1513E+02      0.0000E+00      0.0000E+00      9.8449E+01      1.0155E+02   
   1.6279E+01      6.1859E+02      0.0000E+00      0.0000E+00      1.0241E+02      9.7594E+01   
   1.6485E+01      6.2269E+02      0.0000E+00      0.0000E+00      1.0724E+02      9.2763E+01   
   1.6679E+01      6.2658E+02      0.0000E+00      0.0000E+00      1.1195E+02      8.8050E+01   
   1.6863E+01      6.3026E+02      0.0000E+00      0.0000E+00      1.1656E+02      8.3444E+01   
   1.7039E+01      6.3377E+02      0.0000E+00      0.0000E+00      1.2106E+02      7.8936E+01   
   1.7206E+01      6.3713E+02      0.0000E+00      0.0000E+00      1.2548E+02      7.4521E+01   
   1.7398E+01      6.4097E+02      0.0000E+00      0.0000E+00      1.3067E+02      6.9333E+01   
   1.7581E+01      6.4462E+02      0.0000E+00      0.0000E+00      1.3574E+02      6.4258E+01   
   1.7756E+01      6.4811E+02      0.0000E+00      0.0000E+00      1.4071E+02      5.9288E+01   
   1.7923E+01      6.5145E+02      0.0000E+00      0.0000E+00      1.4559E+02      5.4413E+01   
   1.8109E+01      6.5518E+02      0.0000E+00      0.0000E+00      1.5116E+02      4.8840E+01   
   1.8287E+01      6.5874E+02      0.0000E+00      0.0000E+00      1.5662E+02      4.3381E+01   
   1.8458E+01      6.6216E+02      0.0000E+00      0.0000E+00      1.6197E+02      3.8027E+01   
   1.8644E+01      6.6589E+02      0.0000E+00      0.0000E+00      1.6797E+02      3.2029E+01   
   1.8823E+01      6.6946E+02      0.0000E+00      0.0000E+00      1.7385E+02      2.6149E+01   
   1.8994E+01      6.7289E+02      0.0000E+00      0.0000E+00      1.7962E+02      2.0381E+01   
   1.9179E+01      6.7658E+02      0.0000E+00      0.0000E+00      1.8598E+02      1.4016E+01   
   1.9356E+01      6.8012E+02      0.0000E+00      0.0000E+00      1.9223E+02      7.7732E+00   
   1.9526E+01      6.8353E+02      0.0000E+00      0.0000E+00      1.9836E+02      1.6446E+00   
   1.9693E+01      6.8686E+02      0.0000E+00      0.0000E+00      2.0001E+02     -8.7513E-03   
   1.9861E+01      6.9023E+02      0.0000E+00      0.0000E+00      2.0001E+02     -8.7513E-03   
   2.0030E+01      6.9359E+02      0.0000E+00      0.0000E+00      2.0001E+02     -8.7513E-03   
   2.0198E+01      6.9696E+02      0.0000E+00      0.0000E+00      2.0001E+02     -8.7513E-03   
   2.0366E+01      7.0032E+02      0.0000E+00      0.0000E+00      2.0001E+02     -8.7513E-03   
   2.0534E+01      7.0369E+02      0.0000E+00      0.0000E+00      2.0001E+02     -8.7513E-03   
   2.0703E+01      7.0705E+02      0.0000E+00      0.0000E+00      2.0001E+02     -8.7513E-03   
   2.0871E+01      7.1042E+02      0.0000E+00      0.0000E+00      2.0001E+02     -8.7513E-03   
   2.1039E+01      7.1378E+02      0.0000E+00      0.0000E+00      2.0001E+02     -8.7513E-03   
   2.1207E+01      7.1715E+02      0.0000E+00      0.0000E+00      2.0001E+02     -8.7513E-03   
   2.1376E+01      7.2051E+02      0.0000E+00      0.0000E+00      2.0001E+02     -8.7513E-03   
   2.1544E+01      7.2300E+02      0.0000E+00      0.0000E+00      2.0001E+02     -8.7513E-03   
   2.1712E+01      7.2300E+02      0.0000E+00      0.0000E+00      2.0001E+02     -8.7513E-03   
   2.1880E+01      7.2300E+02      0.0000E+00      0.0000E+00      2.0001E+02     -8.7513E-03   
   2.2049E+01      7.2300E+02      0.0000E+00      0.0000E+00      2.0001E+02     -8.7513E-03   
   2.2217E+01      7.2300E+02      0.0000E+00      0.0000E+00      2.0001E+02     -8.7513E-03   
   2.2385E+01      7.2300E+02      0.0000E+00      0.0000E+00      2.0001E+02     -8.7513E-03   
   2.2553E+01      7.2300E+02      0.0000E+00      0.0000E+00      2.0001E+02     -8.7513E-03   
   2.2722E+01      7.2300E+02      0.0000E+00      0.0000E+00      2.0001E+02     -8.7513E-03   
   2.2890E+01      7.2300E+02      0.0000E+00      0.0000E+00      2.0001E+02     -8.7513E-03   
   2.3058E+01      7.2300E+02      0.0000E+00      0.0000E+00      2.0001E+02     -8.7513E-03   
   2.3226E+01      7.2300E+02      0.0000E+00      0.0000E+00      2.0001E+02     -8.7513E-03   
   2.3395E+01      7.2300E+02      0.0000E+00      0.0000E+00      2.0001E+02     -8.7513E-03   
   2.3563E+01      7.2300E+02      0.0000E+00      0.0000E+00      2.0001E+02     -8.7513E-03   
   2.3731E+01      7.2300E+02      0.0000E+00      0.0000E+00      2.0001E+02     -8.7513E-03   
   2.3900E+01      7.2300E+02      0.0000E+00      0.0000E+00      2.0001E+02     -8.7513E-03   
   2.4068E+01      7.2300E+02      0.0000E+00      0.0000E+00      2.0001E+02     -8.7513E-03   
   2.4236E+01      7.2300E+02      0.0000E+00      0.0000E+00      2.0001E+02     -8.7513E-03   
   2.4404E+01      7.2300E+02      0.0000E+00      0.0000E+00      2.0001E+02     -8.7513E-03   
   2.4573E+01      7.2300E+02      0.0000E+00      0.0000E+00      2.0001E+02     -8.7513E-03   
   2.4741E+01      7.2300E+02      0.0000E+00      0.0000E+00      2.0001E+02     -8.7513E-03   
   2.4909E+01      7.2300E+02      0.0000E+00      0.0000E+00      2.0001E+02     -8.7513E-03   
   2.5077E+01      7.2300E+02      0.0000E+00      0.0000E+00      2.0001E+02     -8.7513E-03   
   2.5246E+01      7.2300E+02      0.0000E+00      0.0000E+00      2.0001E+02     -8.7513E-03   
   2.5414E+01      7.2300E+02      0.0000E+00      0.0000E+00      2.0001E+02     -8.7513E-03   
   2.5582E+01      7.2300E+02      0.0000E+00      0.0000E+00      2.0001E+02     -8.7513E-03   
   2.5750E+01      7.2300E+02      0.0000E+00      0.0000E+00      2.0001E+02     -8.7513E-03   
   2.5919E+01      7.2300E+02      0.0000E+00      0.0000E+00      2.0001E+02     -8.7513E-03   
   2.6087E+01      7.2300E+02      0.0000E+00      0.0000E+00      2.0001E+02     -8.7513E-03   
   2.6255E+01      7.2300E+02      0.0000E+00      0.0000E+00      2.0001E+02     -8.7513E-03   
   2.6424E+01      7.2300E+02      0.0000E+00      0.0000E+00      2.0001E+02     -8.7513E-03   
   2.6592E+01      7.2300E+02      0.0000E+00      0.0000E+00      2.0001E+02     -8.7513E-03   
   2.6760E+01      7.2300E+02      0.0000E+00      0.0000E+00      2.0001E+02     -8.7513E-03   
   2.6928E+01      7.2300E+02      0.0000E+00      0.0000E+00      2.0001E+02     -8.7513E-03   
   2.7097E+01      7.2300E+02      0.0000E+00      0.0000E+00      2.0001E+02     -8.7513E-03   
   2.7265E+01      7.2300E+02      0.0000E+00      0.0000E+00      2.0001E+02     -8.7513E-03   
   2.7433E+01      7.2300E+02      0.0000E+00      0.0000E+00      2.0001E+02     -8.7513E-03   
   2.7601E+01      7.2300E+02      0.0000E+00      0.0000E+00      2.0001E+02     -8.7513E-03   
   2.7770E+01      7.2300E+02      0.0000E+00      0.0000E+00      2.0001E+02     -8.7513E-03   
   2.7938E+01      7.2300E+02      0.0000E+00      0.0000E+00      2.0001E+02     -8.7513E-03   
   2.8106E+01      7.2300E+02      0.0000E+00      0.0000E+00      2.0001E+02     -8.7513E-03   
   2.8274E+01      7.2300E+02      0.0000E+00      0.0000E+00      2.0001E+02     -8.7513E-03   
   2.8443E+01      7.2300E+02      0.0000E+00      0.0000E+00      2.0001E+02     -8.7513E-03   
   2.8611E+01      7.2300E+02      0.0000E+00      0.0000E+00      2.0001E+02     -8.7513E-03   
   2.8779E+01      7.2300E+02      0.0000E+00      0.0000E+00      2.0001E+02     -8.7513E-03   
   2.8947E+01      7.2300E+02      0.0000E+00      0.0000E+00      2.0001E+02     -8.7513E-03   
   2.9116E+01      7.2300E+02      0.0000E+00      0.0000E+00      2.0001E+02     -8.7513E-03   
   2.9284E+01      7.2300E+02      0.0000E+00      0.0000E+00      2.0001E+02     -8.7513E-03   
   2.9452E+01      7.2300E+02      0.0000E+00      0.0000E+00      2.0001E+02     -8.7513E-03   
   2.9621E+01      7.2300E+02      0.0000E+00      0.0000E+00      2.0001E+02     -8.7513E-03   
   2.9789E+01      7.2300E+02      0.0000E+00      0.0000E+00      2.0001E+02     -8.7513E-03   
   2.9957E+01      7.2300E+02      0.0000E+00      0.0000E+00      2.0001E+02     -8.7513E-03   
   3.0125E+01      7.2300E+02      0.0000E+00      0.0000E+00      2.0001E+02     -8.7513E-03   
   3.0294E+01      7.2300E+02      0.0000E+00      0.0000E+00      2.0001E+02     -8.7513E-03   
   3.0462E+01      7.2300E+02      0.0000E+00      0.0000E+00      2.0001E+02     -8.7513E-03   
   3.0630E+01      7.2300E+02      0.0000E+00      0.0000E+00      2.0001E+02     -8.7513E-03   
   3.0798E+01      7.2300E+02      0.0000E+00      0.0000E+00      2.0001E+02     -8.7513E-03   
   3.0967E+01      7.2300E+02      0.0000E+00      0.0000E+00      2.0001E+02     -8.7513E-03   
   3.1135E+01      7.2300E+02      0.0000E+00      0.0000E+00      2.0001E+02     -8.7513E-03   
   3.1303E+01      7.2300E+02      0.0000E+00      0.0000E+00      2.0001E+02     -8.7513E-03   
   3.1471E+01      7.2300E+02      0.0000E+00      0.0000E+00      2.0001E+02     -8.7513E-03   
   3.1640E+01      7.2021E+02      0.0000E+00      0.0000E+00      2.0001E+02     -8.7513E-03   
   3.1808E+01      7.1684E+02      0.0000E+00      0.0000E+00      2.0001E+02     -8.7513E-03   
   3.1976E+01      7.1347E+02      0.0000E+00      0.0000E+00      2.0001E+02     -8.7513E-03   
   3.2145E+01      7.1011E+02      0.0000E+00      0.0000E+00      2.0001E+02     -8.7513E-03   
   3.2313E+01      7.0674E+02      0.0000E+00      0.0000E+00      2.0001E+02     -8.7513E-03   
   3.2481E+01      7.0338E+02      0.0000E+00      0.0000E+00      2.0001E+02     -8.7513E-03   
   3.2649E+01      7.0002E+02      0.0000E+00      0.0000E+00      2.0001E+02     -8.7513E-03   
   3.2817E+01      6.9665E+02      0.0000E+00      0.0000E+00      2.0001E+02     -8.7513E-03   
   3.2986E+01      6.9329E+02      0.0000E+00      0.0000E+00      2.0001E+02     -8.7513E-03   
   3.3154E+01      6.8992E+02      0.0000E+00      0.0000E+00      2.0001E+02     -8.7513E-03   
   3.3322E+01      6.8656E+02      0.0000E+00      0.0000E+00      2.0001E+02     -8.7513E-03   
   3.3506E+01      6.8288E+02      0.0000E+00      0.0000E+00      2.0001E+02     -8.7513E-03   
   3.3676E+01      6.7947E+02      0.0000E+00      0.0000E+00      2.0001E+02     -8.7513E-03   
   3.3854E+01      6.7592E+02      0.0000E+00      0.0000E+00      2.0001E+02     -8.7513E-03   
   3.4039E+01      6.7221E+02      0.0000E+00      0.0000E+00      2.0001E+02     -8.7513E-03   
   3.4211E+01      6.6878E+02      0.0000E+00      0.0000E+00      2.0001E+02     -8.7513E-03   
   3.4390E+01      6.6519E+02      0.0000E+00      0.0000E+00      2.0001E+02     -8.7513E-03   
   3.4577E+01      6.6145E+02      0.0000E+00      0.0000E+00      2.0001E+02     -8.7513E-03   
   3.4749E+01      6.5803E+02      0.0000E+00      0.0000E+00      2.0001E+02     -8.7513E-03   
   3.4927E+01      6.5446E+02      0.0000E+00      0.0000E+00      2.0001E+02     -8.7513E-03   
   3.5114E+01      6.5072E+02      0.0000E+00      0.0000E+00      2.0001E+02     -8.7513E-03   
   3.5281E+01      6.4737E+02      0.0000E+00      0.0000E+00      2.0001E+02     -8.7513E-03   
   3.5456E+01      6.4387E+02      0.0000E+00      0.0000E+00      2.0001E+02     -8.7513E-03   
   3.5639E+01      6.4021E+02      0.0000E+00      0.0000E+00      2.0001E+02     -8.7513E-03   
   3.5832E+01      6.3637E+02      0.0000E+00      0.0000E+00      2.0001E+02     -8.7513E-03   
   3.6000E+01      6.3301E+02      0.0000E+00      0.0000E+00      2.0001E+02     -8.7513E-03   
   3.6175E+01      6.2949E+02      0.0000E+00      0.0000E+00      2.0001E+02     -8.7513E-03   
   3.6360E+01      6.2580E+02      0.0000E+00      0.0000E+00      2.0001E+02     -8.7513E-03   
   3.6554E+01      6.2192E+02      0.0000E+00      0.0000E+00      2.0001E+02     -8.7513E-03   
   3.6759E+01      6.1782E+02      0.0000E+00      0.0000E+00      2.0001E+02     -8.7513E-03   
   3.6932E+01      6.1436E+02      0.0000E+00      0.0000E+00      2.0001E+02     -8.7513E-03   
   3.7114E+01      6.1073E+02      0.0000E+00      0.0000E+00      2.0001E+02     -8.7513E-03   
   3.7305E+01      6.0690E+02      0.0000E+00      0.0000E+00      2.0001E+02     -8.7513E-03   
   3.7508E+01      6.0284E+02      0.0000E+00      0.0000E+00      2.0001E+02     -8.7513E-03   
   3.7723E+01      5.9853E+02      1.0636E-02      9.8936E-01      1.9909E+02      9.1182E-01   
   3.7894E+01      5.9511E+02      1.3714E-02      9.8629E-01      1.9729E+02      2.7076E+00   
   3.8075E+01      5.9151E+02      1.5886E-02      9.8411E-01      1.9447E+02      5.5343E+00   
   3.8265E+01      5.8769E+02      1.7627E-02      9.8237E-01      1.9054E+02      9.4558E+00   
   3.8468E+01      5.8364E+02      1.9042E-02      9.8096E-01      1.8548E+02      1.4519E+01   
   3.8684E+01      5.7932E+02      2.0142E-02      9.7986E-01      1.7925E+02      2.0746E+01   
   3.8916E+01      5.7469E+02      2.0910E-02      9.7909E-01      1.7187E+02      2.8126E+01   
   3.9166E+01      5.6969E+02      2.1314E-02      9.7869E-01      1.6339E+02      3.6609E+01   
   3.9344E+01      5.6611E+02      2.1363E-02      9.7864E-01      1.5717E+02      4.2832E+01   
   3.9534E+01      5.6231E+02      2.1217E-02      9.7878E-01      1.5053E+02      4.9468E+01   
   3.9737E+01      5.5826E+02      2.0860E-02      9.7914E-01      1.4353E+02      5.6475E+01   
   3.9954E+01      5.5391E+02      2.0265E-02      9.7974E-01      1.3619E+02      6.3811E+01   
   4.0189E+01      5.4922E+02      1.9400E-02      9.8060E-01      1.2856E+02      7.1444E+01   
   4.0445E+01      5.4411E+02      1.8226E-02      9.8177E-01      1.2064E+02      7.9358E+01   
   4.0718E+01      5.3864E+02      1.6749E-02      9.8325E-01      1.1326E+02      8.6738E+01   
   4.0967E+01      5.3366E+02      1.5250E-02      9.8475E-01      1.0709E+02      9.2907E+01   
   4.1189E+01      5.2922E+02      1.3845E-02      9.8616E-01      1.0183E+02      9.8169E+01   
   4.1388E+01      5.2523E+02      1.2575E-02      9.8742E-01      9.7272E+01      1.0273E+02   
   4.1570E+01      5.2161E+02      1.1446E-02      9.8855E-01      9.3269E+01      1.0673E+02   
   4.1814E+01      5.1673E+02      9.9950E-03      9.9001E-01      8.8087E+01      1.1191E+02   
   4.2030E+01      5.1240E+02      8.7918E-03      9.9121E-01      8.3672E+01      1.1633E+02   
   4.2224E+01      5.0852E+02      7.7900E-03      9.9221E-01      7.9852E+01      1.2015E+02   
   4.2400E+01      5.0500E+02      6.9499E-03      9.9305E-01      7.6504E+01      1.2350E+02   
   4.2611E+01      5.0077E+02      6.0277E-03      9.9397E-01      7.2622E+01      1.2738E+02   
   4.2801E+01      4.9699E+02      5.2804E-03      9.9472E-01      6.9268E+01      1.3073E+02   
   4.2972E+01      4.9356E+02      4.6669E-03      9.9533E-01      6.6331E+01      1.3367E+02   
   4.3165E+01      4.8970E+02      4.0430E-03      9.9596E-01      6.3127E+01      1.3687E+02   
   4.3339E+01      4.8622E+02      3.5397E-03      9.9646E-01      6.0339E+01      1.3966E+02   
   4.3527E+01      4.8246E+02      3.0540E-03      9.9695E-01      5.7426E+01      1.4257E+02   
   4.3696E+01      4.7907E+02      2.6648E-03      9.9734E-01      5.4890E+01      1.4511E+02   
   4.3874E+01      4.7551E+02      2.3007E-03      9.9770E-01      5.2309E+01      1.4769E+02   
   4.4057E+01      4.7186E+02      1.9717E-03      9.9803E-01      4.9754E+01      1.5025E+02   
   4.4241E+01      4.6818E+02      1.6819E-03      9.9832E-01      4.7275E+01      1.5272E+02   
   4.4423E+01      4.6453E+02      1.4312E-03      9.9857E-01      4.4904E+01      1.5510E+02   
   4.4603E+01      4.6095E+02      1.2170E-03      9.9878E-01      4.2659E+01      1.5734E+02   
   4.4777E+01      4.5745E+02      1.0355E-03      9.9896E-01      4.0549E+01      1.5945E+02   
   4.4947E+01      4.5407E+02      8.8249E-04      9.9912E-01      3.8575E+01      1.6142E+02   
   4.5121E+01      4.5057E+02      7.4584E-04      9.9925E-01      3.6614E+01      1.6339E+02   
   4.5297E+01      4.4705E+02      6.2721E-04      9.9937E-01      3.4708E+01      1.6529E+02   
   4.5472E+01      4.4355E+02      5.2621E-04      9.9947E-01      3.2887E+01      1.6711E+02   
   4.5640E+01      4.4019E+02      4.4801E-04      9.9955E-01      3.1210E+01      1.6879E+02   
   4.5815E+01      4.3669E+02      3.7291E-04      9.9963E-01      2.9533E+01      1.7047E+02   
   4.5990E+01      4.3319E+02      3.0929E-04      9.9969E-01      2.7920E+01      1.7208E+02   
   4.6165E+01      4.2969E+02      2.5561E-04      9.9974E-01      2.6372E+01      1.7363E+02   
   4.6340E+01      4.2619E+02      2.1046E-04      9.9979E-01      2.4886E+01      1.7511E+02   
   4.6515E+01      4.2269E+02      1.7264E-04      9.9983E-01      2.3461E+01      1.7654E+02   
   4.6690E+01      4.1919E+02      1.4108E-04      9.9986E-01      2.2096E+01      1.7790E+02   
   4.6865E+01      4.1569E+02      1.1484E-04      9.9989E-01      2.0790E+01      1.7921E+02   
   4.7040E+01      4.1219E+02      9.3111E-05      9.9991E-01      1.9540E+01      1.8046E+02   
   4.7215E+01      4.0869E+02      7.5188E-05      9.9992E-01      1.8346E+01      1.8165E+02   
   4.7390E+01      4.0519E+02      6.0464E-05      9.9994E-01      1.7207E+01      1.8279E+02   
   4.7565E+01      4.0169E+02      4.8419E-05      9.9995E-01      1.6120E+01      1.8388E+02   
   4.7740E+01      3.9819E+02      3.8606E-05      9.9996E-01      1.5084E+01      1.8492E+02   
   4.7915E+01      3.9469E+02      3.0646E-05      9.9997E-01      1.4099E+01      1.8590E+02   
   4.8090E+01      3.9119E+02      2.4218E-05      9.9998E-01      1.3162E+01      1.8684E+02   
   4.8265E+01      3.8769E+02      1.9050E-05      9.9998E-01      1.2272E+01      1.8773E+02   
   4.8440E+01      3.8419E+02      1.4914E-05      9.9999E-01      1.1427E+01      1.8857E+02   
   4.8615E+01      3.8069E+02      1.1619E-05      9.9999E-01      1.0627E+01      1.8937E+02   
   4.8790E+01      3.7719E+02      9.0072E-06      9.9999E-01      9.8692E+00      1.9013E+02   
   4.8965E+01      3.7369E+02      6.9471E-06      9.9999E-01      9.1530E+00      1.9085E+02   
   4.9140E+01      3.7019E+02      5.3302E-06      9.9999E-01      8.4767E+00      1.9152E+02   
   4.9315E+01      3.6669E+02      4.0677E-06      1.0000E+00      7.8388E+00      1.9216E+02   
   4.9490E+01      3.6319E+02      3.0872E-06      1.0000E+00      7.2381E+00      1.9276E+02   
   4.9665E+01      3.5969E+02      2.3298E-06      1.0000E+00      6.6730E+00      1.9333E+02   
   4.9840E+01      3.5619E+02      1.7480E-06      1.0000E+00      6.1422E+00      1.9386E+02   
   5.0015E+01      3.5269E+02      1.3037E-06      1.0000E+00      5.6444E+00      1.9436E+02   
   5.0190E+01      3.4919E+02      9.6640E-07      1.0000E+00      5.1781E+00      1.9482E+02   
   5.0365E+01      3.4569E+02      7.1183E-07      1.0000E+00      4.7421E+00      1.9526E+02   
   5.0540E+01      3.4219E+02      5.2092E-07      1.0000E+00      4.3349E+00      1.9567E+02   
   5.0715E+01      3.3869E+02      3.7867E-07      1.0000E+00      3.9554E+00      1.9604E+02   
   5.0890E+01      3.3519E+02      2.7337E-07      1.0000E+00      3.6022E+00      1.9640E+02   
   5.1065E+01      3.3169E+02      1.9596E-07      1.0000E+00      3.2741E+00      1.9673E+02   
   5.1240E+01      3.2819E+02      1.3944E-07      1.0000E+00      2.9698E+00      1.9703E+02   
   5.1415E+01      3.2469E+02      9.8479E-08      1.0000E+00      2.6882E+00      1.9731E+02   
   5.1590E+01      3.2119E+02      6.9010E-08      1.0000E+00      2.4280E+00      1.9757E+02   
   5.1765E+01      3.1769E+02      4.7972E-08      1.0000E+00      2.1880E+00      1.9781E+02   
   5.1940E+01      3.1419E+02      3.3072E-08      1.0000E+00      1.9672E+00      1.9803E+02   
   5.2115E+01      3.1069E+02      2.2606E-08      1.0000E+00      1.7645E+00      1.9824E+02   
   5.2290E+01      3.0719E+02      1.5316E-08      1.0000E+00      1.5787E+00      1.9842E+02   
   5.2465E+01      3.0369E+02      1.0282E-08      1.0000E+00      1.4089E+00      1.9859E+02   
   5.2640E+01      3.0019E+02      6.8377E-09      1.0000E+00      1.2540E+00      1.9875E+02   
   5.2815E+01      2.9669E+02      4.5029E-09      1.0000E+00      1.1131E+00      1.9889E+02   
   5.2990E+01      2.9319E+02      2.9355E-09      1.0000E+00      9.8521E-01      1.9901E+02   
