Results for node = 1
    time [m]    temperature [K]    growth [/]    nucleation [/]   Css [wt.ppm]    Cp [wt.ppm]   
   0.0000E+00      2.9300E+02      0.0000E+00      0.0000E+00      4.8676E-02      1.9995E+02   
   1.7500E-01      2.9475E+02      0.0000E+00      0.0000E+00      4.8676E-02      1.9995E+02   
   3.0000E-01      2.9600E+02      0.0000E+00      0.0000E+00      4.8677E-02      1.9995E+02   
   4.7500E-01      2.9775E+02      0.0000E+00      0.0000E+00      4.8679E-02      1.9995E+02   
   6.5000E-01      2.9950E+02      0.0000E+00      0.0000E+00      4.8682E-02      1.9995E+02   
   8.2500E-01      3.0125E+02      0.0000E+00      0.0000E+00      4.8687E-02      1.9995E+02   
   1.0000E+00      3.0300E+02      0.0000E+00      0.0000E+00      4.8694E-02      1.9995E+02   
   1.1750E+00      3.0475E+02      0.0000E+00      0.0000E+00      4.8703E-02      1.9995E+02   
   1.3500E+00      3.0650E+02      0.0000E+00      0.0000E+00      4.8715E-02      1.9995E+02   
   1.5250E+00      3.0825E+02      0.0000E+00      0.0000E+00      4.8731E-02      1.9995E+02   
   1.7000E+00      3.1000E+02      0.0000E+00      0.0000E+00      4.8752E-02      1.9995E+02   
   1.8750E+00      3.1175E+02      0.0000E+00      0.0000E+00      4.8778E-02      1.9995E+02   
   2.0500E+00      3.1350E+02      0.0000E+00      0.0000E+00      4.8810E-02      1.9995E+02   
   2.2250E+00      3.1525E+02      0.0000E+00      0.0000E+00      4.8851E-02      1.9995E+02   
   2.4000E+00      3.1700E+02      0.0000E+00      0.0000E+00      4.8901E-02      1.9995E+02   
   2.5750E+00      3.1875E+02      0.0000E+00      0.0000E+00      4.8963E-02      1.9995E+02   
   2.7500E+00      3.2050E+02      0.0000E+00      0.0000E+00      4.9038E-02      1.9995E+02   
   2.9250E+00      3.2225E+02      0.0000E+00      0.0000E+00      4.9129E-02      1.9995E+02   
   3.1000E+00      3.2400E+02      0.0000E+00      0.0000E+00      4.9239E-02      1.9995E+02   
   3.2750E+00      3.2575E+02      0.0000E+00      0.0000E+00      4.9370E-02      1.9995E+02   
   3.4500E+00      3.2750E+02      0.0000E+00      0.0000E+00      4.9528E-02      1.9995E+02   
   3.6250E+00      3.2925E+02      0.0000E+00      0.0000E+00      4.9716E-02      1.9995E+02   
   3.8000E+00      3.3100E+02      0.0000E+00      0.0000E+00      4.9939E-02      1.9995E+02   
   3.9750E+00      3.3275E+02      0.0000E+00      0.0000E+00      5.0202E-02      1.9995E+02   
   4.1500E+00      3.3450E+02      0.0000E+00      0.0000E+00      5.0513E-02      1.9995E+02   
   4.3250E+00      3.3625E+02      0.0000E+00      0.0000E+00      5.0880E-02      1.9995E+02   
   4.5000E+00      3.3800E+02      0.0000E+00      0.0000E+00      5.1309E-02      1.9995E+02   
   4.6750E+00      3.3975E+02      0.0000E+00      0.0000E+00      5.1811E-02      1.9995E+02   
   4.8500E+00      3.4150E+02      0.0000E+00      0.0000E+00      5.2398E-02      1.9995E+02   
   5.0250E+00      3.4325E+02      0.0000E+00      0.0000E+00      5.3081E-02      1.9995E+02   
   5.2000E+00      3.4500E+02      0.0000E+00      0.0000E+00      5.3874E-02      1.9995E+02   
   5.3750E+00      3.4675E+02      0.0000E+00      0.0000E+00      5.4794E-02      1.9995E+02   
   5.5500E+00      3.4850E+02      0.0000E+00      0.0000E+00      5.5858E-02      1.9994E+02   
   5.7250E+00      3.5025E+02      0.0000E+00      0.0000E+00      5.7086E-02      1.9994E+02   
   5.9000E+00      3.5200E+02      0.0000E+00      0.0000E+00      5.8501E-02      1.9994E+02   
   6.0750E+00      3.5375E+02      0.0000E+00      0.0000E+00      6.0127E-02      1.9994E+02   
   6.2500E+00      3.5550E+02      0.0000E+00      0.0000E+00      6.1994E-02      1.9994E+02   
   6.4250E+00      3.5725E+02      0.0000E+00      0.0000E+00      6.4132E-02      1.9994E+02   
   6.6000E+00      3.5900E+02      0.0000E+00      0.0000E+00      6.6578E-02      1.9993E+02   
   6.7750E+00      3.6075E+02      0.0000E+00      0.0000E+00      6.9369E-02      1.9993E+02   
   6.9500E+00      3.6250E+02      0.0000E+00      0.0000E+00      7.2549E-02      1.9993E+02   
   7.1250E+00      3.6425E+02      0.0000E+00      0.0000E+00      7.6167E-02      1.9992E+02   
   7.3000E+00      3.6600E+02      0.0000E+00      0.0000E+00      8.0275E-02      1.9992E+02   
   7.4750E+00      3.6775E+02      0.0000E+00      0.0000E+00      8.4933E-02      1.9992E+02   
   7.6500E+00      3.6950E+02      0.0000E+00      0.0000E+00      9.0206E-02      1.9991E+02   
   7.8250E+00      3.7125E+02      0.0000E+00      0.0000E+00      9.6164E-02      1.9990E+02   
   8.0000E+00      3.7300E+02      0.0000E+00      0.0000E+00      1.0289E-01      1.9990E+02   
   8.1750E+00      3.7475E+02      0.0000E+00      0.0000E+00      1.1046E-01      1.9989E+02   
   8.3500E+00      3.7650E+02      0.0000E+00      0.0000E+00      1.1898E-01      1.9988E+02   
   8.5250E+00      3.7825E+02      0.0000E+00      0.0000E+00      1.2855E-01      1.9987E+02   
   8.7000E+00      3.8000E+02      0.0000E+00      0.0000E+00      1.3927E-01      1.9986E+02   
   8.8750E+00      3.8175E+02      0.0000E+00      0.0000E+00      1.5128E-01      1.9985E+02   
   9.0500E+00      3.8350E+02      0.0000E+00      0.0000E+00      1.6471E-01      1.9984E+02   
   9.2250E+00      3.8525E+02      0.0000E+00      0.0000E+00      1.7969E-01      1.9982E+02   
   9.4000E+00      3.8700E+02      0.0000E+00      0.0000E+00      1.9640E-01      1.9980E+02   
   9.5750E+00      3.8875E+02      0.0000E+00      0.0000E+00      2.1498E-01      1.9979E+02   
   9.7500E+00      3.9050E+02      0.0000E+00      0.0000E+00      2.3563E-01      1.9976E+02   
   9.9250E+00      3.9225E+02      0.0000E+00      0.0000E+00      2.5854E-01      1.9974E+02   
   1.0100E+01      3.9400E+02      0.0000E+00      0.0000E+00      2.8392E-01      1.9972E+02   
   1.0275E+01      3.9575E+02      0.0000E+00      0.0000E+00      3.1199E-01      1.9969E+02   
   1.0450E+01      3.9750E+02      0.0000E+00      0.0000E+00      3.4299E-01      1.9966E+02   
   1.0625E+01      3.9925E+02      0.0000E+00      0.0000E+00      3.7717E-01      1.9962E+02   
   1.0800E+01      4.0100E+02      0.0000E+00      0.0000E+00      4.1480E-01      1.9959E+02   
   1.0975E+01      4.0275E+02      0.0000E+00      0.0000E+00      4.5616E-01      1.9954E+02   
   1.1150E+01      4.0450E+02      0.0000E+00      0.0000E+00      5.0156E-01      1.9950E+02   
   1.1325E+01      4.0625E+02      0.0000E+00      0.0000E+00      5.5130E-01      1.9945E+02   
   1.1500E+01      4.0800E+02      0.0000E+00      0.0000E+00      6.0572E-01      1.9939E+02   
   1.1675E+01      4.0975E+02      0.0000E+00      0.0000E+00      6.6516E-01      1.9933E+02   
   1.1850E+01      4.1150E+02      0.0000E+00      0.0000E+00      7.2999E-01      1.9927E+02   
   1.2025E+01      4.1325E+02      0.0000E+00      0.0000E+00      8.0056E-01      1.9920E+02   
   1.2200E+01      4.1500E+02      0.0000E+00      0.0000E+00      8.7727E-01      1.9912E+02   
   1.2375E+01      4.1675E+02      0.0000E+00      0.0000E+00      9.6051E-01      1.9904E+02   
   1.2550E+01      4.1850E+02      0.0000E+00      0.0000E+00      1.0507E+00      1.9895E+02   
   1.2725E+01      4.2025E+02      0.0000E+00      0.0000E+00      1.1482E+00      1.9885E+02   
   1.2900E+01      4.2200E+02      0.0000E+00      0.0000E+00      1.2535E+00      1.9875E+02   
   1.3075E+01      4.2375E+02      0.0000E+00      0.0000E+00      1.3670E+00      1.9863E+02   
   1.3250E+01      4.2550E+02      0.0000E+00      0.0000E+00      1.4891E+00      1.9851E+02   
   1.3425E+01      4.2725E+02      0.0000E+00      0.0000E+00      1.6202E+00      1.9838E+02   
   1.3600E+01      4.2900E+02      0.0000E+00      0.0000E+00      1.7608E+00      1.9824E+02   
   1.3775E+01      4.3075E+02      0.0000E+00      0.0000E+00      1.9113E+00      1.9809E+02   
   1.3950E+01      4.3250E+02      0.0000E+00      0.0000E+00      2.0720E+00      1.9793E+02   
   1.4125E+01      4.3425E+02      0.0000E+00      0.0000E+00      2.2434E+00      1.9776E+02   
   1.4300E+01      4.3600E+02      0.0000E+00      0.0000E+00      2.4259E+00      1.9757E+02   
   1.4475E+01      4.3775E+02      0.0000E+00      0.0000E+00      2.6198E+00      1.9738E+02   
   1.4650E+01      4.3950E+02      0.0000E+00      0.0000E+00      2.8254E+00      1.9717E+02   
   1.4825E+01      4.4125E+02      0.0000E+00      0.0000E+00      3.0431E+00      1.9696E+02   
   1.4992E+01      4.4292E+02      0.0000E+00      0.0000E+00      3.2630E+00      1.9674E+02   
   1.5168E+01      4.4468E+02      0.0000E+00      0.0000E+00      3.5065E+00      1.9649E+02   
   1.5335E+01      4.4635E+02      0.0000E+00      0.0000E+00      3.7508E+00      1.9625E+02   
   1.5502E+01      4.4802E+02      0.0000E+00      0.0000E+00      4.0069E+00      1.9599E+02   
   1.5679E+01      4.4979E+02      0.0000E+00      0.0000E+00      4.2914E+00      1.9571E+02   
   1.5856E+01      4.5156E+02      0.0000E+00      0.0000E+00      4.5890E+00      1.9541E+02   
   1.6032E+01      4.5332E+02      0.0000E+00      0.0000E+00      4.8984E+00      1.9510E+02   
   1.6205E+01      4.5505E+02      0.0000E+00      0.0000E+00      5.2175E+00      1.9478E+02   
   1.6376E+01      4.5676E+02      0.0000E+00      0.0000E+00      5.5439E+00      1.9446E+02   
   1.6556E+01      4.5856E+02      0.0000E+00      0.0000E+00      5.9033E+00      1.9410E+02   
   1.6732E+01      4.6032E+02      0.0000E+00      0.0000E+00      6.2684E+00      1.9373E+02   
   1.6903E+01      4.6203E+02      0.0000E+00      0.0000E+00      6.6352E+00      1.9336E+02   
   1.7083E+01      4.6383E+02      0.0000E+00      0.0000E+00      7.0367E+00      1.9296E+02   
   1.7256E+01      4.6556E+02      0.0000E+00      0.0000E+00      7.4358E+00      1.9256E+02   
   1.7440E+01      4.6740E+02      0.0000E+00      0.0000E+00      7.8718E+00      1.9213E+02   
   1.7614E+01      4.6914E+02      0.0000E+00      0.0000E+00      8.2997E+00      1.9170E+02   
   1.7798E+01      4.7098E+02      0.0000E+00      0.0000E+00      8.7657E+00      1.9123E+02   
   1.7970E+01      4.7270E+02      0.0000E+00      0.0000E+00      9.2158E+00      1.9078E+02   
   1.8152E+01      4.7452E+02      0.0000E+00      0.0000E+00      9.7041E+00      1.9030E+02   
   1.8320E+01      4.7620E+02      0.0000E+00      0.0000E+00      1.0166E+01      1.8983E+02   
   1.8497E+01      4.7797E+02      0.0000E+00      0.0000E+00      1.0665E+01      1.8933E+02   
   1.8684E+01      4.7984E+02      0.0000E+00      0.0000E+00      1.1205E+01      1.8879E+02   
   1.8852E+01      4.8152E+02      0.0000E+00      0.0000E+00      1.1705E+01      1.8829E+02   
   1.9029E+01      4.8329E+02      0.0000E+00      0.0000E+00      1.2243E+01      1.8776E+02   
   1.9216E+01      4.8516E+02      0.0000E+00      0.0000E+00      1.2823E+01      1.8718E+02   
   1.9414E+01      4.8714E+02      0.0000E+00      0.0000E+00      1.3451E+01      1.8655E+02   
   1.9587E+01      4.8887E+02      0.0000E+00      0.0000E+00      1.4016E+01      1.8598E+02   
   1.9769E+01      4.9069E+02      0.0000E+00      0.0000E+00      1.4623E+01      1.8538E+02   
   1.9962E+01      4.9262E+02      0.0000E+00      0.0000E+00      1.5277E+01      1.8472E+02   
   2.0165E+01      4.9465E+02      0.0000E+00      0.0000E+00      1.5985E+01      1.8402E+02   
   2.0336E+01      4.9636E+02      0.0000E+00      0.0000E+00      1.6594E+01      1.8341E+02   
   2.0516E+01      4.9816E+02      0.0000E+00      0.0000E+00      1.7247E+01      1.8275E+02   
   2.0705E+01      5.0005E+02      0.0000E+00      0.0000E+00      1.7949E+01      1.8205E+02   
   2.0904E+01      5.0204E+02      0.0000E+00      0.0000E+00      1.8705E+01      1.8130E+02   
   2.1114E+01      5.0414E+02      0.0000E+00      0.0000E+00      1.9523E+01      1.8048E+02   
   2.1337E+01      5.0637E+02      0.0000E+00      0.0000E+00      2.0412E+01      1.7959E+02   
   2.1514E+01      5.0814E+02      0.0000E+00      0.0000E+00      2.1131E+01      1.7887E+02   
   2.1699E+01      5.0999E+02      0.0000E+00      0.0000E+00      2.1902E+01      1.7810E+02   
   2.1893E+01      5.1193E+02      0.0000E+00      0.0000E+00      2.2729E+01      1.7727E+02   
   2.2098E+01      5.1398E+02      0.0000E+00      0.0000E+00      2.3621E+01      1.7638E+02   
   2.2314E+01      5.1614E+02      0.0000E+00      0.0000E+00      2.4585E+01      1.7542E+02   
   2.2542E+01      5.1842E+02      0.0000E+00      0.0000E+00      2.5632E+01      1.7437E+02   
   2.2785E+01      5.2085E+02      0.0000E+00      0.0000E+00      2.6775E+01      1.7323E+02   
   2.2956E+01      5.2256E+02      0.0000E+00      0.0000E+00      2.7596E+01      1.7240E+02   
   2.3134E+01      5.2434E+02      0.0000E+00      0.0000E+00      2.8471E+01      1.7153E+02   
   2.3320E+01      5.2620E+02      0.0000E+00      0.0000E+00      2.9407E+01      1.7059E+02   
   2.3515E+01      5.2815E+02      0.0000E+00      0.0000E+00      3.0408E+01      1.6959E+02   
   2.3720E+01      5.3020E+02      0.0000E+00      0.0000E+00      3.1485E+01      1.6852E+02   
   2.3936E+01      5.3236E+02      0.0000E+00      0.0000E+00      3.2645E+01      1.6736E+02   
   2.4163E+01      5.3463E+02      0.0000E+00      0.0000E+00      3.3900E+01      1.6610E+02   
   2.4404E+01      5.3704E+02      0.0000E+00      0.0000E+00      3.5262E+01      1.6474E+02   
   2.4659E+01      5.3959E+02      0.0000E+00      0.0000E+00      3.6747E+01      1.6325E+02   
   2.4930E+01      5.4230E+02      0.0000E+00      0.0000E+00      3.8370E+01      1.6163E+02   
   2.5209E+01      5.4509E+02      0.0000E+00      0.0000E+00      3.9998E+01      1.6000E+02   
   2.5475E+01      5.4775E+02      0.0000E+00      0.0000E+00      4.1593E+01      1.5841E+02   
   2.5728E+01      5.5028E+02      0.0000E+00      0.0000E+00      4.3157E+01      1.5684E+02   
   2.5971E+01      5.5271E+02      0.0000E+00      0.0000E+00      4.4691E+01      1.5531E+02   
   2.6203E+01      5.5503E+02      0.0000E+00      0.0000E+00      4.6198E+01      1.5380E+02   
   2.6427E+01      5.5727E+02      0.0000E+00      0.0000E+00      4.7679E+01      1.5232E+02   
   2.6642E+01      5.5942E+02      0.0000E+00      0.0000E+00      4.9136E+01      1.5086E+02   
   2.6849E+01      5.6149E+02      0.0000E+00      0.0000E+00      5.0571E+01      1.4943E+02   
   2.7049E+01      5.6349E+02      0.0000E+00      0.0000E+00      5.1985E+01      1.4802E+02   
   2.7243E+01      5.6543E+02      0.0000E+00      0.0000E+00      5.3379E+01      1.4662E+02   
   2.7431E+01      5.6731E+02      0.0000E+00      0.0000E+00      5.4753E+01      1.4525E+02   
   2.7612E+01      5.6912E+02      0.0000E+00      0.0000E+00      5.6110E+01      1.4389E+02   
   2.7789E+01      5.7089E+02      0.0000E+00      0.0000E+00      5.7449E+01      1.4255E+02   
   2.7960E+01      5.7260E+02      0.0000E+00      0.0000E+00      5.8772E+01      1.4123E+02   
   2.8127E+01      5.7427E+02      0.0000E+00      0.0000E+00      6.0080E+01      1.3992E+02   
   2.8369E+01      5.7669E+02      0.0000E+00      0.0000E+00      6.2013E+01      1.3799E+02   
   2.8602E+01      5.7902E+02      0.0000E+00      0.0000E+00      6.3915E+01      1.3609E+02   
   2.8827E+01      5.8127E+02      0.0000E+00      0.0000E+00      6.5787E+01      1.3421E+02   
   2.9043E+01      5.8343E+02      0.0000E+00      0.0000E+00      6.7631E+01      1.3237E+02   
   2.9253E+01      5.8553E+02      0.0000E+00      0.0000E+00      6.9449E+01      1.3055E+02   
   2.9456E+01      5.8756E+02      0.0000E+00      0.0000E+00      7.1241E+01      1.2876E+02   
   2.9653E+01      5.8953E+02      0.0000E+00      0.0000E+00      7.3010E+01      1.2699E+02   
   2.9843E+01      5.9143E+02      0.0000E+00      0.0000E+00      7.4756E+01      1.2524E+02   
   3.0029E+01      5.9329E+02      0.0000E+00      0.0000E+00      7.6481E+01      1.2352E+02   
   3.0209E+01      5.9509E+02      0.0000E+00      0.0000E+00      7.8185E+01      1.2182E+02   
   3.0385E+01      5.9685E+02      0.0000E+00      0.0000E+00      7.9869E+01      1.2013E+02   
   3.0556E+01      5.9856E+02      0.0000E+00      0.0000E+00      8.1534E+01      1.1847E+02   
   3.0723E+01      6.0023E+02      0.0000E+00      0.0000E+00      8.3181E+01      1.1682E+02   
   3.0939E+01      6.0239E+02      0.0000E+00      0.0000E+00      8.5350E+01      1.1465E+02   
   3.1148E+01      6.0448E+02      0.0000E+00      0.0000E+00      8.7490E+01      1.1251E+02   
   3.1351E+01      6.0651E+02      0.0000E+00      0.0000E+00      8.9602E+01      1.1040E+02   
   3.1549E+01      6.0849E+02      0.0000E+00      0.0000E+00      9.1687E+01      1.0831E+02   
   3.1740E+01      6.1040E+02      0.0000E+00      0.0000E+00      9.3747E+01      1.0625E+02   
   3.1927E+01      6.1227E+02      0.0000E+00      0.0000E+00      9.5782E+01      1.0422E+02   
   3.2109E+01      6.1409E+02      0.0000E+00      0.0000E+00      9.7795E+01      1.0221E+02   
   3.2286E+01      6.1586E+02      0.0000E+00      0.0000E+00      9.9785E+01      1.0022E+02   
   3.2459E+01      6.1759E+02      0.0000E+00      0.0000E+00      1.0175E+02      9.8247E+01   
   3.2628E+01      6.1928E+02      0.0000E+00      0.0000E+00      1.0370E+02      9.6299E+01   
   3.2834E+01      6.2134E+02      0.0000E+00      0.0000E+00      1.0611E+02      9.3892E+01   
   3.3033E+01      6.2333E+02      0.0000E+00      0.0000E+00      1.0849E+02      9.1514E+01   
   3.3228E+01      6.2528E+02      0.0000E+00      0.0000E+00      1.1084E+02      8.9164E+01   
   3.3417E+01      6.2717E+02      0.0000E+00      0.0000E+00      1.1316E+02      8.6842E+01   
   3.3602E+01      6.2902E+02      0.0000E+00      0.0000E+00      1.1545E+02      8.4546E+01   
   3.3782E+01      6.3082E+02      0.0000E+00      0.0000E+00      1.1773E+02      8.2274E+01   
   3.3958E+01      6.3258E+02      0.0000E+00      0.0000E+00      1.1997E+02      8.0026E+01   
   3.4130E+01      6.3430E+02      0.0000E+00      0.0000E+00      1.2220E+02      7.7801E+01   
   3.4298E+01      6.3598E+02      0.0000E+00      0.0000E+00      1.2440E+02      7.5599E+01   
   3.4495E+01      6.3795E+02      0.0000E+00      0.0000E+00      1.2702E+02      7.2984E+01   
   3.4687E+01      6.3987E+02      0.0000E+00      0.0000E+00      1.2960E+02      7.0398E+01   
   3.4874E+01      6.4174E+02      0.0000E+00      0.0000E+00      1.3216E+02      6.7841E+01   
   3.5057E+01      6.4357E+02      0.0000E+00      0.0000E+00      1.3469E+02      6.5311E+01   
   3.5235E+01      6.4535E+02      0.0000E+00      0.0000E+00      1.3719E+02      6.2807E+01   
   3.5410E+01      6.4710E+02      0.0000E+00      0.0000E+00      1.3967E+02      6.0329E+01   
   3.5581E+01      6.4881E+02      0.0000E+00      0.0000E+00      1.4213E+02      5.7875E+01   
   3.5748E+01      6.5048E+02      0.0000E+00      0.0000E+00      1.4456E+02      5.5444E+01   
   3.5938E+01      6.5238E+02      0.0000E+00      0.0000E+00      1.4736E+02      5.2636E+01   
   3.6124E+01      6.5424E+02      0.0000E+00      0.0000E+00      1.5014E+02      4.9859E+01   
   3.6306E+01      6.5606E+02      0.0000E+00      0.0000E+00      1.5289E+02      4.7109E+01   
   3.6484E+01      6.5784E+02      0.0000E+00      0.0000E+00      1.5561E+02      4.4388E+01   
   3.6658E+01      6.5958E+02      0.0000E+00      0.0000E+00      1.5831E+02      4.1692E+01   
   3.6829E+01      6.6129E+02      0.0000E+00      0.0000E+00      1.6098E+02      3.9023E+01   
   3.6995E+01      6.6295E+02      0.0000E+00      0.0000E+00      1.6362E+02      3.6378E+01   
   3.7182E+01      6.6482E+02      0.0000E+00      0.0000E+00      1.6662E+02      3.3385E+01   
   3.7365E+01      6.6665E+02      0.0000E+00      0.0000E+00      1.6958E+02      3.0421E+01   
   3.7543E+01      6.6843E+02      0.0000E+00      0.0000E+00      1.7251E+02      2.7487E+01   
   3.7718E+01      6.7018E+02      0.0000E+00      0.0000E+00      1.7542E+02      2.4581E+01   
   3.7890E+01      6.7190E+02      0.0000E+00      0.0000E+00      1.7830E+02      2.1702E+01   
   3.8058E+01      6.7358E+02      0.0000E+00      0.0000E+00      1.8115E+02      1.8849E+01   
   3.8243E+01      6.7543E+02      0.0000E+00      0.0000E+00      1.8433E+02      1.5669E+01   
   3.8424E+01      6.7724E+02      0.0000E+00      0.0000E+00      1.8748E+02      1.2521E+01   
   3.8601E+01      6.7901E+02      0.0000E+00      0.0000E+00      1.9060E+02      9.4026E+00   
   3.8775E+01      6.8075E+02      0.0000E+00      0.0000E+00      1.9369E+02      6.3131E+00   
   3.8945E+01      6.8245E+02      0.0000E+00      0.0000E+00      1.9675E+02      3.2515E+00   
   3.9112E+01      6.8412E+02      0.0000E+00      0.0000E+00      1.9978E+02      2.1706E-01   
   3.9281E+01      6.8581E+02      0.0000E+00      0.0000E+00      2.0003E+02     -2.6844E-02   
   3.9449E+01      6.8749E+02      0.0000E+00      0.0000E+00      2.0003E+02     -2.6844E-02   
   3.9617E+01      6.8917E+02      0.0000E+00      0.0000E+00      2.0003E+02     -2.6844E-02   
   3.9785E+01      6.9085E+02      0.0000E+00      0.0000E+00      2.0003E+02     -2.6844E-02   
   3.9953E+01      6.9253E+02      0.0000E+00      0.0000E+00      2.0003E+02     -2.6844E-02   
   4.0122E+01      6.9422E+02      0.0000E+00      0.0000E+00      2.0003E+02     -2.6844E-02   
   4.0290E+01      6.9590E+02      0.0000E+00      0.0000E+00      2.0003E+02     -2.6844E-02   
   4.0458E+01      6.9758E+02      0.0000E+00      0.0000E+00      2.0003E+02     -2.6844E-02   
   4.0626E+01      6.9926E+02      0.0000E+00      0.0000E+00      2.0003E+02     -2.6844E-02   
   4.0795E+01      7.0095E+02      0.0000E+00      0.0000E+00      2.0003E+02     -2.6844E-02   
   4.0963E+01      7.0263E+02      0.0000E+00      0.0000E+00      2.0003E+02     -2.6844E-02   
   4.1131E+01      7.0431E+02      0.0000E+00      0.0000E+00      2.0003E+02     -2.6844E-02   
   4.1299E+01      7.0599E+02      0.0000E+00      0.0000E+00      2.0003E+02     -2.6844E-02   
   4.1468E+01      7.0768E+02      0.0000E+00      0.0000E+00      2.0003E+02     -2.6844E-02   
   4.1636E+01      7.0936E+02      0.0000E+00      0.0000E+00      2.0003E+02     -2.6844E-02   
   4.1804E+01      7.1104E+02      0.0000E+00      0.0000E+00      2.0003E+02     -2.6844E-02   
   4.1972E+01      7.1272E+02      0.0000E+00      0.0000E+00      2.0003E+02     -2.6844E-02   
   4.2141E+01      7.1441E+02      0.0000E+00      0.0000E+00      2.0003E+02     -2.6844E-02   
   4.2309E+01      7.1609E+02      0.0000E+00      0.0000E+00      2.0003E+02     -2.6844E-02   
   4.2477E+01      7.1777E+02      0.0000E+00      0.0000E+00      2.0003E+02     -2.6844E-02   
   4.2645E+01      7.1945E+02      0.0000E+00      0.0000E+00      2.0003E+02     -2.6844E-02   
   4.2814E+01      7.2114E+02      0.0000E+00      0.0000E+00      2.0003E+02     -2.6844E-02   
   4.2982E+01      7.2282E+02      0.0000E+00      0.0000E+00      2.0003E+02     -2.6844E-02   
   4.3150E+01      7.2300E+02      0.0000E+00      0.0000E+00      2.0003E+02     -2.6844E-02   
   4.3318E+01      7.2300E+02      0.0000E+00      0.0000E+00      2.0003E+02     -2.6844E-02   
   4.3487E+01      7.2300E+02      0.0000E+00      0.0000E+00      2.0003E+02     -2.6844E-02   
   4.3655E+01      7.2300E+02      0.0000E+00      0.0000E+00      2.0003E+02     -2.6844E-02   
   4.3823E+01      7.2300E+02      0.0000E+00      0.0000E+00      2.0003E+02     -2.6844E-02   
   4.3992E+01      7.2300E+02      0.0000E+00      0.0000E+00      2.0003E+02     -2.6844E-02   
   4.4160E+01      7.2300E+02      0.0000E+00      0.0000E+00      2.0003E+02     -2.6844E-02   
   4.4328E+01      7.2300E+02      0.0000E+00      0.0000E+00      2.0003E+02     -2.6844E-02   
   4.4496E+01      7.2300E+02      0.0000E+00      0.0000E+00      2.0003E+02     -2.6844E-02   
   4.4665E+01      7.2300E+02      0.0000E+00      0.0000E+00      2.0003E+02     -2.6844E-02   
   4.4833E+01      7.2300E+02      0.0000E+00      0.0000E+00      2.0003E+02     -2.6844E-02   
   4.5001E+01      7.2300E+02      0.0000E+00      0.0000E+00      2.0003E+02     -2.6844E-02   
   4.5169E+01      7.2300E+02      0.0000E+00      0.0000E+00      2.0003E+02     -2.6844E-02   
   4.5338E+01      7.2300E+02      0.0000E+00      0.0000E+00      2.0003E+02     -2.6844E-02   
   4.5506E+01      7.2300E+02      0.0000E+00      0.0000E+00      2.0003E+02     -2.6844E-02   
   4.5674E+01      7.2300E+02      0.0000E+00      0.0000E+00      2.0003E+02     -2.6844E-02   
   4.5842E+01      7.2300E+02      0.0000E+00      0.0000E+00      2.0003E+02     -2.6844E-02   
   4.6011E+01      7.2300E+02      0.0000E+00      0.0000E+00      2.0003E+02     -2.6844E-02   
   4.6179E+01      7.2300E+02      0.0000E+00      0.0000E+00      2.0003E+02     -2.6844E-02   
   4.6347E+01      7.2300E+02      0.0000E+00      0.0000E+00      2.0003E+02     -2.6844E-02   
   4.6516E+01      7.2300E+02      0.0000E+00      0.0000E+00      2.0003E+02     -2.6844E-02   
   4.6684E+01      7.2300E+02      0.0000E+00      0.0000E+00      2.0003E+02     -2.6844E-02   
   4.6852E+01      7.2300E+02      0.0000E+00      0.0000E+00      2.0003E+02     -2.6844E-02   
   4.7020E+01      7.2300E+02      0.0000E+00      0.0000E+00      2.0003E+02     -2.6844E-02   
   4.7189E+01      7.2300E+02      0.0000E+00      0.0000E+00      2.0003E+02     -2.6844E-02   
   4.7357E+01      7.2300E+02      0.0000E+00      0.0000E+00      2.0003E+02     -2.6844E-02   
   4.7525E+01      7.2300E+02      0.0000E+00      0.0000E+00      2.0003E+02     -2.6844E-02   
   4.7693E+01      7.2300E+02      0.0000E+00      0.0000E+00      2.0003E+02     -2.6844E-02   
   4.7862E+01      7.2300E+02      0.0000E+00      0.0000E+00      2.0003E+02     -2.6844E-02   
   4.8030E+01      7.2300E+02      0.0000E+00      0.0000E+00      2.0003E+02     -2.6844E-02   
   4.8198E+01      7.2300E+02      0.0000E+00      0.0000E+00      2.0003E+02     -2.6844E-02   
   4.8366E+01      7.2300E+02      0.0000E+00      0.0000E+00      2.0003E+02     -2.6844E-02   
   4.8535E+01      7.2300E+02      0.0000E+00      0.0000E+00      2.0003E+02     -2.6844E-02   
   4.8703E+01      7.2300E+02      0.0000E+00      0.0000E+00      2.0003E+02     -2.6844E-02   
   4.8871E+01      7.2300E+02      0.0000E+00      0.0000E+00      2.0003E+02     -2.6844E-02   
   4.9039E+01      7.2300E+02      0.0000E+00      0.0000E+00      2.0003E+02     -2.6844E-02   
   4.9208E+01      7.2300E+02      0.0000E+00      0.0000E+00      2.0003E+02     -2.6844E-02   
   4.9376E+01      7.2300E+02      0.0000E+00      0.0000E+00      2.0003E+02     -2.6844E-02   
   4.9544E+01      7.2300E+02      0.0000E+00      0.0000E+00      2.0003E+02     -2.6844E-02   
   4.9713E+01      7.2300E+02      0.0000E+00      0.0000E+00      2.0003E+02     -2.6844E-02   
   4.9881E+01      7.2300E+02      0.0000E+00      0.0000E+00      2.0003E+02     -2.6844E-02   
   5.0049E+01      7.2300E+02      0.0000E+00      0.0000E+00      2.0003E+02     -2.6844E-02   
   5.0217E+01      7.2300E+02      0.0000E+00      0.0000E+00      2.0003E+02     -2.6844E-02   
   5.0386E+01      7.2300E+02      0.0000E+00      0.0000E+00      2.0003E+02     -2.6844E-02   
   5.0554E+01      7.2300E+02      0.0000E+00      0.0000E+00      2.0003E+02     -2.6844E-02   
   5.0722E+01      7.2300E+02      0.0000E+00      0.0000E+00      2.0003E+02     -2.6844E-02   
   5.0890E+01      7.2300E+02      0.0000E+00      0.0000E+00      2.0003E+02     -2.6844E-02   
   5.1059E+01      7.2300E+02      0.0000E+00      0.0000E+00      2.0003E+02     -2.6844E-02   
   5.1227E+01      7.2300E+02      0.0000E+00      0.0000E+00      2.0003E+02     -2.6844E-02   
   5.1395E+01      7.2300E+02      0.0000E+00      0.0000E+00      2.0003E+02     -2.6844E-02   
   5.1563E+01      7.2300E+02      0.0000E+00      0.0000E+00      2.0003E+02     -2.6844E-02   
   5.1732E+01      7.2300E+02      0.0000E+00      0.0000E+00      2.0003E+02     -2.6844E-02   
   5.1900E+01      7.2300E+02      0.0000E+00      0.0000E+00      2.0003E+02     -2.6844E-02   
   5.2068E+01      7.2300E+02      0.0000E+00      0.0000E+00      2.0003E+02     -2.6844E-02   
   5.2237E+01      7.2300E+02      0.0000E+00      0.0000E+00      2.0003E+02     -2.6844E-02   
   5.2405E+01      7.2300E+02      0.0000E+00      0.0000E+00      2.0003E+02     -2.6844E-02   
   5.2573E+01      7.2300E+02      0.0000E+00      0.0000E+00      2.0003E+02     -2.6844E-02   
   5.2741E+01      7.2300E+02      0.0000E+00      0.0000E+00      2.0003E+02     -2.6844E-02   
   5.2910E+01      7.2300E+02      0.0000E+00      0.0000E+00      2.0003E+02     -2.6844E-02   
   5.3078E+01      7.2222E+02      0.0000E+00      0.0000E+00      2.0003E+02     -2.6844E-02   
   5.3246E+01      7.2054E+02      0.0000E+00      0.0000E+00      2.0003E+02     -2.6844E-02   
   5.3414E+01      7.1886E+02      0.0000E+00      0.0000E+00      2.0003E+02     -2.6844E-02   
   5.3583E+01      7.1717E+02      0.0000E+00      0.0000E+00      2.0003E+02     -2.6844E-02   
   5.3751E+01      7.1549E+02      0.0000E+00      0.0000E+00      2.0003E+02     -2.6844E-02   
   5.3919E+01      7.1381E+02      0.0000E+00      0.0000E+00      2.0003E+02     -2.6844E-02   
   5.4087E+01      7.1213E+02      0.0000E+00      0.0000E+00      2.0003E+02     -2.6844E-02   
   5.4256E+01      7.1044E+02      0.0000E+00      0.0000E+00      2.0003E+02     -2.6844E-02   
   5.4424E+01      7.0876E+02      0.0000E+00      0.0000E+00      2.0003E+02     -2.6844E-02   
   5.4592E+01      7.0708E+02      0.0000E+00      0.0000E+00      2.0003E+02     -2.6844E-02   
   5.4760E+01      7.0540E+02      0.0000E+00      0.0000E+00      2.0003E+02     -2.6844E-02   
   5.4929E+01      7.0371E+02      0.0000E+00      0.0000E+00      2.0003E+02     -2.6844E-02   
   5.5097E+01      7.0203E+02      0.0000E+00      0.0000E+00      2.0003E+02     -2.6844E-02   
   5.5265E+01      7.0035E+02      0.0000E+00      0.0000E+00      2.0003E+02     -2.6844E-02   
   5.5433E+01      6.9867E+02      0.0000E+00      0.0000E+00      2.0003E+02     -2.6844E-02   
   5.5602E+01      6.9698E+02      0.0000E+00      0.0000E+00      2.0003E+02     -2.6844E-02   
   5.5770E+01      6.9530E+02      0.0000E+00      0.0000E+00      2.0003E+02     -2.6844E-02   
   5.5938E+01      6.9362E+02      0.0000E+00      0.0000E+00      2.0003E+02     -2.6844E-02   
   5.6106E+01      6.9194E+02      0.0000E+00      0.0000E+00      2.0003E+02     -2.6844E-02   
   5.6275E+01      6.9025E+02      0.0000E+00      0.0000E+00      2.0003E+02     -2.6844E-02   
   5.6443E+01      6.8857E+02      0.0000E+00      0.0000E+00      2.0003E+02     -2.6844E-02   
   5.6611E+01      6.8689E+02      0.0000E+00      0.0000E+00      2.0003E+02     -2.6844E-02   
   5.6779E+01      6.8521E+02      0.0000E+00      0.0000E+00      2.0003E+02     -2.6844E-02   
   5.6953E+01      6.8347E+02      0.0000E+00      0.0000E+00      2.0003E+02     -2.6844E-02   
   5.7121E+01      6.8179E+02      0.0000E+00      0.0000E+00      2.0003E+02     -2.6844E-02   
   5.7292E+01      6.8008E+02      0.0000E+00      0.0000E+00      2.0003E+02     -2.6844E-02   
   5.7467E+01      6.7833E+02      0.0000E+00      0.0000E+00      2.0003E+02     -2.6844E-02   
   5.7645E+01      6.7655E+02      0.0000E+00      0.0000E+00      2.0003E+02     -2.6844E-02   
   5.7827E+01      6.7473E+02      0.0000E+00      0.0000E+00      2.0003E+02     -2.6844E-02   
   5.8013E+01      6.7287E+02      0.0000E+00      0.0000E+00      2.0003E+02     -2.6844E-02   
   5.8182E+01      6.7118E+02      0.0000E+00      0.0000E+00      2.0003E+02     -2.6844E-02   
   5.8355E+01      6.6945E+02      0.0000E+00      0.0000E+00      2.0003E+02     -2.6844E-02   
   5.8531E+01      6.6769E+02      0.0000E+00      0.0000E+00      2.0003E+02     -2.6844E-02   
   5.8711E+01      6.6589E+02      0.0000E+00      0.0000E+00      2.0003E+02     -2.6844E-02   
   5.8894E+01      6.6406E+02      0.0000E+00      0.0000E+00      2.0003E+02     -2.6844E-02   
   5.9082E+01      6.6218E+02      0.0000E+00      0.0000E+00      2.0003E+02     -2.6844E-02   
   5.9250E+01      6.6050E+02      0.0000E+00      0.0000E+00      2.0003E+02     -2.6844E-02   
   5.9422E+01      6.5878E+02      0.0000E+00      0.0000E+00      2.0003E+02     -2.6844E-02   
   5.9597E+01      6.5703E+02      0.0000E+00      0.0000E+00      2.0003E+02     -2.6844E-02   
   5.9776E+01      6.5524E+02      0.0000E+00      0.0000E+00      2.0003E+02     -2.6844E-02   
   5.9959E+01      6.5341E+02      0.0000E+00      0.0000E+00      2.0003E+02     -2.6844E-02   
   6.0147E+01      6.5153E+02      0.0000E+00      0.0000E+00      2.0003E+02     -2.6844E-02   
   6.0339E+01      6.4961E+02      0.0000E+00      0.0000E+00      2.0003E+02     -2.6844E-02   
   6.0507E+01      6.4793E+02      0.0000E+00      0.0000E+00      2.0003E+02     -2.6844E-02   
   6.0679E+01      6.4621E+02      0.0000E+00      0.0000E+00      2.0003E+02     -2.6844E-02   
   6.0855E+01      6.4445E+02      0.0000E+00      0.0000E+00      2.0003E+02     -2.6844E-02   
   6.1035E+01      6.4265E+02      0.0000E+00      0.0000E+00      2.0003E+02     -2.6844E-02   
   6.1219E+01      6.4081E+02      0.0000E+00      0.0000E+00      2.0003E+02     -2.6844E-02   
   6.1408E+01      6.3892E+02      0.0000E+00      0.0000E+00      2.0003E+02     -2.6844E-02   
   6.1601E+01      6.3699E+02      0.0000E+00      0.0000E+00      2.0003E+02     -2.6844E-02   
   6.1800E+01      6.3500E+02      0.0000E+00      0.0000E+00      2.0003E+02     -2.6844E-02   
   6.1969E+01      6.3331E+02      0.0000E+00      0.0000E+00      2.0003E+02     -2.6844E-02   
   6.2143E+01      6.3157E+02      0.0000E+00      0.0000E+00      2.0003E+02     -2.6844E-02   
   6.2320E+01      6.2980E+02      0.0000E+00      0.0000E+00      2.0003E+02     -2.6844E-02   
   6.2502E+01      6.2798E+02      0.0000E+00      0.0000E+00      2.0003E+02     -2.6844E-02   
   6.2688E+01      6.2612E+02      0.0000E+00      0.0000E+00      2.0003E+02     -2.6844E-02   
   6.2880E+01      6.2420E+02      0.0000E+00      0.0000E+00      2.0003E+02     -2.6844E-02   
   6.3076E+01      6.2224E+02      0.0000E+00      0.0000E+00      2.0003E+02     -2.6844E-02   
   6.3278E+01      6.2022E+02      0.0000E+00      0.0000E+00      2.0003E+02     -2.6844E-02   
   6.3485E+01      6.1815E+02      0.0000E+00      0.0000E+00      2.0003E+02     -2.6844E-02   
   6.3656E+01      6.1644E+02      0.0000E+00      0.0000E+00      2.0003E+02     -2.6844E-02   
   6.3831E+01      6.1469E+02      0.0000E+00      0.0000E+00      2.0003E+02     -2.6844E-02   
   6.4010E+01      6.1290E+02      0.0000E+00      0.0000E+00      2.0003E+02     -2.6844E-02   
   6.4194E+01      6.1106E+02      0.0000E+00      0.0000E+00      2.0003E+02     -2.6844E-02   
   6.4382E+01      6.0918E+02      0.0000E+00      0.0000E+00      2.0003E+02     -2.6844E-02   
   6.4576E+01      6.0724E+02      0.0000E+00      0.0000E+00      2.0003E+02     -2.6844E-02   
   6.4776E+01      6.0524E+02      0.0000E+00      0.0000E+00      2.0003E+02     -2.6844E-02   
   6.4981E+01      6.0319E+02      0.0000E+00      0.0000E+00      2.0003E+02     -2.6844E-02   
   6.5193E+01      6.0107E+02      1.1280E-02      9.8872E-01      1.9973E+02      2.6769E-01   
   6.5412E+01      5.9888E+02      1.8065E-02      9.8194E-01      1.9872E+02      1.2847E+00   
   6.5580E+01      5.9720E+02      2.1137E-02      9.7886E-01      1.9750E+02      2.4992E+00   
   6.5753E+01      5.9547E+02      2.3787E-02      9.7621E-01      1.9592E+02      4.0804E+00   
   6.5931E+01      5.9369E+02      2.6245E-02      9.7376E-01      1.9399E+02      6.0077E+00   
   6.6114E+01      5.9186E+02      2.8597E-02      9.7140E-01      1.9174E+02      8.2591E+00   
   6.6302E+01      5.8998E+02      3.0884E-02      9.6912E-01      1.8919E+02      1.0811E+01   
   6.6495E+01      5.8805E+02      3.3121E-02      9.6688E-01      1.8636E+02      1.3640E+01   
   6.6694E+01      5.8606E+02      3.5309E-02      9.6469E-01      1.8328E+02      1.6721E+01   
   6.6900E+01      5.8400E+02      3.7442E-02      9.6256E-01      1.7997E+02      2.0030E+01   
   6.7112E+01      5.8188E+02      3.9502E-02      9.6050E-01      1.7646E+02      2.3543E+01   
   6.7332E+01      5.7968E+02      4.1464E-02      9.5854E-01      1.7276E+02      2.7237E+01   
   6.7559E+01      5.7741E+02      4.3296E-02      9.5670E-01      1.6891E+02      3.1092E+01   
   6.7795E+01      5.7505E+02      4.4956E-02      9.5504E-01      1.6491E+02      3.5090E+01   
   6.8041E+01      5.7259E+02      4.6396E-02      9.5360E-01      1.6079E+02      3.9214E+01   
   6.8210E+01      5.7090E+02      4.7206E-02      9.5279E-01      1.5797E+02      4.2029E+01   
   6.8384E+01      5.6916E+02      4.7876E-02      9.5212E-01      1.5511E+02      4.4892E+01   
   6.8563E+01      5.6737E+02      4.8388E-02      9.5161E-01      1.5220E+02      4.7803E+01   
   6.8747E+01      5.6553E+02      4.8726E-02      9.5127E-01      1.4924E+02      5.0760E+01   
   6.8937E+01      5.6363E+02      4.8872E-02      9.5113E-01      1.4624E+02      5.3763E+01   
   6.9134E+01      5.6166E+02      4.8811E-02      9.5119E-01      1.4319E+02      5.6814E+01   
   6.9337E+01      5.5963E+02      4.8531E-02      9.5147E-01      1.4009E+02      5.9914E+01   
   6.9547E+01      5.5753E+02      4.8022E-02      9.5198E-01      1.3693E+02      6.3067E+01   
   6.9765E+01      5.5535E+02      4.7278E-02      9.5272E-01      1.3373E+02      6.6275E+01   
   6.9992E+01      5.5308E+02      4.6296E-02      9.5370E-01      1.3046E+02      6.9543E+01   
   7.0228E+01      5.5072E+02      4.5077E-02      9.5492E-01      1.2712E+02      7.2876E+01   
   7.0473E+01      5.4827E+02      4.3626E-02      9.5637E-01      1.2372E+02      7.6281E+01   
   7.0730E+01      5.4570E+02      4.1954E-02      9.5805E-01      1.2024E+02      7.9764E+01   
   7.1000E+01      5.4300E+02      4.0071E-02      9.5993E-01      1.1667E+02      8.3334E+01   
   7.1277E+01      5.4023E+02      3.8036E-02      9.6196E-01      1.1324E+02      8.6758E+01   
   7.1539E+01      5.3761E+02      3.6051E-02      9.6395E-01      1.1010E+02      8.9901E+01   
   7.1786E+01      5.3514E+02      3.4156E-02      9.6584E-01      1.0720E+02      9.2802E+01   
   7.2019E+01      5.3281E+02      3.2364E-02      9.6764E-01      1.0451E+02      9.5489E+01   
   7.2239E+01      5.3061E+02      3.0681E-02      9.6932E-01      1.0201E+02      9.7988E+01   
   7.2448E+01      5.2852E+02      2.9106E-02      9.7089E-01      9.9681E+01      1.0032E+02   
   7.2647E+01      5.2653E+02      2.7635E-02      9.7236E-01      9.7499E+01      1.0250E+02   
   7.2837E+01      5.2463E+02      2.6262E-02      9.7374E-01      9.5451E+01      1.0455E+02   
   7.3017E+01      5.2283E+02      2.4982E-02      9.7502E-01      9.3525E+01      1.0648E+02   
   7.3190E+01      5.2110E+02      2.3789E-02      9.7621E-01      9.1707E+01      1.0829E+02   
   7.3436E+01      5.1864E+02      2.2146E-02      9.7785E-01      8.9166E+01      1.1083E+02   
   7.3668E+01      5.1632E+02      2.0664E-02      9.7934E-01      8.6820E+01      1.1318E+02   
   7.3886E+01      5.1414E+02      1.9324E-02      9.8068E-01      8.4646E+01      1.1535E+02   
   7.4092E+01      5.1208E+02      1.8109E-02      9.8189E-01      8.2624E+01      1.1738E+02   
   7.4288E+01      5.1012E+02      1.7006E-02      9.8299E-01      8.0736E+01      1.1926E+02   
   7.4475E+01      5.0825E+02      1.6001E-02      9.8400E-01      7.8970E+01      1.2103E+02   
   7.4652E+01      5.0648E+02      1.5084E-02      9.8492E-01      7.7312E+01      1.2269E+02   
   7.4822E+01      5.0478E+02      1.4245E-02      9.8575E-01      7.5752E+01      1.2425E+02   
   7.5036E+01      5.0264E+02      1.3233E-02      9.8677E-01      7.3809E+01      1.2619E+02   
   7.5239E+01      5.0061E+02      1.2327E-02      9.8767E-01      7.2004E+01      1.2800E+02   
   7.5431E+01      4.9869E+02      1.1514E-02      9.8849E-01      7.0322E+01      1.2968E+02   
   7.5614E+01      4.9686E+02      1.0781E-02      9.8922E-01      6.8750E+01      1.3125E+02   
   7.5787E+01      4.9513E+02      1.0117E-02      9.8988E-01      6.7277E+01      1.3272E+02   
   7.5993E+01      4.9307E+02      9.3728E-03      9.9063E-01      6.5559E+01      1.3444E+02   
   7.6188E+01      4.9112E+02      8.7103E-03      9.9129E-01      6.3963E+01      1.3604E+02   
   7.6373E+01      4.8927E+02      8.1179E-03      9.9188E-01      6.2475E+01      1.3752E+02   
   7.6548E+01      4.8752E+02      7.5858E-03      9.9241E-01      6.1084E+01      1.3892E+02   
   7.6715E+01      4.8585E+02      7.1062E-03      9.9289E-01      5.9780E+01      1.4022E+02   
   7.6905E+01      4.8395E+02      6.5903E-03      9.9341E-01      5.8318E+01      1.4168E+02   
   7.7085E+01      4.8215E+02      6.1305E-03      9.9387E-01      5.6955E+01      1.4305E+02   
   7.7257E+01      4.8043E+02      5.7189E-03      9.9428E-01      5.5681E+01      1.4432E+02   
   7.7446E+01      4.7854E+02      5.2908E-03      9.9471E-01      5.4295E+01      1.4571E+02   
   7.7626E+01      4.7674E+02      4.9107E-03      9.9509E-01      5.3005E+01      1.4700E+02   
   7.7796E+01      4.7504E+02      4.5716E-03      9.9543E-01      5.1800E+01      1.4820E+02   
   7.7981E+01      4.7319E+02      4.2268E-03      9.9577E-01      5.0517E+01      1.4948E+02   
   7.8156E+01      4.7144E+02      3.9210E-03      9.9608E-01      4.9322E+01      1.5068E+02   
   7.8342E+01      4.6958E+02      3.6164E-03      9.9638E-01      4.8072E+01      1.5193E+02   
   7.8518E+01      4.6782E+02      3.3472E-03      9.9665E-01      4.6910E+01      1.5309E+02   
   7.8685E+01      4.6615E+02      3.1080E-03      9.9689E-01      4.5826E+01      1.5417E+02   
   7.8861E+01      4.6439E+02      2.8722E-03      9.9713E-01      4.4703E+01      1.5530E+02   
   7.9028E+01      4.6272E+02      2.6632E-03      9.9734E-01      4.3657E+01      1.5634E+02   
   7.9201E+01      4.6099E+02      2.4595E-03      9.9754E-01      4.2586E+01      1.5741E+02   
   7.9381E+01      4.5919E+02      2.2638E-03      9.9774E-01      4.1499E+01      1.5850E+02   
   7.9550E+01      4.5750E+02      2.0913E-03      9.9791E-01      4.0490E+01      1.5951E+02   
   7.9724E+01      4.5576E+02      1.9266E-03      9.9807E-01      3.9474E+01      1.6053E+02   
   7.9901E+01      4.5399E+02      1.7708E-03      9.9823E-01      3.8459E+01      1.6154E+02   
   8.0069E+01      4.5231E+02      1.6338E-03      9.9837E-01      3.7516E+01      1.6248E+02   
   8.0238E+01      4.5062E+02      1.5045E-03      9.9850E-01      3.6577E+01      1.6342E+02   
   8.0409E+01      4.4891E+02      1.3834E-03      9.9862E-01      3.5647E+01      1.6435E+02   
   8.0581E+01      4.4719E+02      1.2707E-03      9.9873E-01      3.4731E+01      1.6527E+02   
   8.0752E+01      4.4548E+02      1.1662E-03      9.9883E-01      3.3832E+01      1.6617E+02   
   8.0923E+01      4.4377E+02      1.0697E-03      9.9893E-01      3.2954E+01      1.6705E+02   
   8.1093E+01      4.4207E+02      9.8618E-04      9.9901E-01      3.2096E+01      1.6790E+02   
   8.1268E+01      4.4032E+02      9.0125E-04      9.9910E-01      3.1232E+01      1.6877E+02   
   8.1443E+01      4.3857E+02      8.2265E-04      9.9918E-01      3.0385E+01      1.6962E+02   
   8.1618E+01      4.3682E+02      7.5024E-04      9.9925E-01      2.9554E+01      1.7045E+02   
   8.1793E+01      4.3507E+02      6.8360E-04      9.9932E-01      2.8739E+01      1.7126E+02   
   8.1968E+01      4.3332E+02      6.2233E-04      9.9938E-01      2.7941E+01      1.7206E+02   
   8.2143E+01      4.3157E+02      5.6603E-04      9.9943E-01      2.7158E+01      1.7284E+02   
   8.2318E+01      4.2982E+02      5.1436E-04      9.9949E-01      2.6391E+01      1.7361E+02   
   8.2493E+01      4.2807E+02      4.6697E-04      9.9953E-01      2.5640E+01      1.7436E+02   
   8.2668E+01      4.2632E+02      4.2356E-04      9.9958E-01      2.4905E+01      1.7510E+02   
   8.2843E+01      4.2457E+02      3.8383E-04      9.9962E-01      2.4184E+01      1.7582E+02   
   8.3018E+01      4.2282E+02      3.4749E-04      9.9965E-01      2.3479E+01      1.7652E+02   
   8.3193E+01      4.2107E+02      3.1429E-04      9.9969E-01      2.2789E+01      1.7721E+02   
   8.3368E+01      4.1932E+02      2.8400E-04      9.9972E-01      2.2113E+01      1.7789E+02   
   8.3543E+01      4.1757E+02      2.5637E-04      9.9974E-01      2.1453E+01      1.7855E+02   
   8.3718E+01      4.1582E+02      2.3120E-04      9.9977E-01      2.0806E+01      1.7919E+02   
   8.3893E+01      4.1407E+02      2.0830E-04      9.9979E-01      2.0174E+01      1.7983E+02   
   8.4068E+01      4.1232E+02      1.8748E-04      9.9981E-01      1.9556E+01      1.8044E+02   
   8.4243E+01      4.1057E+02      1.6857E-04      9.9983E-01      1.8952E+01      1.8105E+02   
   8.4418E+01      4.0882E+02      1.5141E-04      9.9985E-01      1.8361E+01      1.8164E+02   
   8.4593E+01      4.0707E+02      1.3586E-04      9.9986E-01      1.7785E+01      1.8222E+02   
   8.4768E+01      4.0532E+02      1.2178E-04      9.9988E-01      1.7221E+01      1.8278E+02   
   8.4943E+01      4.0357E+02      1.0904E-04      9.9989E-01      1.6671E+01      1.8333E+02   
   8.5118E+01      4.0182E+02      9.7531E-05      9.9990E-01      1.6134E+01      1.8387E+02   
   8.5293E+01      4.0007E+02      8.7142E-05      9.9991E-01      1.5609E+01      1.8439E+02   
   8.5468E+01      3.9832E+02      7.7775E-05      9.9992E-01      1.5097E+01      1.8490E+02   
   8.5643E+01      3.9657E+02      6.9339E-05      9.9993E-01      1.4598E+01      1.8540E+02   
   8.5818E+01      3.9482E+02      6.1748E-05      9.9994E-01      1.4111E+01      1.8589E+02   
   8.5993E+01      3.9307E+02      5.4927E-05      9.9995E-01      1.3636E+01      1.8636E+02   
   8.6168E+01      3.9132E+02      4.8803E-05      9.9995E-01      1.3173E+01      1.8683E+02   
   8.6343E+01      3.8957E+02      4.3312E-05      9.9996E-01      1.2722E+01      1.8728E+02   
   8.6518E+01      3.8782E+02      3.8394E-05      9.9996E-01      1.2283E+01      1.8772E+02   
   8.6693E+01      3.8607E+02      3.3994E-05      9.9997E-01      1.1855E+01      1.8815E+02   
   8.6868E+01      3.8432E+02      3.0063E-05      9.9997E-01      1.1438E+01      1.8856E+02   
   8.7043E+01      3.8257E+02      2.6553E-05      9.9997E-01      1.1032E+01      1.8897E+02   
   8.7218E+01      3.8082E+02      2.3425E-05      9.9998E-01      1.0637E+01      1.8936E+02   
   8.7393E+01      3.7907E+02      2.0640E-05      9.9998E-01      1.0253E+01      1.8975E+02   
   8.7568E+01      3.7732E+02      1.8163E-05      9.9998E-01      9.8787E+00      1.9012E+02   
   8.7743E+01      3.7557E+02      1.5962E-05      9.9998E-01      9.5153E+00      1.9048E+02   
   8.7918E+01      3.7382E+02      1.4011E-05      9.9999E-01      9.1620E+00      1.9084E+02   
   8.8093E+01      3.7207E+02      1.2282E-05      9.9999E-01      8.8187E+00      1.9118E+02   
   8.8268E+01      3.7032E+02      1.0752E-05      9.9999E-01      8.4852E+00      1.9151E+02   
   8.8443E+01      3.6857E+02      9.3997E-06      9.9999E-01      8.1613E+00      1.9184E+02   
   8.8618E+01      3.6682E+02      8.2065E-06      9.9999E-01      7.8468E+00      1.9215E+02   
   8.8793E+01      3.6507E+02      7.1550E-06      9.9999E-01      7.5417E+00      1.9246E+02   
   8.8968E+01      3.6332E+02      6.2295E-06      9.9999E-01      7.2456E+00      1.9275E+02   
   8.9143E+01      3.6157E+02      5.4161E-06      9.9999E-01      6.9584E+00      1.9304E+02   
   8.9318E+01      3.5982E+02      4.7021E-06      1.0000E+00      6.6801E+00      1.9332E+02   
   8.9493E+01      3.5807E+02      4.0763E-06      1.0000E+00      6.4102E+00      1.9359E+02   
   8.9668E+01      3.5632E+02      3.5286E-06      1.0000E+00      6.1488E+00      1.9385E+02   
   8.9843E+01      3.5457E+02      3.0500E-06      1.0000E+00      5.8957E+00      1.9410E+02   
   9.0018E+01      3.5282E+02      2.6323E-06      1.0000E+00      5.6506E+00      1.9435E+02   
   9.0193E+01      3.5107E+02      2.2683E-06      1.0000E+00      5.4134E+00      1.9459E+02   
   9.0368E+01      3.4932E+02      1.9516E-06      1.0000E+00      5.1839E+00      1.9482E+02   
   9.0543E+01      3.4757E+02      1.6765E-06      1.0000E+00      4.9620E+00      1.9504E+02   
   9.0718E+01      3.4582E+02      1.4378E-06      1.0000E+00      4.7475E+00      1.9525E+02   
   9.0893E+01      3.4407E+02      1.2311E-06      1.0000E+00      4.5402E+00      1.9546E+02   
   9.1068E+01      3.4232E+02      1.0524E-06      1.0000E+00      4.3400E+00      1.9566E+02   
   9.1243E+01      3.4057E+02      8.9816E-07      1.0000E+00      4.1467E+00      1.9585E+02   
   9.1418E+01      3.3882E+02      7.6520E-07      1.0000E+00      3.9601E+00      1.9604E+02   
   9.1593E+01      3.3707E+02      6.5081E-07      1.0000E+00      3.7802E+00      1.9622E+02   
   9.1768E+01      3.3532E+02      5.5255E-07      1.0000E+00      3.6066E+00      1.9639E+02   
   9.1943E+01      3.3357E+02      4.6829E-07      1.0000E+00      3.4394E+00      1.9656E+02   
   9.2118E+01      3.3182E+02      3.9617E-07      1.0000E+00      3.2782E+00      1.9672E+02   
   9.2293E+01      3.3007E+02      3.3454E-07      1.0000E+00      3.1230E+00      1.9688E+02   
   9.2468E+01      3.2832E+02      2.8198E-07      1.0000E+00      2.9736E+00      1.9703E+02   
   9.2643E+01      3.2657E+02      2.3723E-07      1.0000E+00      2.8299E+00      1.9717E+02   
   9.2818E+01      3.2482E+02      1.9920E-07      1.0000E+00      2.6917E+00      1.9731E+02   
   9.2993E+01      3.2307E+02      1.6694E-07      1.0000E+00      2.5588E+00      1.9744E+02   
   9.3168E+01      3.2132E+02      1.3962E-07      1.0000E+00      2.4312E+00      1.9757E+02   
   9.3343E+01      3.1957E+02      1.1655E-07      1.0000E+00      2.3086E+00      1.9769E+02   
   9.3518E+01      3.1782E+02      9.7086E-08      1.0000E+00      2.1910E+00      1.9781E+02   
   9.3693E+01      3.1607E+02      8.0707E-08      1.0000E+00      2.0782E+00      1.9792E+02   
   9.3868E+01      3.1432E+02      6.6951E-08      1.0000E+00      1.9700E+00      1.9803E+02   
   9.4043E+01      3.1257E+02      5.5420E-08      1.0000E+00      1.8663E+00      1.9813E+02   
   9.4218E+01      3.1082E+02      4.5776E-08      1.0000E+00      1.7670E+00      1.9823E+02   
   9.4393E+01      3.0907E+02      3.7726E-08      1.0000E+00      1.6719E+00      1.9833E+02   
   9.4568E+01      3.0732E+02      3.1023E-08      1.0000E+00      1.5810E+00      1.9842E+02   
   9.4743E+01      3.0557E+02      2.5452E-08      1.0000E+00      1.4941E+00      1.9851E+02   
   9.4918E+01      3.0382E+02      2.0833E-08      1.0000E+00      1.4110E+00      1.9859E+02   
   9.5093E+01      3.0207E+02      1.7012E-08      1.0000E+00      1.3317E+00      1.9867E+02   
   9.5268E+01      3.0032E+02      1.3859E-08      1.0000E+00      1.2559E+00      1.9874E+02   
   9.5443E+01      2.9857E+02      1.1262E-08      1.0000E+00      1.1837E+00      1.9882E+02   
   9.5618E+01      2.9682E+02      9.1296E-09      1.0000E+00      1.1148E+00      1.9889E+02   
   9.5793E+01      2.9507E+02      7.3821E-09      1.0000E+00      1.0492E+00      1.9895E+02   
   9.5968E+01      2.9332E+02      5.9537E-09      1.0000E+00      9.8678E-01      1.9901E+02   
