Results for node = 1
    time [h]    temperature [K]    growth [/]    nucleation [/]   Css [wt.ppm]    Cp [wt.ppm]   
   0.0000E+00      2.9300E+02      0.0000E+00      0.0000E+00      4.8676E-02      1.9995E+02   
   3.3472E-02      2.9400E+02      0.0000E+00      0.0000E+00      4.8678E-02      1.9995E+02   
   6.6944E-02      2.9501E+02      0.0000E+00      0.0000E+00      4.8685E-02      1.9995E+02   
   1.0042E-01      2.9601E+02      0.0000E+00      0.0000E+00      4.8697E-02      1.9995E+02   
   1.3389E-01      2.9702E+02      0.0000E+00      0.0000E+00      4.8716E-02      1.9995E+02   
   1.6736E-01      2.9802E+02      0.0000E+00      0.0000E+00      4.8742E-02      1.9995E+02   
   2.0083E-01      2.9902E+02      0.0000E+00      0.0000E+00      4.8776E-02      1.9995E+02   
   2.3431E-01      3.0003E+02      0.0000E+00      0.0000E+00      4.8820E-02      1.9995E+02   
   2.6778E-01      3.0103E+02      0.0000E+00      0.0000E+00      4.8875E-02      1.9995E+02   
   3.0125E-01      3.0204E+02      0.0000E+00      0.0000E+00      4.8943E-02      1.9995E+02   
   3.3472E-01      3.0304E+02      0.0000E+00      0.0000E+00      4.9024E-02      1.9995E+02   
   3.6819E-01      3.0405E+02      0.0000E+00      0.0000E+00      4.9122E-02      1.9995E+02   
   4.0167E-01      3.0505E+02      0.0000E+00      0.0000E+00      4.9238E-02      1.9995E+02   
   4.3514E-01      3.0605E+02      0.0000E+00      0.0000E+00      4.9374E-02      1.9995E+02   
   4.6861E-01      3.0706E+02      0.0000E+00      0.0000E+00      4.9532E-02      1.9995E+02   
   4.8847E-01      3.0765E+02      0.0000E+00      0.0000E+00      4.9638E-02      1.9995E+02   
   5.2194E-01      3.0866E+02      0.0000E+00      0.0000E+00      4.9838E-02      1.9995E+02   
   5.5542E-01      3.0966E+02      0.0000E+00      0.0000E+00      5.0068E-02      1.9995E+02   
   5.8889E-01      3.1067E+02      0.0000E+00      0.0000E+00      5.0332E-02      1.9995E+02   
   6.2236E-01      3.1167E+02      0.0000E+00      0.0000E+00      5.0633E-02      1.9995E+02   
   6.5583E-01      3.1267E+02      0.0000E+00      0.0000E+00      5.0975E-02      1.9995E+02   
   6.8931E-01      3.1368E+02      0.0000E+00      0.0000E+00      5.1363E-02      1.9995E+02   
   7.2278E-01      3.1468E+02      0.0000E+00      0.0000E+00      5.1801E-02      1.9995E+02   
   7.5625E-01      3.1569E+02      0.0000E+00      0.0000E+00      5.2294E-02      1.9995E+02   
   7.8972E-01      3.1669E+02      0.0000E+00      0.0000E+00      5.2849E-02      1.9995E+02   
   8.2319E-01      3.1770E+02      0.0000E+00      0.0000E+00      5.3471E-02      1.9995E+02   
   8.5667E-01      3.1870E+02      0.0000E+00      0.0000E+00      5.4166E-02      1.9995E+02   
   8.9014E-01      3.1970E+02      0.0000E+00      0.0000E+00      5.4943E-02      1.9995E+02   
   9.2361E-01      3.2071E+02      0.0000E+00      0.0000E+00      5.5808E-02      1.9994E+02   
   9.5708E-01      3.2171E+02      0.0000E+00      0.0000E+00      5.6769E-02      1.9994E+02   
   9.9056E-01      3.2272E+02      0.0000E+00      0.0000E+00      5.7836E-02      1.9994E+02   
   1.0240E+00      3.2372E+02      0.0000E+00      0.0000E+00      5.9019E-02      1.9994E+02   
   1.0575E+00      3.2472E+02      0.0000E+00      0.0000E+00      6.0326E-02      1.9994E+02   
   1.0910E+00      3.2573E+02      0.0000E+00      0.0000E+00      6.1769E-02      1.9994E+02   
   1.1244E+00      3.2673E+02      0.0000E+00      0.0000E+00      6.3361E-02      1.9994E+02   
   1.1579E+00      3.2774E+02      0.0000E+00      0.0000E+00      6.5112E-02      1.9993E+02   
   1.1914E+00      3.2874E+02      0.0000E+00      0.0000E+00      6.7037E-02      1.9993E+02   
   1.2249E+00      3.2975E+02      0.0000E+00      0.0000E+00      6.9149E-02      1.9993E+02   
   1.2583E+00      3.3075E+02      0.0000E+00      0.0000E+00      7.1465E-02      1.9993E+02   
   1.2918E+00      3.3175E+02      0.0000E+00      0.0000E+00      7.3998E-02      1.9993E+02   
   1.3253E+00      3.3276E+02      0.0000E+00      0.0000E+00      7.6767E-02      1.9992E+02   
   1.3587E+00      3.3376E+02      0.0000E+00      0.0000E+00      7.9789E-02      1.9992E+02   
   1.3922E+00      3.3477E+02      0.0000E+00      0.0000E+00      8.3082E-02      1.9992E+02   
   1.4257E+00      3.3577E+02      0.0000E+00      0.0000E+00      8.6668E-02      1.9991E+02   
   1.4592E+00      3.3677E+02      0.0000E+00      0.0000E+00      9.0565E-02      1.9991E+02   
   1.4926E+00      3.3778E+02      0.0000E+00      0.0000E+00      9.4797E-02      1.9991E+02   
   1.5261E+00      3.3878E+02      0.0000E+00      0.0000E+00      9.9386E-02      1.9990E+02   
   1.5596E+00      3.3979E+02      0.0000E+00      0.0000E+00      1.0436E-01      1.9990E+02   
   1.5931E+00      3.4079E+02      0.0000E+00      0.0000E+00      1.0973E-01      1.9989E+02   
   1.6265E+00      3.4180E+02      0.0000E+00      0.0000E+00      1.1554E-01      1.9988E+02   
   1.6600E+00      3.4280E+02      0.0000E+00      0.0000E+00      1.2180E-01      1.9988E+02   
   1.6935E+00      3.4380E+02      0.0000E+00      0.0000E+00      1.2855E-01      1.9987E+02   
   1.7269E+00      3.4481E+02      0.0000E+00      0.0000E+00      1.3582E-01      1.9986E+02   
   1.7604E+00      3.4581E+02      0.0000E+00      0.0000E+00      1.4363E-01      1.9986E+02   
   1.7939E+00      3.4682E+02      0.0000E+00      0.0000E+00      1.5201E-01      1.9985E+02   
   1.8274E+00      3.4782E+02      0.0000E+00      0.0000E+00      1.6100E-01      1.9984E+02   
   1.8608E+00      3.4882E+02      0.0000E+00      0.0000E+00      1.7063E-01      1.9983E+02   
   1.8943E+00      3.4983E+02      0.0000E+00      0.0000E+00      1.8093E-01      1.9982E+02   
   1.9278E+00      3.5083E+02      0.0000E+00      0.0000E+00      1.9193E-01      1.9981E+02   
   1.9612E+00      3.5184E+02      0.0000E+00      0.0000E+00      2.0366E-01      1.9980E+02   
   1.9947E+00      3.5284E+02      0.0000E+00      0.0000E+00      2.1617E-01      1.9978E+02   
   2.0282E+00      3.5385E+02      0.0000E+00      0.0000E+00      2.2947E-01      1.9977E+02   
   2.0617E+00      3.5485E+02      0.0000E+00      0.0000E+00      2.4362E-01      1.9976E+02   
   2.0951E+00      3.5585E+02      0.0000E+00      0.0000E+00      2.5863E-01      1.9974E+02   
   2.1286E+00      3.5686E+02      0.0000E+00      0.0000E+00      2.7454E-01      1.9973E+02   
   2.1621E+00      3.5786E+02      0.0000E+00      0.0000E+00      2.9139E-01      1.9971E+02   
   2.1956E+00      3.5887E+02      0.0000E+00      0.0000E+00      3.0921E-01      1.9969E+02   
   2.2290E+00      3.5987E+02      0.0000E+00      0.0000E+00      3.2803E-01      1.9967E+02   
   2.2625E+00      3.6087E+02      0.0000E+00      0.0000E+00      3.4787E-01      1.9965E+02   
   2.2960E+00      3.6188E+02      0.0000E+00      0.0000E+00      3.6878E-01      1.9963E+02   
   2.3294E+00      3.6288E+02      0.0000E+00      0.0000E+00      3.9076E-01      1.9961E+02   
   2.3629E+00      3.6389E+02      0.0000E+00      0.0000E+00      4.1387E-01      1.9959E+02   
   2.3964E+00      3.6489E+02      0.0000E+00      0.0000E+00      4.3811E-01      1.9956E+02   
   2.4299E+00      3.6590E+02      0.0000E+00      0.0000E+00      4.6351E-01      1.9954E+02   
   2.4633E+00      3.6690E+02      0.0000E+00      0.0000E+00      4.9009E-01      1.9951E+02   
   2.4968E+00      3.6790E+02      0.0000E+00      0.0000E+00      5.1788E-01      1.9948E+02   
   2.5303E+00      3.6891E+02      0.0000E+00      0.0000E+00      5.4689E-01      1.9945E+02   
   2.5637E+00      3.6991E+02      0.0000E+00      0.0000E+00      5.7713E-01      1.9942E+02   
   2.5972E+00      3.7092E+02      0.0000E+00      0.0000E+00      6.0862E-01      1.9939E+02   
   2.6307E+00      3.7192E+02      0.0000E+00      0.0000E+00      6.4137E-01      1.9936E+02   
   2.6642E+00      3.7292E+02      0.0000E+00      0.0000E+00      6.7539E-01      1.9932E+02   
   2.6976E+00      3.7393E+02      0.0000E+00      0.0000E+00      7.1069E-01      1.9929E+02   
   2.7311E+00      3.7493E+02      0.0000E+00      0.0000E+00      7.4727E-01      1.9925E+02   
   2.7646E+00      3.7594E+02      0.0000E+00      0.0000E+00      7.8513E-01      1.9921E+02   
   2.7981E+00      3.7694E+02      0.0000E+00      0.0000E+00      8.2428E-01      1.9918E+02   
   2.8315E+00      3.7795E+02      0.0000E+00      0.0000E+00      8.6472E-01      1.9914E+02   
   2.8650E+00      3.7895E+02      0.0000E+00      0.0000E+00      9.0643E-01      1.9909E+02   
   2.8985E+00      3.7995E+02      0.0000E+00      0.0000E+00      9.4943E-01      1.9905E+02   
   2.9319E+00      3.8096E+02      0.0000E+00      0.0000E+00      9.9371E-01      1.9901E+02   
   2.9654E+00      3.8196E+02      0.0000E+00      0.0000E+00      1.0393E+00      1.9896E+02   
   2.9989E+00      3.8297E+02      0.0000E+00      0.0000E+00      1.0861E+00      1.9891E+02   
   3.0324E+00      3.8397E+02      0.0000E+00      0.0000E+00      1.1341E+00      1.9887E+02   
   3.0658E+00      3.8497E+02      0.0000E+00      0.0000E+00      1.1835E+00      1.9882E+02   
   3.0993E+00      3.8598E+02      0.0000E+00      0.0000E+00      1.2340E+00      1.9877E+02   
   3.1328E+00      3.8698E+02      0.0000E+00      0.0000E+00      1.2858E+00      1.9871E+02   
   3.1662E+00      3.8799E+02      0.0000E+00      0.0000E+00      1.3389E+00      1.9866E+02   
   3.1997E+00      3.8899E+02      0.0000E+00      0.0000E+00      1.3932E+00      1.9861E+02   
   3.2332E+00      3.9000E+02      0.0000E+00      0.0000E+00      1.4487E+00      1.9855E+02   
   3.2667E+00      3.9100E+02      0.0000E+00      0.0000E+00      1.5054E+00      1.9849E+02   
   3.3001E+00      3.9200E+02      0.0000E+00      0.0000E+00      1.5634E+00      1.9844E+02   
   3.3336E+00      3.9301E+02      0.0000E+00      0.0000E+00      1.6225E+00      1.9838E+02   
   3.3671E+00      3.9401E+02      0.0000E+00      0.0000E+00      1.6830E+00      1.9832E+02   
   3.4006E+00      3.9502E+02      0.0000E+00      0.0000E+00      1.7446E+00      1.9826E+02   
   3.4340E+00      3.9602E+02      0.0000E+00      0.0000E+00      1.8075E+00      1.9819E+02   
   3.4675E+00      3.9702E+02      0.0000E+00      0.0000E+00      1.8717E+00      1.9813E+02   
   3.5010E+00      3.9803E+02      0.0000E+00      0.0000E+00      1.9371E+00      1.9806E+02   
   3.5344E+00      3.9903E+02      0.0000E+00      0.0000E+00      2.0038E+00      1.9800E+02   
   3.5679E+00      4.0004E+02      0.0000E+00      0.0000E+00      2.0718E+00      1.9793E+02   
   3.6014E+00      4.0104E+02      0.0000E+00      0.0000E+00      2.1410E+00      1.9786E+02   
   3.6349E+00      4.0205E+02      0.0000E+00      0.0000E+00      2.2117E+00      1.9779E+02   
   3.6683E+00      4.0305E+02      0.0000E+00      0.0000E+00      2.2836E+00      1.9772E+02   
   3.7018E+00      4.0405E+02      0.0000E+00      0.0000E+00      2.3569E+00      1.9764E+02   
   3.7353E+00      4.0506E+02      0.0000E+00      0.0000E+00      2.4317E+00      1.9757E+02   
   3.7687E+00      4.0606E+02      0.0000E+00      0.0000E+00      2.5078E+00      1.9749E+02   
   3.8022E+00      4.0707E+02      0.0000E+00      0.0000E+00      2.5853E+00      1.9741E+02   
   3.8357E+00      4.0807E+02      0.0000E+00      0.0000E+00      2.6644E+00      1.9734E+02   
   3.8692E+00      4.0907E+02      0.0000E+00      0.0000E+00      2.7449E+00      1.9726E+02   
   3.9026E+00      4.1008E+02      0.0000E+00      0.0000E+00      2.8269E+00      1.9717E+02   
   3.9361E+00      4.1108E+02      0.0000E+00      0.0000E+00      2.9104E+00      1.9709E+02   
   3.9696E+00      4.1209E+02      0.0000E+00      0.0000E+00      2.9955E+00      1.9700E+02   
   4.0031E+00      4.1309E+02      0.0000E+00      0.0000E+00      3.0823E+00      1.9692E+02   
   4.0365E+00      4.1410E+02      0.0000E+00      0.0000E+00      3.1706E+00      1.9683E+02   
   4.0700E+00      4.1510E+02      0.0000E+00      0.0000E+00      3.2606E+00      1.9674E+02   
   4.1035E+00      4.1610E+02      0.0000E+00      0.0000E+00      3.3522E+00      1.9665E+02   
   4.1369E+00      4.1711E+02      0.0000E+00      0.0000E+00      3.4456E+00      1.9655E+02   
   4.1704E+00      4.1811E+02      0.0000E+00      0.0000E+00      3.5407E+00      1.9646E+02   
   4.2039E+00      4.1912E+02      0.0000E+00      0.0000E+00      3.6376E+00      1.9636E+02   
   4.2374E+00      4.2012E+02      0.0000E+00      0.0000E+00      3.7362E+00      1.9626E+02   
   4.2708E+00      4.2112E+02      0.0000E+00      0.0000E+00      3.8367E+00      1.9616E+02   
   4.3043E+00      4.2213E+02      0.0000E+00      0.0000E+00      3.9391E+00      1.9606E+02   
   4.3378E+00      4.2313E+02      0.0000E+00      0.0000E+00      4.0433E+00      1.9596E+02   
   4.3712E+00      4.2414E+02      0.0000E+00      0.0000E+00      4.1494E+00      1.9585E+02   
   4.4047E+00      4.2514E+02      0.0000E+00      0.0000E+00      4.2575E+00      1.9574E+02   
   4.4382E+00      4.2615E+02      0.0000E+00      0.0000E+00      4.3675E+00      1.9563E+02   
   4.4717E+00      4.2715E+02      0.0000E+00      0.0000E+00      4.4795E+00      1.9552E+02   
   4.5051E+00      4.2815E+02      0.0000E+00      0.0000E+00      4.5936E+00      1.9541E+02   
   4.5386E+00      4.2916E+02      0.0000E+00      0.0000E+00      4.7097E+00      1.9529E+02   
   4.5721E+00      4.3016E+02      0.0000E+00      0.0000E+00      4.8279E+00      1.9517E+02   
   4.6056E+00      4.3117E+02      0.0000E+00      0.0000E+00      4.9482E+00      1.9505E+02   
   4.6390E+00      4.3217E+02      0.0000E+00      0.0000E+00      5.0706E+00      1.9493E+02   
   4.6725E+00      4.3317E+02      0.0000E+00      0.0000E+00      5.1952E+00      1.9480E+02   
   4.7060E+00      4.3418E+02      0.0000E+00      0.0000E+00      5.3221E+00      1.9468E+02   
   4.7394E+00      4.3518E+02      0.0000E+00      0.0000E+00      5.4511E+00      1.9455E+02   
   4.7729E+00      4.3619E+02      0.0000E+00      0.0000E+00      5.5824E+00      1.9442E+02   
   4.8064E+00      4.3719E+02      0.0000E+00      0.0000E+00      5.7161E+00      1.9428E+02   
   4.8399E+00      4.3820E+02      0.0000E+00      0.0000E+00      5.8520E+00      1.9415E+02   
   4.8733E+00      4.3920E+02      0.0000E+00      0.0000E+00      5.9903E+00      1.9401E+02   
   4.9068E+00      4.4020E+02      0.0000E+00      0.0000E+00      6.1310E+00      1.9387E+02   
   4.9403E+00      4.4121E+02      0.0000E+00      0.0000E+00      6.2741E+00      1.9373E+02   
   4.9737E+00      4.4221E+02      0.0000E+00      0.0000E+00      6.4197E+00      1.9358E+02   
   5.0072E+00      4.4322E+02      0.0000E+00      0.0000E+00      6.5675E+00      1.9343E+02   
   5.0406E+00      4.4422E+02      0.0000E+00      0.0000E+00      6.7178E+00      1.9328E+02   
   5.0739E+00      4.4522E+02      0.0000E+00      0.0000E+00      6.8705E+00      1.9313E+02   
   5.1074E+00      4.4622E+02      0.0000E+00      0.0000E+00      7.0259E+00      1.9297E+02   
   5.1408E+00      4.4722E+02      0.0000E+00      0.0000E+00      7.1841E+00      1.9282E+02   
   5.1742E+00      4.4823E+02      0.0000E+00      0.0000E+00      7.3447E+00      1.9266E+02   
   5.2076E+00      4.4923E+02      0.0000E+00      0.0000E+00      7.5077E+00      1.9249E+02   
   5.2410E+00      4.5023E+02      0.0000E+00      0.0000E+00      7.6737E+00      1.9233E+02   
   5.2744E+00      4.5123E+02      0.0000E+00      0.0000E+00      7.8424E+00      1.9216E+02   
   5.3078E+00      4.5223E+02      0.0000E+00      0.0000E+00      8.0139E+00      1.9199E+02   
   5.3411E+00      4.5323E+02      0.0000E+00      0.0000E+00      8.1878E+00      1.9181E+02   
   5.3746E+00      4.5424E+02      0.0000E+00      0.0000E+00      8.3650E+00      1.9164E+02   
   5.4081E+00      4.5524E+02      0.0000E+00      0.0000E+00      8.5454E+00      1.9145E+02   
   5.4416E+00      4.5625E+02      0.0000E+00      0.0000E+00      8.7288E+00      1.9127E+02   
   5.4751E+00      4.5725E+02      0.0000E+00      0.0000E+00      8.9151E+00      1.9108E+02   
   5.5085E+00      4.5825E+02      0.0000E+00      0.0000E+00      9.1040E+00      1.9090E+02   
   5.5421E+00      4.5926E+02      0.0000E+00      0.0000E+00      9.2967E+00      1.9070E+02   
   5.5755E+00      4.6026E+02      0.0000E+00      0.0000E+00      9.4916E+00      1.9051E+02   
   5.6090E+00      4.6127E+02      0.0000E+00      0.0000E+00      9.6899E+00      1.9031E+02   
   5.6425E+00      4.6227E+02      0.0000E+00      0.0000E+00      9.8916E+00      1.9011E+02   
   5.6760E+00      4.6328E+02      0.0000E+00      0.0000E+00      1.0096E+01      1.8990E+02   
   5.7095E+00      4.6428E+02      0.0000E+00      0.0000E+00      1.0304E+01      1.8970E+02   
   5.7428E+00      4.6529E+02      0.0000E+00      0.0000E+00      1.0514E+01      1.8949E+02   
   5.7764E+00      4.6629E+02      0.0000E+00      0.0000E+00      1.0729E+01      1.8927E+02   
   5.8097E+00      4.6729E+02      0.0000E+00      0.0000E+00      1.0945E+01      1.8905E+02   
   5.8432E+00      4.6829E+02      0.0000E+00      0.0000E+00      1.1166E+01      1.8883E+02   
   5.8767E+00      4.6930E+02      0.0000E+00      0.0000E+00      1.1390E+01      1.8861E+02   
   5.9102E+00      4.7031E+02      0.0000E+00      0.0000E+00      1.1618E+01      1.8838E+02   
   5.9438E+00      4.7131E+02      0.0000E+00      0.0000E+00      1.1850E+01      1.8815E+02   
   5.9773E+00      4.7232E+02      0.0000E+00      0.0000E+00      1.2084E+01      1.8792E+02   
   6.0107E+00      4.7332E+02      0.0000E+00      0.0000E+00      1.2322E+01      1.8768E+02   
   6.0444E+00      4.7433E+02      0.0000E+00      0.0000E+00      1.2565E+01      1.8744E+02   
   6.0780E+00      4.7534E+02      0.0000E+00      0.0000E+00      1.2810E+01      1.8719E+02   
   6.1113E+00      4.7634E+02      0.0000E+00      0.0000E+00      1.3058E+01      1.8694E+02   
   6.1449E+00      4.7735E+02      0.0000E+00      0.0000E+00      1.3311E+01      1.8669E+02   
   6.1786E+00      4.7836E+02      0.0000E+00      0.0000E+00      1.3568E+01      1.8643E+02   
   6.2119E+00      4.7936E+02      0.0000E+00      0.0000E+00      1.3827E+01      1.8617E+02   
   6.2454E+00      4.8036E+02      0.0000E+00      0.0000E+00      1.4091E+01      1.8591E+02   
   6.2789E+00      4.8137E+02      0.0000E+00      0.0000E+00      1.4358E+01      1.8564E+02   
   6.3125E+00      4.8237E+02      0.0000E+00      0.0000E+00      1.4630E+01      1.8537E+02   
   6.3460E+00      4.8338E+02      0.0000E+00      0.0000E+00      1.4905E+01      1.8509E+02   
   6.3795E+00      4.8439E+02      0.0000E+00      0.0000E+00      1.5184E+01      1.8482E+02   
   6.4130E+00      4.8539E+02      0.0000E+00      0.0000E+00      1.5467E+01      1.8453E+02   
   6.4469E+00      4.8641E+02      0.0000E+00      0.0000E+00      1.5757E+01      1.8424E+02   
   6.4806E+00      4.8742E+02      0.0000E+00      0.0000E+00      1.6050E+01      1.8395E+02   
   6.5142E+00      4.8843E+02      0.0000E+00      0.0000E+00      1.6346E+01      1.8365E+02   
   6.5476E+00      4.8943E+02      0.0000E+00      0.0000E+00      1.6644E+01      1.8336E+02   
   6.5813E+00      4.9044E+02      0.0000E+00      0.0000E+00      1.6950E+01      1.8305E+02   
   6.6148E+00      4.9144E+02      0.0000E+00      0.0000E+00      1.7256E+01      1.8274E+02   
   6.6485E+00      4.9246E+02      0.0000E+00      0.0000E+00      1.7571E+01      1.8243E+02   
   6.6819E+00      4.9346E+02      0.0000E+00      0.0000E+00      1.7885E+01      1.8211E+02   
   6.7156E+00      4.9447E+02      0.0000E+00      0.0000E+00      1.8207E+01      1.8179E+02   
   6.7495E+00      4.9548E+02      0.0000E+00      0.0000E+00      1.8536E+01      1.8146E+02   
   6.7829E+00      4.9649E+02      0.0000E+00      0.0000E+00      1.8864E+01      1.8114E+02   
   6.8165E+00      4.9750E+02      0.0000E+00      0.0000E+00      1.9199E+01      1.8080E+02   
   6.8503E+00      4.9851E+02      0.0000E+00      0.0000E+00      1.9540E+01      1.8046E+02   
   6.8843E+00      4.9953E+02      0.0000E+00      0.0000E+00      1.9887E+01      1.8011E+02   
   6.9184E+00      5.0055E+02      0.0000E+00      0.0000E+00      2.0240E+01      1.7976E+02   
   6.9518E+00      5.0156E+02      0.0000E+00      0.0000E+00      2.0591E+01      1.7941E+02   
   6.9853E+00      5.0256E+02      0.0000E+00      0.0000E+00      2.0947E+01      1.7905E+02   
   7.0188E+00      5.0356E+02      0.0000E+00      0.0000E+00      2.1308E+01      1.7869E+02   
   7.0524E+00      5.0457E+02      0.0000E+00      0.0000E+00      2.1673E+01      1.7833E+02   
   7.0859E+00      5.0558E+02      0.0000E+00      0.0000E+00      2.2044E+01      1.7796E+02   
   7.1193E+00      5.0658E+02      0.0000E+00      0.0000E+00      2.2418E+01      1.7758E+02   
   7.1527E+00      5.0758E+02      0.0000E+00      0.0000E+00      2.2797E+01      1.7720E+02   
   7.1870E+00      5.0861E+02      0.0000E+00      0.0000E+00      2.3191E+01      1.7681E+02   
   7.2213E+00      5.0964E+02      0.0000E+00      0.0000E+00      2.3589E+01      1.7641E+02   
   7.2553E+00      5.1066E+02      0.0000E+00      0.0000E+00      2.3990E+01      1.7601E+02   
   7.2893E+00      5.1168E+02      0.0000E+00      0.0000E+00      2.4395E+01      1.7561E+02   
   7.3230E+00      5.1269E+02      0.0000E+00      0.0000E+00      2.4802E+01      1.7520E+02   
   7.3564E+00      5.1369E+02      0.0000E+00      0.0000E+00      2.5211E+01      1.7479E+02   
   7.3908E+00      5.1472E+02      0.0000E+00      0.0000E+00      2.5636E+01      1.7436E+02   
   7.4248E+00      5.1575E+02      0.0000E+00      0.0000E+00      2.6063E+01      1.7394E+02   
   7.4585E+00      5.1676E+02      0.0000E+00      0.0000E+00      2.6491E+01      1.7351E+02   
   7.4932E+00      5.1779E+02      0.0000E+00      0.0000E+00      2.6936E+01      1.7306E+02   
   7.5274E+00      5.1882E+02      0.0000E+00      0.0000E+00      2.7382E+01      1.7262E+02   
   7.5612E+00      5.1983E+02      0.0000E+00      0.0000E+00      2.7827E+01      1.7217E+02   
   7.5958E+00      5.2087E+02      0.0000E+00      0.0000E+00      2.8289E+01      1.7171E+02   
   7.6300E+00      5.2190E+02      0.0000E+00      0.0000E+00      2.8750E+01      1.7125E+02   
   7.6636E+00      5.2291E+02      0.0000E+00      0.0000E+00      2.9209E+01      1.7079E+02   
   7.6980E+00      5.2394E+02      0.0000E+00      0.0000E+00      2.9686E+01      1.7031E+02   
   7.7318E+00      5.2496E+02      0.0000E+00      0.0000E+00      3.0159E+01      1.6984E+02   
   7.7665E+00      5.2600E+02      0.0000E+00      0.0000E+00      3.0651E+01      1.6935E+02   
   7.8005E+00      5.2702E+02      0.0000E+00      0.0000E+00      3.1138E+01      1.6886E+02   
   7.8354E+00      5.2806E+02      0.0000E+00      0.0000E+00      3.1643E+01      1.6836E+02   
   7.8694E+00      5.2908E+02      0.0000E+00      0.0000E+00      3.2143E+01      1.6786E+02   
   7.9044E+00      5.3013E+02      0.0000E+00      0.0000E+00      3.2662E+01      1.6734E+02   
   7.9384E+00      5.3115E+02      0.0000E+00      0.0000E+00      3.3174E+01      1.6683E+02   
   7.9733E+00      5.3220E+02      0.0000E+00      0.0000E+00      3.3705E+01      1.6630E+02   
   8.0072E+00      5.3322E+02      0.0000E+00      0.0000E+00      3.4227E+01      1.6577E+02   
   8.0420E+00      5.3426E+02      0.0000E+00      0.0000E+00      3.4768E+01      1.6523E+02   
   8.0756E+00      5.3527E+02      0.0000E+00      0.0000E+00      3.5298E+01      1.6470E+02   
   8.1101E+00      5.3630E+02      0.0000E+00      0.0000E+00      3.5847E+01      1.6415E+02   
   8.1455E+00      5.3736E+02      0.0000E+00      0.0000E+00      3.6417E+01      1.6358E+02   
   8.1796E+00      5.3839E+02      0.0000E+00      0.0000E+00      3.6974E+01      1.6303E+02   
   8.2146E+00      5.3944E+02      0.0000E+00      0.0000E+00      3.7551E+01      1.6245E+02   
   8.2482E+00      5.4045E+02      0.0000E+00      0.0000E+00      3.8111E+01      1.6189E+02   
   8.2826E+00      5.4148E+02      0.0000E+00      0.0000E+00      3.8691E+01      1.6131E+02   
   8.3178E+00      5.4253E+02      0.0000E+00      0.0000E+00      3.9291E+01      1.6071E+02   
   8.3527E+00      5.4358E+02      0.0000E+00      0.0000E+00      3.9891E+01      1.6011E+02   
   8.3869E+00      5.4461E+02      0.0000E+00      0.0000E+00      4.0486E+01      1.5951E+02   
   8.4205E+00      5.4562E+02      0.0000E+00      0.0000E+00      4.1078E+01      1.5892E+02   
   8.4557E+00      5.4667E+02      0.0000E+00      0.0000E+00      4.1703E+01      1.5830E+02   
   8.4903E+00      5.4771E+02      0.0000E+00      0.0000E+00      4.2324E+01      1.5768E+02   
   8.5242E+00      5.4873E+02      0.0000E+00      0.0000E+00      4.2941E+01      1.5706E+02   
   8.5596E+00      5.4979E+02      0.0000E+00      0.0000E+00      4.3591E+01      1.5641E+02   
   8.5943E+00      5.5083E+02      0.0000E+00      0.0000E+00      4.4236E+01      1.5576E+02   
   8.6284E+00      5.5185E+02      0.0000E+00      0.0000E+00      4.4876E+01      1.5512E+02   
   8.6619E+00      5.5286E+02      0.0000E+00      0.0000E+00      4.5512E+01      1.5449E+02   
   8.6967E+00      5.5390E+02      0.0000E+00      0.0000E+00      4.6180E+01      1.5382E+02   
   8.7310E+00      5.5493E+02      0.0000E+00      0.0000E+00      4.6844E+01      1.5316E+02   
   8.7646E+00      5.5594E+02      0.0000E+00      0.0000E+00      4.7502E+01      1.5250E+02   
   8.7995E+00      5.5698E+02      0.0000E+00      0.0000E+00      4.8192E+01      1.5181E+02   
   8.8337E+00      5.5801E+02      0.0000E+00      0.0000E+00      4.8877E+01      1.5112E+02   
   8.8674E+00      5.5902E+02      0.0000E+00      0.0000E+00      4.9557E+01      1.5044E+02   
   8.9022E+00      5.6007E+02      0.0000E+00      0.0000E+00      5.0268E+01      1.4973E+02   
   8.9364E+00      5.6109E+02      0.0000E+00      0.0000E+00      5.0974E+01      1.4903E+02   
   8.9700E+00      5.6210E+02      0.0000E+00      0.0000E+00      5.1674E+01      1.4833E+02   
   9.0047E+00      5.6314E+02      0.0000E+00      0.0000E+00      5.2405E+01      1.4760E+02   
   9.0388E+00      5.6416E+02      0.0000E+00      0.0000E+00      5.3130E+01      1.4687E+02   
   9.0723E+00      5.6517E+02      0.0000E+00      0.0000E+00      5.3850E+01      1.4615E+02   
   9.1068E+00      5.6620E+02      0.0000E+00      0.0000E+00      5.4599E+01      1.4540E+02   
   9.1408E+00      5.6722E+02      0.0000E+00      0.0000E+00      5.5343E+01      1.4466E+02   
   9.1741E+00      5.6822E+02      0.0000E+00      0.0000E+00      5.6082E+01      1.4392E+02   
   9.2084E+00      5.6925E+02      0.0000E+00      0.0000E+00      5.6849E+01      1.4315E+02   
   9.2422E+00      5.7026E+02      0.0000E+00      0.0000E+00      5.7610E+01      1.4239E+02   
   9.2768E+00      5.7130E+02      0.0000E+00      0.0000E+00      5.8399E+01      1.4160E+02   
   9.3108E+00      5.7232E+02      0.0000E+00      0.0000E+00      5.9183E+01      1.4082E+02   
   9.3443E+00      5.7333E+02      0.0000E+00      0.0000E+00      5.9961E+01      1.4004E+02   
   9.3786E+00      5.7436E+02      0.0000E+00      0.0000E+00      6.0766E+01      1.3923E+02   
   9.4123E+00      5.7537E+02      0.0000E+00      0.0000E+00      6.1566E+01      1.3843E+02   
   9.4469E+00      5.7641E+02      0.0000E+00      0.0000E+00      6.2392E+01      1.3761E+02   
   9.4808E+00      5.7742E+02      0.0000E+00      0.0000E+00      6.3212E+01      1.3679E+02   
   9.5142E+00      5.7843E+02      0.0000E+00      0.0000E+00      6.4027E+01      1.3597E+02   
   9.5483E+00      5.7945E+02      0.0000E+00      0.0000E+00      6.4867E+01      1.3513E+02   
   9.5819E+00      5.8046E+02      0.0000E+00      0.0000E+00      6.5702E+01      1.3430E+02   
   9.6162E+00      5.8149E+02      0.0000E+00      0.0000E+00      6.6561E+01      1.3344E+02   
   9.6499E+00      5.8250E+02      0.0000E+00      0.0000E+00      6.7415E+01      1.3258E+02   
   9.6843E+00      5.8353E+02      0.0000E+00      0.0000E+00      6.8294E+01      1.3171E+02   
   9.7181E+00      5.8454E+02      0.0000E+00      0.0000E+00      6.9167E+01      1.3083E+02   
   9.7526E+00      5.8558E+02      0.0000E+00      0.0000E+00      7.0063E+01      1.2994E+02   
   9.7865E+00      5.8659E+02      0.0000E+00      0.0000E+00      7.0954E+01      1.2905E+02   
   9.8198E+00      5.8759E+02      0.0000E+00      0.0000E+00      7.1839E+01      1.2816E+02   
   9.8538E+00      5.8861E+02      0.0000E+00      0.0000E+00      7.2747E+01      1.2725E+02   
   9.8872E+00      5.8962E+02      0.0000E+00      0.0000E+00      7.3649E+01      1.2635E+02   
   9.9211E+00      5.9063E+02      0.0000E+00      0.0000E+00      7.4574E+01      1.2543E+02   
   9.9546E+00      5.9164E+02      0.0000E+00      0.0000E+00      7.5494E+01      1.2451E+02   
   9.9885E+00      5.9266E+02      0.0000E+00      0.0000E+00      7.6436E+01      1.2356E+02   
   1.0022E+01      5.9366E+02      0.0000E+00      0.0000E+00      7.7371E+01      1.2263E+02   
   1.0056E+01      5.9468E+02      0.0000E+00      0.0000E+00      7.8329E+01      1.2167E+02   
   1.0089E+01      5.9568E+02      0.0000E+00      0.0000E+00      7.9281E+01      1.2072E+02   
   1.0123E+01      5.9670E+02      0.0000E+00      0.0000E+00      8.0254E+01      1.1975E+02   
   1.0157E+01      5.9770E+02      0.0000E+00      0.0000E+00      8.1221E+01      1.1878E+02   
   1.0190E+01      5.9871E+02      0.0000E+00      0.0000E+00      8.2210E+01      1.1779E+02   
   1.0225E+01      5.9974E+02      0.0000E+00      0.0000E+00      8.3219E+01      1.1678E+02   
   1.0258E+01      6.0075E+02      0.0000E+00      0.0000E+00      8.4222E+01      1.1578E+02   
   1.0292E+01      6.0177E+02      0.0000E+00      0.0000E+00      8.5245E+01      1.1475E+02   
   1.0326E+01      6.0278E+02      0.0000E+00      0.0000E+00      8.6262E+01      1.1374E+02   
   1.0360E+01      6.0380E+02      0.0000E+00      0.0000E+00      8.7299E+01      1.1270E+02   
   1.0394E+01      6.0481E+02      0.0000E+00      0.0000E+00      8.8329E+01      1.1167E+02   
   1.0427E+01      6.0582E+02      0.0000E+00      0.0000E+00      8.9380E+01      1.1062E+02   
   1.0461E+01      6.0682E+02      0.0000E+00      0.0000E+00      9.0423E+01      1.0958E+02   
   1.0494E+01      6.0783E+02      0.0000E+00      0.0000E+00      9.1486E+01      1.0851E+02   
   1.0528E+01      6.0885E+02      0.0000E+00      0.0000E+00      9.2568E+01      1.0743E+02   
   1.0562E+01      6.0986E+02      0.0000E+00      0.0000E+00      9.3644E+01      1.0636E+02   
   1.0596E+01      6.1087E+02      0.0000E+00      0.0000E+00      9.4738E+01      1.0526E+02   
   1.0630E+01      6.1189E+02      0.0000E+00      0.0000E+00      9.5851E+01      1.0415E+02   
   1.0663E+01      6.1290E+02      0.0000E+00      0.0000E+00      9.6956E+01      1.0304E+02   
   1.0697E+01      6.1392E+02      0.0000E+00      0.0000E+00      9.8080E+01      1.0192E+02   
   1.0731E+01      6.1492E+02      0.0000E+00      0.0000E+00      9.9197E+01      1.0080E+02   
   1.0764E+01      6.1593E+02      0.0000E+00      0.0000E+00      1.0033E+02      9.9668E+01   
   1.0798E+01      6.1695E+02      0.0000E+00      0.0000E+00      1.0148E+02      9.8516E+01   
   1.0832E+01      6.1795E+02      0.0000E+00      0.0000E+00      1.0263E+02      9.7371E+01   
   1.0865E+01      6.1896E+02      0.0000E+00      0.0000E+00      1.0379E+02      9.6208E+01   
   1.0899E+01      6.1998E+02      0.0000E+00      0.0000E+00      1.0497E+02      9.5029E+01   
   1.0933E+01      6.2098E+02      0.0000E+00      0.0000E+00      1.0614E+02      9.3856E+01   
   1.0966E+01      6.2199E+02      0.0000E+00      0.0000E+00      1.0733E+02      9.2667E+01   
   1.1000E+01      6.2300E+02      0.0000E+00      0.0000E+00      1.0854E+02      9.1462E+01   
   1.1033E+01      6.2400E+02      0.0000E+00      0.0000E+00      1.0974E+02      9.0264E+01   
   1.1067E+01      6.2501E+02      0.0000E+00      0.0000E+00      1.1095E+02      8.9049E+01   
   1.1101E+01      6.2602E+02      0.0000E+00      0.0000E+00      1.1218E+02      8.7819E+01   
   1.1135E+01      6.2704E+02      0.0000E+00      0.0000E+00      1.1343E+02      8.6573E+01   
   1.1168E+01      6.2804E+02      0.0000E+00      0.0000E+00      1.1467E+02      8.5334E+01   
   1.1202E+01      6.2905E+02      0.0000E+00      0.0000E+00      1.1592E+02      8.4080E+01   
   1.1235E+01      6.3006E+02      0.0000E+00      0.0000E+00      1.1719E+02      8.2810E+01   
   1.1269E+01      6.3107E+02      0.0000E+00      0.0000E+00      1.1847E+02      8.1526E+01   
   1.1303E+01      6.3208E+02      0.0000E+00      0.0000E+00      1.1975E+02      8.0249E+01   
   1.1336E+01      6.3308E+02      0.0000E+00      0.0000E+00      1.2104E+02      7.8958E+01   
   1.1370E+01      6.3409E+02      0.0000E+00      0.0000E+00      1.2235E+02      7.7652E+01   
   1.1404E+01      6.3511E+02      0.0000E+00      0.0000E+00      1.2367E+02      7.6331E+01   
   1.1437E+01      6.3612E+02      0.0000E+00      0.0000E+00      1.2500E+02      7.4997E+01   
   1.1471E+01      6.3713E+02      0.0000E+00      0.0000E+00      1.2633E+02      7.3670E+01   
   1.1504E+01      6.3813E+02      0.0000E+00      0.0000E+00      1.2767E+02      7.2329E+01   
   1.1538E+01      6.3914E+02      0.0000E+00      0.0000E+00      1.2903E+02      7.0975E+01   
   1.1572E+01      6.4015E+02      0.0000E+00      0.0000E+00      1.3039E+02      6.9607E+01   
   1.1606E+01      6.4117E+02      0.0000E+00      0.0000E+00      1.3177E+02      6.8225E+01   
   1.1639E+01      6.4217E+02      0.0000E+00      0.0000E+00      1.3315E+02      6.6852E+01   
   1.1672E+01      6.4317E+02      0.0000E+00      0.0000E+00      1.3453E+02      6.5466E+01   
   1.1706E+01      6.4418E+02      0.0000E+00      0.0000E+00      1.3593E+02      6.4066E+01   
   1.1739E+01      6.4518E+02      0.0000E+00      0.0000E+00      1.3735E+02      6.2654E+01   
   1.1773E+01      6.4619E+02      0.0000E+00      0.0000E+00      1.3877E+02      6.1229E+01   
   1.1807E+01      6.4720E+02      0.0000E+00      0.0000E+00      1.4021E+02      5.9792E+01   
   1.1840E+01      6.4821E+02      0.0000E+00      0.0000E+00      1.4166E+02      5.8343E+01   
   1.1874E+01      6.4922E+02      0.0000E+00      0.0000E+00      1.4312E+02      5.6881E+01   
   1.1908E+01      6.5024E+02      0.0000E+00      0.0000E+00      1.4459E+02      5.5408E+01   
   1.1941E+01      6.5124E+02      0.0000E+00      0.0000E+00      1.4606E+02      5.3943E+01   
   1.1975E+01      6.5224E+02      0.0000E+00      0.0000E+00      1.4753E+02      5.2466E+01   
   1.2008E+01      6.5324E+02      0.0000E+00      0.0000E+00      1.4902E+02      5.0978E+01   
   1.2042E+01      6.5425E+02      0.0000E+00      0.0000E+00      1.5052E+02      4.9478E+01   
   1.2075E+01      6.5525E+02      0.0000E+00      0.0000E+00      1.5203E+02      4.7967E+01   
   1.2109E+01      6.5626E+02      0.0000E+00      0.0000E+00      1.5356E+02      4.6445E+01   
   1.2142E+01      6.5726E+02      0.0000E+00      0.0000E+00      1.5509E+02      4.4912E+01   
   1.2175E+01      6.5826E+02      0.0000E+00      0.0000E+00      1.5663E+02      4.3368E+01   
   1.2209E+01      6.5927E+02      0.0000E+00      0.0000E+00      1.5819E+02      4.1813E+01   
   1.2242E+01      6.6027E+02      0.0000E+00      0.0000E+00      1.5975E+02      4.0248E+01   
   1.2276E+01      6.6128E+02      0.0000E+00      0.0000E+00      1.6133E+02      3.8673E+01   
   1.2309E+01      6.6228E+02      0.0000E+00      0.0000E+00      1.6291E+02      3.7087E+01   
   1.2343E+01      6.6329E+02      0.0000E+00      0.0000E+00      1.6451E+02      3.5491E+01   
   1.2376E+01      6.6429E+02      0.0000E+00      0.0000E+00      1.6611E+02      3.3885E+01   
   1.2410E+01      6.6529E+02      0.0000E+00      0.0000E+00      1.6773E+02      3.2270E+01   
   1.2443E+01      6.6630E+02      0.0000E+00      0.0000E+00      1.6936E+02      3.0645E+01   
   1.2477E+01      6.6730E+02      0.0000E+00      0.0000E+00      1.7099E+02      2.9010E+01   
   1.2510E+01      6.6830E+02      0.0000E+00      0.0000E+00      1.7263E+02      2.7366E+01   
   1.2544E+01      6.6931E+02      0.0000E+00      0.0000E+00      1.7431E+02      2.5694E+01   
   1.2577E+01      6.7032E+02      0.0000E+00      0.0000E+00      1.7599E+02      2.4013E+01   
   1.2611E+01      6.7132E+02      0.0000E+00      0.0000E+00      1.7768E+02      2.2324E+01   
   1.2644E+01      6.7233E+02      0.0000E+00      0.0000E+00      1.7937E+02      2.0625E+01   
   1.2678E+01      6.7334E+02      0.0000E+00      0.0000E+00      1.8108E+02      1.8918E+01   
   1.2711E+01      6.7434E+02      0.0000E+00      0.0000E+00      1.8280E+02      1.7203E+01   
   1.2745E+01      6.7534E+02      0.0000E+00      0.0000E+00      1.8452E+02      1.5479E+01   
   1.2778E+01      6.7634E+02      0.0000E+00      0.0000E+00      1.8625E+02      1.3746E+01   
   1.2812E+01      6.7735E+02      0.0000E+00      0.0000E+00      1.8801E+02      1.1988E+01   
   1.2845E+01      6.7836E+02      0.0000E+00      0.0000E+00      1.8978E+02      1.0222E+01   
   1.2879E+01      6.7937E+02      0.0000E+00      0.0000E+00      1.9155E+02      8.4485E+00   
   1.2912E+01      6.8037E+02      0.0000E+00      0.0000E+00      1.9333E+02      6.6669E+00   
   1.2946E+01      6.8137E+02      0.0000E+00      0.0000E+00      1.9512E+02      4.8777E+00   
   1.2979E+01      6.8238E+02      0.0000E+00      0.0000E+00      1.9694E+02      3.0639E+00   
   1.3013E+01      6.8338E+02      0.0000E+00      0.0000E+00      1.9876E+02      1.2429E+00   
   1.3046E+01      6.8438E+02      0.0000E+00      0.0000E+00      2.0000E+02     -8.7233E-04   
   1.3079E+01      6.8538E+02      0.0000E+00      0.0000E+00      2.0000E+02     -8.7233E-04   
   1.3113E+01      6.8638E+02      0.0000E+00      0.0000E+00      2.0000E+02     -8.7233E-04   
   1.3146E+01      6.8738E+02      0.0000E+00      0.0000E+00      2.0000E+02     -8.7233E-04   
   1.3180E+01      6.8839E+02      0.0000E+00      0.0000E+00      2.0000E+02     -8.7233E-04   
   1.3213E+01      6.8939E+02      0.0000E+00      0.0000E+00      2.0000E+02     -8.7233E-04   
   1.3246E+01      6.9039E+02      0.0000E+00      0.0000E+00      2.0000E+02     -8.7233E-04   
   1.3280E+01      6.9139E+02      0.0000E+00      0.0000E+00      2.0000E+02     -8.7233E-04   
   1.3313E+01      6.9239E+02      0.0000E+00      0.0000E+00      2.0000E+02     -8.7233E-04   
   1.3346E+01      6.9339E+02      0.0000E+00      0.0000E+00      2.0000E+02     -8.7233E-04   
   1.3380E+01      6.9439E+02      0.0000E+00      0.0000E+00      2.0000E+02     -8.7233E-04   
   1.3413E+01      6.9539E+02      0.0000E+00      0.0000E+00      2.0000E+02     -8.7233E-04   
   1.3446E+01      6.9639E+02      0.0000E+00      0.0000E+00      2.0000E+02     -8.7233E-04   
   1.3480E+01      6.9739E+02      0.0000E+00      0.0000E+00      2.0000E+02     -8.7233E-04   
   1.3513E+01      6.9839E+02      0.0000E+00      0.0000E+00      2.0000E+02     -8.7233E-04   
   1.3546E+01      6.9939E+02      0.0000E+00      0.0000E+00      2.0000E+02     -8.7233E-04   
   1.3580E+01      7.0039E+02      0.0000E+00      0.0000E+00      2.0000E+02     -8.7233E-04   
   1.3613E+01      7.0139E+02      0.0000E+00      0.0000E+00      2.0000E+02     -8.7233E-04   
   1.3646E+01      7.0239E+02      0.0000E+00      0.0000E+00      2.0000E+02     -8.7233E-04   
   1.3680E+01      7.0339E+02      0.0000E+00      0.0000E+00      2.0000E+02     -8.7233E-04   
   1.3713E+01      7.0439E+02      0.0000E+00      0.0000E+00      2.0000E+02     -8.7233E-04   
   1.3746E+01      7.0539E+02      0.0000E+00      0.0000E+00      2.0000E+02     -8.7233E-04   
   1.3780E+01      7.0639E+02      0.0000E+00      0.0000E+00      2.0000E+02     -8.7233E-04   
   1.3813E+01      7.0739E+02      0.0000E+00      0.0000E+00      2.0000E+02     -8.7233E-04   
   1.3846E+01      7.0839E+02      0.0000E+00      0.0000E+00      2.0000E+02     -8.7233E-04   
   1.3880E+01      7.0939E+02      0.0000E+00      0.0000E+00      2.0000E+02     -8.7233E-04   
   1.3913E+01      7.1039E+02      0.0000E+00      0.0000E+00      2.0000E+02     -8.7233E-04   
   1.3946E+01      7.1139E+02      0.0000E+00      0.0000E+00      2.0000E+02     -8.7233E-04   
   1.3980E+01      7.1239E+02      0.0000E+00      0.0000E+00      2.0000E+02     -8.7233E-04   
   1.4013E+01      7.1339E+02      0.0000E+00      0.0000E+00      2.0000E+02     -8.7233E-04   
   1.4046E+01      7.1439E+02      0.0000E+00      0.0000E+00      2.0000E+02     -8.7233E-04   
   1.4080E+01      7.1539E+02      0.0000E+00      0.0000E+00      2.0000E+02     -8.7233E-04   
   1.4113E+01      7.1639E+02      0.0000E+00      0.0000E+00      2.0000E+02     -8.7233E-04   
   1.4146E+01      7.1739E+02      0.0000E+00      0.0000E+00      2.0000E+02     -8.7233E-04   
   1.4180E+01      7.1839E+02      0.0000E+00      0.0000E+00      2.0000E+02     -8.7233E-04   
   1.4213E+01      7.1939E+02      0.0000E+00      0.0000E+00      2.0000E+02     -8.7233E-04   
   1.4246E+01      7.2039E+02      0.0000E+00      0.0000E+00      2.0000E+02     -8.7233E-04   
   1.4280E+01      7.2139E+02      0.0000E+00      0.0000E+00      2.0000E+02     -8.7233E-04   
   1.4313E+01      7.2240E+02      0.0000E+00      0.0000E+00      2.0000E+02     -8.7233E-04   
   1.4347E+01      7.2300E+02      0.0000E+00      0.0000E+00      2.0000E+02     -8.7233E-04   
   1.4380E+01      7.2300E+02      0.0000E+00      0.0000E+00      2.0000E+02     -8.7233E-04   
   1.4413E+01      7.2300E+02      0.0000E+00      0.0000E+00      2.0000E+02     -8.7233E-04   
   1.4447E+01      7.2300E+02      0.0000E+00      0.0000E+00      2.0000E+02     -8.7233E-04   
   1.4480E+01      7.2300E+02      0.0000E+00      0.0000E+00      2.0000E+02     -8.7233E-04   
   1.4513E+01      7.2260E+02      0.0000E+00      0.0000E+00      2.0000E+02     -8.7233E-04   
   1.4547E+01      7.2160E+02      0.0000E+00      0.0000E+00      2.0000E+02     -8.7233E-04   
   1.4580E+01      7.2060E+02      0.0000E+00      0.0000E+00      2.0000E+02     -8.7233E-04   
   1.4613E+01      7.1960E+02      0.0000E+00      0.0000E+00      2.0000E+02     -8.7233E-04   
   1.4647E+01      7.1860E+02      0.0000E+00      0.0000E+00      2.0000E+02     -8.7233E-04   
   1.4680E+01      7.1760E+02      0.0000E+00      0.0000E+00      2.0000E+02     -8.7233E-04   
   1.4713E+01      7.1660E+02      0.0000E+00      0.0000E+00      2.0000E+02     -8.7233E-04   
   1.4747E+01      7.1560E+02      0.0000E+00      0.0000E+00      2.0000E+02     -8.7233E-04   
   1.4780E+01      7.1460E+02      0.0000E+00      0.0000E+00      2.0000E+02     -8.7233E-04   
   1.4813E+01      7.1360E+02      0.0000E+00      0.0000E+00      2.0000E+02     -8.7233E-04   
   1.4847E+01      7.1260E+02      0.0000E+00      0.0000E+00      2.0000E+02     -8.7233E-04   
   1.4880E+01      7.1160E+02      0.0000E+00      0.0000E+00      2.0000E+02     -8.7233E-04   
   1.4913E+01      7.1060E+02      0.0000E+00      0.0000E+00      2.0000E+02     -8.7233E-04   
   1.4947E+01      7.0960E+02      0.0000E+00      0.0000E+00      2.0000E+02     -8.7233E-04   
   1.4980E+01      7.0860E+02      0.0000E+00      0.0000E+00      2.0000E+02     -8.7233E-04   
   1.5013E+01      7.0760E+02      0.0000E+00      0.0000E+00      2.0000E+02     -8.7233E-04   
   1.5047E+01      7.0660E+02      0.0000E+00      0.0000E+00      2.0000E+02     -8.7233E-04   
   1.5080E+01      7.0560E+02      0.0000E+00      0.0000E+00      2.0000E+02     -8.7233E-04   
   1.5113E+01      7.0460E+02      0.0000E+00      0.0000E+00      2.0000E+02     -8.7233E-04   
   1.5147E+01      7.0360E+02      0.0000E+00      0.0000E+00      2.0000E+02     -8.7233E-04   
   1.5180E+01      7.0260E+02      0.0000E+00      0.0000E+00      2.0000E+02     -8.7233E-04   
   1.5214E+01      7.0159E+02      0.0000E+00      0.0000E+00      2.0000E+02     -8.7233E-04   
   1.5247E+01      7.0059E+02      0.0000E+00      0.0000E+00      2.0000E+02     -8.7233E-04   
   1.5280E+01      6.9959E+02      0.0000E+00      0.0000E+00      2.0000E+02     -8.7233E-04   
   1.5314E+01      6.9859E+02      0.0000E+00      0.0000E+00      2.0000E+02     -8.7233E-04   
   1.5347E+01      6.9759E+02      0.0000E+00      0.0000E+00      2.0000E+02     -8.7233E-04   
   1.5380E+01      6.9659E+02      0.0000E+00      0.0000E+00      2.0000E+02     -8.7233E-04   
   1.5414E+01      6.9559E+02      0.0000E+00      0.0000E+00      2.0000E+02     -8.7233E-04   
   1.5447E+01      6.9459E+02      0.0000E+00      0.0000E+00      2.0000E+02     -8.7233E-04   
   1.5480E+01      6.9359E+02      0.0000E+00      0.0000E+00      2.0000E+02     -8.7233E-04   
   1.5514E+01      6.9259E+02      0.0000E+00      0.0000E+00      2.0000E+02     -8.7233E-04   
   1.5547E+01      6.9159E+02      0.0000E+00      0.0000E+00      2.0000E+02     -8.7233E-04   
   1.5580E+01      6.9059E+02      0.0000E+00      0.0000E+00      2.0000E+02     -8.7233E-04   
   1.5614E+01      6.8959E+02      0.0000E+00      0.0000E+00      2.0000E+02     -8.7233E-04   
   1.5647E+01      6.8859E+02      0.0000E+00      0.0000E+00      2.0000E+02     -8.7233E-04   
   1.5680E+01      6.8759E+02      0.0000E+00      0.0000E+00      2.0000E+02     -8.7233E-04   
   1.5714E+01      6.8659E+02      0.0000E+00      0.0000E+00      2.0000E+02     -8.7233E-04   
   1.5747E+01      6.8559E+02      0.0000E+00      0.0000E+00      2.0000E+02     -8.7233E-04   
   1.5780E+01      6.8459E+02      0.0000E+00      0.0000E+00      2.0000E+02     -8.7233E-04   
   1.5814E+01      6.8359E+02      0.0000E+00      0.0000E+00      2.0000E+02     -8.7233E-04   
   1.5847E+01      6.8258E+02      0.0000E+00      0.0000E+00      2.0000E+02     -8.7233E-04   
   1.5881E+01      6.8158E+02      0.0000E+00      0.0000E+00      2.0000E+02     -8.7233E-04   
   1.5914E+01      6.8057E+02      0.0000E+00      0.0000E+00      2.0000E+02     -8.7233E-04   
   1.5948E+01      6.7957E+02      0.0000E+00      0.0000E+00      2.0000E+02     -8.7233E-04   
   1.5981E+01      6.7857E+02      0.0000E+00      0.0000E+00      2.0000E+02     -8.7233E-04   
   1.6015E+01      6.7756E+02      0.0000E+00      0.0000E+00      2.0000E+02     -8.7233E-04   
   1.6048E+01      6.7655E+02      0.0000E+00      0.0000E+00      2.0000E+02     -8.7233E-04   
   1.6082E+01      6.7555E+02      0.0000E+00      0.0000E+00      2.0000E+02     -8.7233E-04   
   1.6115E+01      6.7454E+02      0.0000E+00      0.0000E+00      2.0000E+02     -8.7233E-04   
   1.6149E+01      6.7353E+02      0.0000E+00      0.0000E+00      2.0000E+02     -8.7233E-04   
   1.6182E+01      6.7253E+02      0.0000E+00      0.0000E+00      2.0000E+02     -8.7233E-04   
   1.6216E+01      6.7153E+02      0.0000E+00      0.0000E+00      2.0000E+02     -8.7233E-04   
   1.6249E+01      6.7052E+02      0.0000E+00      0.0000E+00      2.0000E+02     -8.7233E-04   
   1.6283E+01      6.6952E+02      0.0000E+00      0.0000E+00      2.0000E+02     -8.7233E-04   
   1.6316E+01      6.6851E+02      0.0000E+00      0.0000E+00      2.0000E+02     -8.7233E-04   
   1.6350E+01      6.6750E+02      0.0000E+00      0.0000E+00      2.0000E+02     -8.7233E-04   
   1.6384E+01      6.6649E+02      0.0000E+00      0.0000E+00      2.0000E+02     -8.7233E-04   
   1.6417E+01      6.6548E+02      0.0000E+00      0.0000E+00      2.0000E+02     -8.7233E-04   
   1.6451E+01      6.6448E+02      0.0000E+00      0.0000E+00      2.0000E+02     -8.7233E-04   
   1.6484E+01      6.6348E+02      0.0000E+00      0.0000E+00      2.0000E+02     -8.7233E-04   
   1.6518E+01      6.6247E+02      0.0000E+00      0.0000E+00      2.0000E+02     -8.7233E-04   
   1.6551E+01      6.6147E+02      0.0000E+00      0.0000E+00      2.0000E+02     -8.7233E-04   
   1.6584E+01      6.6047E+02      0.0000E+00      0.0000E+00      2.0000E+02     -8.7233E-04   
   1.6618E+01      6.5947E+02      0.0000E+00      0.0000E+00      2.0000E+02     -8.7233E-04   
   1.6651E+01      6.5847E+02      0.0000E+00      0.0000E+00      2.0000E+02     -8.7233E-04   
   1.6685E+01      6.5746E+02      0.0000E+00      0.0000E+00      2.0000E+02     -8.7233E-04   
   1.6718E+01      6.5646E+02      0.0000E+00      0.0000E+00      2.0000E+02     -8.7233E-04   
   1.6751E+01      6.5546E+02      0.0000E+00      0.0000E+00      2.0000E+02     -8.7233E-04   
   1.6785E+01      6.5446E+02      0.0000E+00      0.0000E+00      2.0000E+02     -8.7233E-04   
   1.6818E+01      6.5346E+02      0.0000E+00      0.0000E+00      2.0000E+02     -8.7233E-04   
   1.6852E+01      6.5245E+02      0.0000E+00      0.0000E+00      2.0000E+02     -8.7233E-04   
   1.6886E+01      6.5143E+02      0.0000E+00      0.0000E+00      2.0000E+02     -8.7233E-04   
   1.6919E+01      6.5042E+02      0.0000E+00      0.0000E+00      2.0000E+02     -8.7233E-04   
   1.6953E+01      6.4941E+02      0.0000E+00      0.0000E+00      2.0000E+02     -8.7233E-04   
   1.6987E+01      6.4840E+02      0.0000E+00      0.0000E+00      2.0000E+02     -8.7233E-04   
   1.7020E+01      6.4739E+02      0.0000E+00      0.0000E+00      2.0000E+02     -8.7233E-04   
   1.7054E+01      6.4638E+02      0.0000E+00      0.0000E+00      2.0000E+02     -8.7233E-04   
   1.7087E+01      6.4538E+02      0.0000E+00      0.0000E+00      2.0000E+02     -8.7233E-04   
   1.7121E+01      6.4437E+02      0.0000E+00      0.0000E+00      2.0000E+02     -8.7233E-04   
   1.7154E+01      6.4337E+02      0.0000E+00      0.0000E+00      2.0000E+02     -8.7233E-04   
   1.7188E+01      6.4237E+02      0.0000E+00      0.0000E+00      2.0000E+02     -8.7233E-04   
   1.7221E+01      6.4136E+02      0.0000E+00      0.0000E+00      2.0000E+02     -8.7233E-04   
   1.7255E+01      6.4035E+02      0.0000E+00      0.0000E+00      2.0000E+02     -8.7233E-04   
   1.7289E+01      6.3934E+02      0.0000E+00      0.0000E+00      2.0000E+02     -8.7233E-04   
   1.7322E+01      6.3833E+02      0.0000E+00      0.0000E+00      2.0000E+02     -8.7233E-04   
   1.7356E+01      6.3733E+02      0.0000E+00      0.0000E+00      2.0000E+02     -8.7233E-04   
   1.7389E+01      6.3633E+02      0.0000E+00      0.0000E+00      2.0000E+02     -8.7233E-04   
   1.7423E+01      6.3532E+02      0.0000E+00      0.0000E+00      2.0000E+02     -8.7233E-04   
   1.7457E+01      6.3430E+02      0.0000E+00      0.0000E+00      2.0000E+02     -8.7233E-04   
   1.7490E+01      6.3330E+02      0.0000E+00      0.0000E+00      2.0000E+02     -8.7233E-04   
   1.7524E+01      6.3229E+02      0.0000E+00      0.0000E+00      2.0000E+02     -8.7233E-04   
   1.7557E+01      6.3128E+02      0.0000E+00      0.0000E+00      2.0000E+02     -8.7233E-04   
   1.7591E+01      6.3027E+02      0.0000E+00      0.0000E+00      2.0000E+02     -8.7233E-04   
   1.7625E+01      6.2926E+02      0.0000E+00      0.0000E+00      2.0000E+02     -8.7233E-04   
   1.7658E+01      6.2825E+02      0.0000E+00      0.0000E+00      2.0000E+02     -8.7233E-04   
   1.7692E+01      6.2723E+02      0.0000E+00      0.0000E+00      2.0000E+02     -8.7233E-04   
   1.7726E+01      6.2622E+02      0.0000E+00      0.0000E+00      2.0000E+02     -8.7233E-04   
   1.7760E+01      6.2521E+02      0.0000E+00      0.0000E+00      2.0000E+02     -8.7233E-04   
   1.7793E+01      6.2421E+02      0.0000E+00      0.0000E+00      2.0000E+02     -8.7233E-04   
   1.7827E+01      6.2319E+02      0.0000E+00      0.0000E+00      2.0000E+02     -8.7233E-04   
   1.7861E+01      6.2218E+02      0.0000E+00      0.0000E+00      2.0000E+02     -8.7233E-04   
   1.7894E+01      6.2117E+02      0.0000E+00      0.0000E+00      2.0000E+02     -8.7233E-04   
   1.7928E+01      6.2016E+02      0.0000E+00      0.0000E+00      2.0000E+02     -8.7233E-04   
   1.7962E+01      6.1914E+02      0.0000E+00      0.0000E+00      2.0000E+02     -8.7233E-04   
   1.7996E+01      6.1813E+02      0.0000E+00      0.0000E+00      2.0000E+02     -8.7233E-04   
   1.8030E+01      6.1711E+02      0.0000E+00      0.0000E+00      2.0000E+02     -8.7233E-04   
   1.8063E+01      6.1610E+02      0.0000E+00      0.0000E+00      2.0000E+02     -8.7233E-04   
   1.8097E+01      6.1509E+02      0.0000E+00      0.0000E+00      2.0000E+02     -8.7233E-04   
   1.8131E+01      6.1407E+02      0.0000E+00      0.0000E+00      2.0000E+02     -8.7233E-04   
   1.8165E+01      6.1306E+02      0.0000E+00      0.0000E+00      2.0000E+02     -8.7233E-04   
   1.8198E+01      6.1205E+02      0.0000E+00      0.0000E+00      2.0000E+02     -8.7233E-04   
   1.8232E+01      6.1103E+02      0.0000E+00      0.0000E+00      2.0000E+02     -8.7233E-04   
   1.8266E+01      6.1002E+02      0.0000E+00      0.0000E+00      2.0000E+02     -8.7233E-04   
   1.8299E+01      6.0902E+02      0.0000E+00      0.0000E+00      2.0000E+02     -8.7233E-04   
   1.8333E+01      6.0800E+02      0.0000E+00      0.0000E+00      2.0000E+02     -8.7233E-04   
   1.8367E+01      6.0699E+02      0.0000E+00      0.0000E+00      2.0000E+02     -8.7233E-04   
   1.8401E+01      6.0597E+02      0.0000E+00      0.0000E+00      2.0000E+02     -8.7233E-04   
   1.8435E+01      6.0496E+02      0.0000E+00      0.0000E+00      2.0000E+02     -8.7233E-04   
   1.8468E+01      6.0395E+02      0.0000E+00      0.0000E+00      2.0000E+02     -8.7233E-04   
   1.8502E+01      6.0294E+02      0.0000E+00      0.0000E+00      2.0000E+02     -8.7233E-04   
   1.8536E+01      6.0193E+02      1.1297E-01      8.8703E-01      1.9931E+02      6.9159E-01   
   1.8570E+01      6.0091E+02      1.9781E-01      8.0219E-01      1.9765E+02      2.3453E+00   
   1.8603E+01      5.9990E+02      2.7600E-01      7.2400E-01      1.9591E+02      4.0875E+00   
   1.8637E+01      5.9888E+02      3.4678E-01      6.5322E-01      1.9415E+02      5.8471E+00   
   1.8671E+01      5.9787E+02      4.0959E-01      5.9041E-01      1.9243E+02      7.5670E+00   
   1.8705E+01      5.9684E+02      4.6795E-01      5.3205E-01      1.9070E+02      9.2966E+00   
   1.8739E+01      5.9583E+02      5.2144E-01      4.7856E-01      1.8901E+02      1.0989E+01   
   1.8773E+01      5.9480E+02      5.7236E-01      4.2764E-01      1.8731E+02      1.2694E+01   
   1.8807E+01      5.9378E+02      6.1973E-01      3.8027E-01      1.8564E+02      1.4362E+01   
   1.8841E+01      5.9278E+02      6.6393E-01      3.3607E-01      1.8401E+02      1.5995E+01   
   1.8874E+01      5.9177E+02      7.0652E-01      2.9348E-01      1.8236E+02      1.7640E+01   
   1.8908E+01      5.9076E+02      7.4633E-01      2.5367E-01      1.8075E+02      1.9249E+01   
   1.8942E+01      5.8975E+02      7.8471E-01      2.1529E-01      1.7913E+02      2.0871E+01   
   1.8976E+01      5.8872E+02      8.2165E-01      1.7835E-01      1.7749E+02      2.2508E+01   
   1.9010E+01      5.8770E+02      8.5605E-01      1.4395E-01      1.7589E+02      2.4107E+01   
   1.9044E+01      5.8667E+02      8.8903E-01      1.1097E-01      1.7428E+02      2.5721E+01   
   1.9078E+01      5.8565E+02      9.1956E-01      8.0435E-02      1.7270E+02      2.7297E+01   
   1.9113E+01      5.8462E+02      9.4868E-01      5.1325E-02      1.7111E+02      2.8887E+01   
   1.9146E+01      5.8361E+02      9.7540E-01      2.4597E-02      1.6956E+02      3.0439E+01   
   1.9181E+01      5.8258E+02      1.0000E+00      0.0000E+00      1.6799E+02      3.2005E+01   
   1.9214E+01      5.8157E+02      1.0000E+00      0.0000E+00      1.6645E+02      3.3551E+01   
   1.9249E+01      5.8054E+02      1.0000E+00      0.0000E+00      1.6485E+02      3.5146E+01   
   1.9282E+01      5.7954E+02      1.0000E+00      0.0000E+00      1.6327E+02      3.6731E+01   
   1.9316E+01      5.7851E+02      1.0000E+00      0.0000E+00      1.6164E+02      3.8360E+01   
   1.9350E+01      5.7751E+02      1.0000E+00      0.0000E+00      1.6003E+02      3.9970E+01   
   1.9383E+01      5.7650E+02      1.0000E+00      0.0000E+00      1.5838E+02      4.1619E+01   
   1.9418E+01      5.7546E+02      1.0000E+00      0.0000E+00      1.5669E+02      4.3306E+01   
   1.9452E+01      5.7445E+02      1.0000E+00      0.0000E+00      1.5504E+02      4.4963E+01   
   1.9486E+01      5.7343E+02      1.0000E+00      0.0000E+00      1.5335E+02      4.6652E+01   
   1.9519E+01      5.7243E+02      1.0000E+00      0.0000E+00      1.5170E+02      4.8302E+01   
   1.9553E+01      5.7141E+02      1.0000E+00      0.0000E+00      1.5002E+02      4.9979E+01   
   1.9588E+01      5.7037E+02      1.0000E+00      0.0000E+00      1.4832E+02      5.1681E+01   
   1.9621E+01      5.6936E+02      1.0000E+00      0.0000E+00      1.4667E+02      5.3334E+01   
   1.9655E+01      5.6834E+02      1.0000E+00      0.0000E+00      1.4499E+02      5.5007E+01   
   1.9690E+01      5.6729E+02      1.0000E+00      0.0000E+00      1.4330E+02      5.6698E+01   
   1.9724E+01      5.6627E+02      1.0000E+00      0.0000E+00      1.4167E+02      5.8330E+01   
   1.9759E+01      5.6524E+02      1.0000E+00      0.0000E+00      1.4003E+02      5.9975E+01   
   1.9792E+01      5.6424E+02      1.0000E+00      0.0000E+00      1.3844E+02      6.1556E+01   
   1.9826E+01      5.6322E+02      1.0000E+00      0.0000E+00      1.3685E+02      6.3145E+01   
   1.9861E+01      5.6218E+02      1.0000E+00      0.0000E+00      1.3526E+02      6.4742E+01   
   1.9894E+01      5.6117E+02      1.0000E+00      0.0000E+00      1.3373E+02      6.6268E+01   
   1.9928E+01      5.6015E+02      1.0000E+00      0.0000E+00      1.3220E+02      6.7797E+01   
   1.9963E+01      5.5911E+02      1.0000E+00      0.0000E+00      1.3067E+02      6.9329E+01   
   1.9997E+01      5.5810E+02      1.0000E+00      0.0000E+00      1.2922E+02      7.0785E+01   
   2.0031E+01      5.5707E+02      1.0000E+00      0.0000E+00      1.2776E+02      7.2239E+01   
   2.0066E+01      5.5603E+02      1.0000E+00      0.0000E+00      1.2631E+02      7.3693E+01   
   2.0099E+01      5.5502E+02      1.0000E+00      0.0000E+00      1.2493E+02      7.5066E+01   
   2.0133E+01      5.5400E+02      1.0000E+00      0.0000E+00      1.2356E+02      7.6436E+01   
   2.0168E+01      5.5296E+02      1.0000E+00      0.0000E+00      1.2220E+02      7.7801E+01   
   2.0201E+01      5.5196E+02      1.0000E+00      0.0000E+00      1.2092E+02      7.9084E+01   
   2.0235E+01      5.5094E+02      1.0000E+00      0.0000E+00      1.1964E+02      8.0361E+01   
   2.0270E+01      5.4990E+02      1.0000E+00      0.0000E+00      1.1837E+02      8.1632E+01   
   2.0305E+01      5.4884E+02      1.0000E+00      0.0000E+00      1.1711E+02      8.2894E+01   
   2.0339E+01      5.4782E+02      1.0000E+00      0.0000E+00      1.1593E+02      8.4074E+01   
   2.0374E+01      5.4679E+02      1.0000E+00      0.0000E+00      1.1476E+02      8.5245E+01   
   2.0409E+01      5.4574E+02      1.0000E+00      0.0000E+00      1.1359E+02      8.6407E+01   
   2.0442E+01      5.4473E+02      1.0000E+00      0.0000E+00      1.1251E+02      8.7488E+01   
   2.0476E+01      5.4371E+02      1.0000E+00      0.0000E+00      1.1144E+02      8.8559E+01   
   2.0511E+01      5.4267E+02      1.0000E+00      0.0000E+00      1.1038E+02      8.9621E+01   
   2.0546E+01      5.4162E+02      1.0000E+00      0.0000E+00      1.0935E+02      9.0654E+01   
   2.0580E+01      5.4060E+02      1.0000E+00      0.0000E+00      1.0837E+02      9.1635E+01   
   2.0616E+01      5.3953E+02      1.0000E+00      0.0000E+00      1.0737E+02      9.2626E+01   
   2.0650E+01      5.3850E+02      1.0000E+00      0.0000E+00      1.0644E+02      9.3564E+01   
   2.0684E+01      5.3748E+02      1.0000E+00      0.0000E+00      1.0555E+02      9.4452E+01   
   2.0719E+01      5.3643E+02      1.0000E+00      0.0000E+00      1.0465E+02      9.5346E+01   
   2.0753E+01      5.3541E+02      1.0000E+00      0.0000E+00      1.0381E+02      9.6192E+01   
   2.0786E+01      5.3441E+02      1.0000E+00      0.0000E+00      1.0301E+02      9.6993E+01   
   2.0821E+01      5.3338E+02      1.0000E+00      0.0000E+00      1.0220E+02      9.7795E+01   
   2.0854E+01      5.3237E+02      1.0000E+00      0.0000E+00      1.0145E+02      9.8554E+01   
   2.0889E+01      5.3133E+02      1.0000E+00      0.0000E+00      1.0069E+02      9.9311E+01   
   2.0923E+01      5.3032E+02      1.0000E+00      0.0000E+00      9.9974E+01      1.0003E+02   
   2.0957E+01      5.2928E+02      1.0000E+00      0.0000E+00      9.9263E+01      1.0074E+02   
   2.0991E+01      5.2826E+02      6.0950E-01      3.9050E-01      9.8315E+01      1.0168E+02   
   2.1026E+01      5.2723E+02      5.9236E-01      4.0764E-01      9.7211E+01      1.0279E+02   
   2.1060E+01      5.2621E+02      5.7590E-01      4.2410E-01      9.6142E+01      1.0386E+02   
   2.1094E+01      5.2518E+02      5.5934E-01      4.4066E-01      9.5058E+01      1.0494E+02   
   2.1128E+01      5.2417E+02      5.4346E-01      4.5654E-01      9.4008E+01      1.0599E+02   
   2.1162E+01      5.2314E+02      5.2753E-01      4.7247E-01      9.2947E+01      1.0705E+02   
   2.1195E+01      5.2214E+02      5.1227E-01      4.8773E-01      9.1919E+01      1.0808E+02   
   2.1229E+01      5.2112E+02      4.9703E-01      5.0297E-01      9.0881E+01      1.0912E+02   
   2.1264E+01      5.2009E+02      4.8185E-01      5.1815E-01      8.9835E+01      1.1016E+02   
   2.1297E+01      5.1908E+02      4.6734E-01      5.3266E-01      8.8824E+01      1.1118E+02   
   2.1331E+01      5.1806E+02      4.5292E-01      5.4708E-01      8.7806E+01      1.1219E+02   
   2.1366E+01      5.1703E+02      4.3865E-01      5.6135E-01      8.6784E+01      1.1322E+02   
   2.1399E+01      5.1602E+02      4.2503E-01      5.7497E-01      8.5796E+01      1.1420E+02   
   2.1433E+01      5.1500E+02      4.1157E-01      5.8843E-01      8.4805E+01      1.1519E+02   
   2.1467E+01      5.1398E+02      3.9829E-01      6.0171E-01      8.3813E+01      1.1619E+02   
   2.1502E+01      5.1294E+02      3.8523E-01      6.1477E-01      8.2822E+01      1.1718E+02   
   2.1535E+01      5.1194E+02      3.7280E-01      6.2720E-01      8.1864E+01      1.1814E+02   
   2.1569E+01      5.1092E+02      3.6059E-01      6.3941E-01      8.0907E+01      1.1909E+02   
   2.1603E+01      5.0990E+02      3.4861E-01      6.5139E-01      7.9953E+01      1.2005E+02   
   2.1637E+01      5.0888E+02      3.3688E-01      6.6312E-01      7.9002E+01      1.2100E+02   
   2.1671E+01      5.0786E+02      3.2541E-01      6.7459E-01      7.8056E+01      1.2194E+02   
   2.1706E+01      5.0683E+02      3.1422E-01      6.8578E-01      7.7116E+01      1.2288E+02   
   2.1739E+01      5.0583E+02      3.0361E-01      6.9639E-01      7.6208E+01      1.2379E+02   
   2.1772E+01      5.0483E+02      2.9326E-01      7.0674E-01      7.5306E+01      1.2469E+02   
   2.1806E+01      5.0383E+02      2.8318E-01      7.1682E-01      7.4410E+01      1.2559E+02   
   2.1839E+01      5.0282E+02      2.7337E-01      7.2663E-01      7.3522E+01      1.2648E+02   
   2.1873E+01      5.0182E+02      2.6384E-01      7.3616E-01      7.2642E+01      1.2736E+02   
   2.1907E+01      5.0080E+02      2.5436E-01      7.4564E-01      7.1748E+01      1.2825E+02   
   2.1941E+01      4.9978E+02      2.4518E-01      7.5482E-01      7.0866E+01      1.2913E+02   
   2.1975E+01      4.9876E+02      2.3631E-01      7.6369E-01      6.9994E+01      1.3001E+02   
   2.2008E+01      4.9775E+02      2.2773E-01      7.7227E-01      6.9134E+01      1.3087E+02   
   2.2042E+01      4.9674E+02      2.1945E-01      7.8055E-01      6.8285E+01      1.3172E+02   
   2.2075E+01      4.9574E+02      2.1146E-01      7.8854E-01      6.7448E+01      1.3255E+02   
   2.2109E+01      4.9473E+02      2.0359E-01      7.9641E-01      6.6605E+01      1.3339E+02   
   2.2143E+01      4.9372E+02      1.9602E-01      8.0398E-01      6.5776E+01      1.3422E+02   
   2.2177E+01      4.9270E+02      1.8859E-01      8.1141E-01      6.4944E+01      1.3506E+02   
   2.2210E+01      4.9169E+02      1.8146E-01      8.1854E-01      6.4127E+01      1.3587E+02   
   2.2244E+01      4.9069E+02      1.7461E-01      8.2539E-01      6.3324E+01      1.3668E+02   
   2.2277E+01      4.8968E+02      1.6792E-01      8.3208E-01      6.2521E+01      1.3748E+02   
   2.2311E+01      4.8866E+02      1.6140E-01      8.3860E-01      6.1719E+01      1.3828E+02   
   2.2345E+01      4.8766E+02      1.5516E-01      8.4484E-01      6.0933E+01      1.3907E+02   
   2.2378E+01      4.8665E+02      1.4910E-01      8.5090E-01      6.0150E+01      1.3985E+02   
   2.2412E+01      4.8563E+02      1.4321E-01      8.5679E-01      5.9370E+01      1.4063E+02   
   2.2446E+01      4.8463E+02      1.3758E-01      8.6242E-01      5.8608E+01      1.4139E+02   
   2.2479E+01      4.8363E+02      1.3214E-01      8.6786E-01      5.7851E+01      1.4215E+02   
   2.2513E+01      4.8262E+02      1.2687E-01      8.7313E-01      5.7099E+01      1.4290E+02   
   2.2546E+01      4.8162E+02      1.2177E-01      8.7823E-01      5.6354E+01      1.4365E+02   
   2.2580E+01      4.8061E+02      1.1686E-01      8.8314E-01      5.5616E+01      1.4438E+02   
   2.2613E+01      4.7961E+02      1.1212E-01      8.8788E-01      5.4885E+01      1.4511E+02   
   2.2646E+01      4.7861E+02      1.0755E-01      8.9245E-01      5.4164E+01      1.4584E+02   
   2.2680E+01      4.7760E+02      1.0311E-01      8.9689E-01      5.3441E+01      1.4656E+02   
   2.2714E+01      4.7659E+02      9.8840E-02      9.0116E-01      5.2729E+01      1.4727E+02   
   2.2747E+01      4.7559E+02      9.4744E-02      9.0526E-01      5.2027E+01      1.4797E+02   
   2.2780E+01      4.7459E+02      9.0771E-02      9.0923E-01      5.1327E+01      1.4867E+02   
   2.2814E+01      4.7357E+02      8.6925E-02      9.1307E-01      5.0631E+01      1.4937E+02   
   2.2848E+01      4.7257E+02      8.3249E-02      9.1675E-01      4.9946E+01      1.5005E+02   
   2.2881E+01      4.7157E+02      7.9699E-02      9.2030E-01      4.9266E+01      1.5073E+02   
   2.2915E+01      4.7056E+02      7.6276E-02      9.2372E-01      4.8592E+01      1.5141E+02   
   2.2948E+01      4.6955E+02      7.2981E-02      9.2702E-01      4.7924E+01      1.5208E+02   
   2.2982E+01      4.6855E+02      6.9813E-02      9.3019E-01      4.7263E+01      1.5274E+02   
   2.3015E+01      4.6754E+02      6.6770E-02      9.3323E-01      4.6610E+01      1.5339E+02   
   2.3049E+01      4.6654E+02      6.3851E-02      9.3615E-01      4.5964E+01      1.5404E+02   
   2.3082E+01      4.6553E+02      6.1029E-02      9.3897E-01      4.5322E+01      1.5468E+02   
   2.3116E+01      4.6453E+02      5.8329E-02      9.4167E-01      4.4689E+01      1.5531E+02   
   2.3149E+01      4.6353E+02      5.5727E-02      9.4427E-01      4.4060E+01      1.5594E+02   
   2.3183E+01      4.6252E+02      5.3222E-02      9.4678E-01      4.3436E+01      1.5656E+02   
   2.3216E+01      4.6151E+02      5.0816E-02      9.4918E-01      4.2818E+01      1.5718E+02   
   2.3250E+01      4.6051E+02      4.8507E-02      9.5149E-01      4.2207E+01      1.5779E+02   
   2.3283E+01      4.5950E+02      4.6295E-02      9.5371E-01      4.1603E+01      1.5840E+02   
   2.3317E+01      4.5850E+02      4.4177E-02      9.5582E-01      4.1007E+01      1.5899E+02   
   2.3350E+01      4.5750E+02      4.2139E-02      9.5786E-01      4.0415E+01      1.5959E+02   
   2.3384E+01      4.5649E+02      4.0180E-02      9.5982E-01      3.9828E+01      1.6017E+02   
   2.3417E+01      4.5549E+02      3.8312E-02      9.6169E-01      3.9250E+01      1.6075E+02   
   2.3450E+01      4.5449E+02      3.6522E-02      9.6348E-01      3.8678E+01      1.6132E+02   
   2.3484E+01      4.5349E+02      3.4799E-02      9.6520E-01      3.8109E+01      1.6189E+02   
   2.3517E+01      4.5248E+02      3.3152E-02      9.6685E-01      3.7548E+01      1.6245E+02   
   2.3551E+01      4.5148E+02      3.1571E-02      9.6843E-01      3.6991E+01      1.6301E+02   
   2.3584E+01      4.5047E+02      3.0056E-02      9.6994E-01      3.6440E+01      1.6356E+02   
   2.3618E+01      4.4947E+02      2.8607E-02      9.7139E-01      3.5895E+01      1.6410E+02   
   2.3651E+01      4.4847E+02      2.7223E-02      9.7278E-01      3.5357E+01      1.6464E+02   
   2.3685E+01      4.4746E+02      2.5895E-02      9.7410E-01      3.4824E+01      1.6518E+02   
   2.3718E+01      4.4646E+02      2.4631E-02      9.7537E-01      3.4298E+01      1.6570E+02   
   2.3751E+01      4.4546E+02      2.3421E-02      9.7658E-01      3.3778E+01      1.6622E+02   
   2.3785E+01      4.4446E+02      2.2262E-02      9.7774E-01      3.3261E+01      1.6674E+02   
   2.3818E+01      4.4346E+02      2.1157E-02      9.7884E-01      3.2752E+01      1.6725E+02   
   2.3851E+01      4.4246E+02      2.0101E-02      9.7990E-01      3.2249E+01      1.6775E+02   
   2.3885E+01      4.4146E+02      1.9098E-02      9.8090E-01      3.1751E+01      1.6825E+02   
   2.3918E+01      4.4045E+02      1.8132E-02      9.8187E-01      3.1257E+01      1.6874E+02   
   2.3952E+01      4.3945E+02      1.7209E-02      9.8279E-01      3.0768E+01      1.6923E+02   
   2.3985E+01      4.3844E+02      1.6329E-02      9.8367E-01      3.0285E+01      1.6971E+02   
   2.4019E+01      4.3744E+02      1.5489E-02      9.8451E-01      2.9808E+01      1.7019E+02   
   2.4052E+01      4.3643E+02      1.4688E-02      9.8531E-01      2.9335E+01      1.7066E+02   
   2.4086E+01      4.3543E+02      1.3924E-02      9.8608E-01      2.8868E+01      1.7113E+02   
   2.4119E+01      4.3443E+02      1.3197E-02      9.8680E-01      2.8407E+01      1.7159E+02   
   2.4153E+01      4.3342E+02      1.2503E-02      9.8750E-01      2.7950E+01      1.7205E+02   
   2.4186E+01      4.3242E+02      1.1843E-02      9.8816E-01      2.7499E+01      1.7250E+02   
   2.4220E+01      4.3141E+02      1.1214E-02      9.8879E-01      2.7053E+01      1.7295E+02   
   2.4253E+01      4.3041E+02      1.0615E-02      9.8938E-01      2.6613E+01      1.7339E+02   
   2.4286E+01      4.2941E+02      1.0045E-02      9.8995E-01      2.6177E+01      1.7382E+02   
   2.4320E+01      4.2840E+02      9.5032E-03      9.9050E-01      2.5747E+01      1.7425E+02   
   2.4353E+01      4.2740E+02      8.9876E-03      9.9101E-01      2.5322E+01      1.7468E+02   
   2.4387E+01      4.2639E+02      8.4974E-03      9.9150E-01      2.4901E+01      1.7510E+02   
   2.4420E+01      4.2539E+02      8.0315E-03      9.9197E-01      2.4486E+01      1.7551E+02   
   2.4454E+01      4.2438E+02      7.5887E-03      9.9241E-01      2.4076E+01      1.7592E+02   
   2.4487E+01      4.2338E+02      7.1681E-03      9.9283E-01      2.3671E+01      1.7633E+02   
   2.4521E+01      4.2238E+02      6.7688E-03      9.9323E-01      2.3271E+01      1.7673E+02   
   2.4554E+01      4.2137E+02      6.3896E-03      9.9361E-01      2.2875E+01      1.7712E+02   
   2.4588E+01      4.2037E+02      6.0298E-03      9.9397E-01      2.2485E+01      1.7751E+02   
   2.4621E+01      4.1936E+02      5.6885E-03      9.9431E-01      2.2099E+01      1.7790E+02   
   2.4655E+01      4.1836E+02      5.3647E-03      9.9464E-01      2.1719E+01      1.7828E+02   
   2.4688E+01      4.1736E+02      5.0578E-03      9.9494E-01      2.1343E+01      1.7866E+02   
   2.4722E+01      4.1635E+02      4.7668E-03      9.9523E-01      2.0971E+01      1.7903E+02   
   2.4755E+01      4.1535E+02      4.4912E-03      9.9551E-01      2.0605E+01      1.7940E+02   
   2.4789E+01      4.1434E+02      4.2301E-03      9.9577E-01      2.0243E+01      1.7976E+02   
   2.4822E+01      4.1334E+02      3.9828E-03      9.9602E-01      1.9886E+01      1.8011E+02   
   2.4856E+01      4.1233E+02      3.7488E-03      9.9625E-01      1.9533E+01      1.8047E+02   
   2.4889E+01      4.1133E+02      3.5274E-03      9.9647E-01      1.9185E+01      1.8082E+02   
   2.4922E+01      4.1033E+02      3.3179E-03      9.9668E-01      1.8841E+01      1.8116E+02   
   2.4956E+01      4.0932E+02      3.1198E-03      9.9688E-01      1.8502E+01      1.8150E+02   
   2.4989E+01      4.0832E+02      2.9325E-03      9.9707E-01      1.8168E+01      1.8183E+02   
   2.5023E+01      4.0731E+02      2.7556E-03      9.9724E-01      1.7838E+01      1.8216E+02   
   2.5056E+01      4.0631E+02      2.5884E-03      9.9741E-01      1.7512E+01      1.8249E+02   
   2.5090E+01      4.0531E+02      2.4306E-03      9.9757E-01      1.7191E+01      1.8281E+02   
   2.5123E+01      4.0430E+02      2.2815E-03      9.9772E-01      1.6874E+01      1.8313E+02   
   2.5157E+01      4.0330E+02      2.1409E-03      9.9786E-01      1.6561E+01      1.8344E+02   
   2.5190E+01      4.0229E+02      2.0082E-03      9.9799E-01      1.6253E+01      1.8375E+02   
   2.5224E+01      4.0129E+02      1.8831E-03      9.9812E-01      1.5949E+01      1.8405E+02   
   2.5257E+01      4.0028E+02      1.7651E-03      9.9823E-01      1.5649E+01      1.8435E+02   
   2.5291E+01      3.9928E+02      1.6540E-03      9.9835E-01      1.5353E+01      1.8465E+02   
   2.5324E+01      3.9828E+02      1.5492E-03      9.9845E-01      1.5062E+01      1.8494E+02   
   2.5358E+01      3.9727E+02      1.4506E-03      9.9855E-01      1.4774E+01      1.8523E+02   
   2.5391E+01      3.9627E+02      1.3578E-03      9.9864E-01      1.4491E+01      1.8551E+02   
   2.5425E+01      3.9526E+02      1.2704E-03      9.9873E-01      1.4211E+01      1.8579E+02   
   2.5458E+01      3.9426E+02      1.1882E-03      9.9881E-01      1.3936E+01      1.8606E+02   
   2.5491E+01      3.9326E+02      1.1110E-03      9.9889E-01      1.3664E+01      1.8634E+02   
   2.5525E+01      3.9225E+02      1.0383E-03      9.9896E-01      1.3397E+01      1.8660E+02   
   2.5558E+01      3.9125E+02      9.7006E-04      9.9903E-01      1.3133E+01      1.8687E+02   
   2.5592E+01      3.9024E+02      9.0594E-04      9.9909E-01      1.2874E+01      1.8713E+02   
   2.5625E+01      3.8924E+02      8.4573E-04      9.9915E-01      1.2618E+01      1.8738E+02   
   2.5659E+01      3.8823E+02      7.8923E-04      9.9921E-01      1.2366E+01      1.8763E+02   
   2.5692E+01      3.8723E+02      7.3621E-04      9.9926E-01      1.2117E+01      1.8788E+02   
   2.5726E+01      3.8623E+02      6.8648E-04      9.9931E-01      1.1873E+01      1.8813E+02   
   2.5759E+01      3.8522E+02      6.3986E-04      9.9936E-01      1.1632E+01      1.8837E+02   
   2.5793E+01      3.8422E+02      5.9617E-04      9.9940E-01      1.1395E+01      1.8861E+02   
   2.5826E+01      3.8321E+02      5.5525E-04      9.9944E-01      1.1161E+01      1.8884E+02   
   2.5860E+01      3.8221E+02      5.1692E-04      9.9948E-01      1.0931E+01      1.8907E+02   
   2.5893E+01      3.8121E+02      4.8105E-04      9.9952E-01      1.0705E+01      1.8930E+02   
   2.5927E+01      3.8020E+02      4.4748E-04      9.9955E-01      1.0482E+01      1.8952E+02   
   2.5960E+01      3.7920E+02      4.1608E-04      9.9958E-01      1.0263E+01      1.8974E+02   
   2.5994E+01      3.7819E+02      3.8673E-04      9.9961E-01      1.0047E+01      1.8995E+02   
   2.6027E+01      3.7719E+02      3.5929E-04      9.9964E-01      9.8342E+00      1.9017E+02   
   2.6061E+01      3.7618E+02      3.3367E-04      9.9967E-01      9.6251E+00      1.9037E+02   
   2.6094E+01      3.7518E+02      3.0974E-04      9.9969E-01      9.4194E+00      1.9058E+02   
   2.6127E+01      3.7418E+02      2.8740E-04      9.9971E-01      9.2170E+00      1.9078E+02   
   2.6161E+01      3.7317E+02      2.6656E-04      9.9973E-01      9.0179E+00      1.9098E+02   
   2.6194E+01      3.7217E+02      2.4712E-04      9.9975E-01      8.8220E+00      1.9118E+02   
   2.6228E+01      3.7116E+02      2.2901E-04      9.9977E-01      8.6294E+00      1.9137E+02   
   2.6261E+01      3.7016E+02      2.1212E-04      9.9979E-01      8.4400E+00      1.9156E+02   
   2.6295E+01      3.6916E+02      1.9640E-04      9.9980E-01      8.2537E+00      1.9175E+02   
   2.6328E+01      3.6815E+02      1.8176E-04      9.9982E-01      8.0706E+00      1.9193E+02   
   2.6362E+01      3.6715E+02      1.6813E-04      9.9983E-01      7.8905E+00      1.9211E+02   
   2.6395E+01      3.6614E+02      1.5546E-04      9.9984E-01      7.7136E+00      1.9229E+02   
   2.6429E+01      3.6514E+02      1.4368E-04      9.9986E-01      7.5396E+00      1.9246E+02   
   2.6462E+01      3.6413E+02      1.3272E-04      9.9987E-01      7.3687E+00      1.9263E+02   
   2.6496E+01      3.6313E+02      1.2255E-04      9.9988E-01      7.2007E+00      1.9280E+02   
   2.6529E+01      3.6213E+02      1.1311E-04      9.9989E-01      7.0356E+00      1.9296E+02   
   2.6563E+01      3.6112E+02      1.0434E-04      9.9990E-01      6.8735E+00      1.9313E+02   
   2.6596E+01      3.6012E+02      9.6205E-05      9.9990E-01      6.7142E+00      1.9329E+02   
   2.6630E+01      3.5911E+02      8.8663E-05      9.9991E-01      6.5577E+00      1.9344E+02   
   2.6663E+01      3.5811E+02      8.1674E-05      9.9992E-01      6.4040E+00      1.9360E+02   
   2.6696E+01      3.5711E+02      7.5199E-05      9.9992E-01      6.2531E+00      1.9375E+02   
   2.6730E+01      3.5610E+02      6.9203E-05      9.9993E-01      6.1050E+00      1.9390E+02   
   2.6763E+01      3.5510E+02      6.3654E-05      9.9994E-01      5.9595E+00      1.9404E+02   
   2.6797E+01      3.5409E+02      5.8521E-05      9.9994E-01      5.8167E+00      1.9418E+02   
   2.6830E+01      3.5309E+02      5.3775E-05      9.9995E-01      5.6765E+00      1.9432E+02   
   2.6864E+01      3.5208E+02      4.9390E-05      9.9995E-01      5.5390E+00      1.9446E+02   
   2.6897E+01      3.5108E+02      4.5338E-05      9.9995E-01      5.4040E+00      1.9460E+02   
   2.6931E+01      3.5008E+02      4.1598E-05      9.9996E-01      5.2716E+00      1.9473E+02   
   2.6964E+01      3.4907E+02      3.8146E-05      9.9996E-01      5.1417E+00      1.9486E+02   
   2.6998E+01      3.4807E+02      3.4963E-05      9.9997E-01      5.0142E+00      1.9499E+02   
   2.7031E+01      3.4706E+02      3.2029E-05      9.9997E-01      4.8892E+00      1.9511E+02   
   2.7065E+01      3.4606E+02      2.9325E-05      9.9997E-01      4.7667E+00      1.9523E+02   
   2.7098E+01      3.4506E+02      2.6835E-05      9.9997E-01      4.6465E+00      1.9535E+02   
   2.7132E+01      3.4405E+02      2.4543E-05      9.9998E-01      4.5287E+00      1.9547E+02   
   2.7165E+01      3.4305E+02      2.2435E-05      9.9998E-01      4.4131E+00      1.9559E+02   
   2.7199E+01      3.4204E+02      2.0497E-05      9.9998E-01      4.2999E+00      1.9570E+02   
   2.7232E+01      3.4104E+02      1.8716E-05      9.9998E-01      4.1890E+00      1.9581E+02   
   2.7266E+01      3.4003E+02      1.7080E-05      9.9998E-01      4.0803E+00      1.9592E+02   
   2.7299E+01      3.3903E+02      1.5578E-05      9.9998E-01      3.9737E+00      1.9603E+02   
   2.7332E+01      3.3803E+02      1.4201E-05      9.9999E-01      3.8694E+00      1.9613E+02   
   2.7366E+01      3.3702E+02      1.2938E-05      9.9999E-01      3.7672E+00      1.9623E+02   
   2.7399E+01      3.3602E+02      1.1780E-05      9.9999E-01      3.6671E+00      1.9633E+02   
   2.7433E+01      3.3501E+02      1.0720E-05      9.9999E-01      3.5691E+00      1.9643E+02   
   2.7466E+01      3.3401E+02      9.7491E-06      9.9999E-01      3.4732E+00      1.9653E+02   
   2.7500E+01      3.3301E+02      8.8612E-06      9.9999E-01      3.3792E+00      1.9662E+02   
   2.7533E+01      3.3200E+02      8.0493E-06      9.9999E-01      3.2873E+00      1.9671E+02   
   2.7567E+01      3.3100E+02      7.3075E-06      9.9999E-01      3.1973E+00      1.9680E+02   
   2.7600E+01      3.2999E+02      6.6300E-06      9.9999E-01      3.1093E+00      1.9689E+02   
   2.7634E+01      3.2899E+02      6.0116E-06      9.9999E-01      3.0232E+00      1.9698E+02   
   2.7667E+01      3.2798E+02      5.4475E-06      9.9999E-01      2.9389E+00      1.9706E+02   
   2.7701E+01      3.2698E+02      4.9333E-06      1.0000E+00      2.8566E+00      1.9714E+02   
   2.7734E+01      3.2598E+02      4.4649E-06      1.0000E+00      2.7760E+00      1.9722E+02   
   2.7768E+01      3.2497E+02      4.0383E-06      1.0000E+00      2.6972E+00      1.9730E+02   
   2.7801E+01      3.2397E+02      3.6502E-06      1.0000E+00      2.6202E+00      1.9738E+02   
   2.7835E+01      3.2296E+02      3.2972E-06      1.0000E+00      2.5450E+00      1.9746E+02   
   2.7868E+01      3.2196E+02      2.9765E-06      1.0000E+00      2.4714E+00      1.9753E+02   
   2.7901E+01      3.2096E+02      2.6851E-06      1.0000E+00      2.3995E+00      1.9760E+02   
   2.7935E+01      3.1995E+02      2.4207E-06      1.0000E+00      2.3293E+00      1.9767E+02   
   2.7968E+01      3.1895E+02      2.1809E-06      1.0000E+00      2.2608E+00      1.9774E+02   
   2.8002E+01      3.1794E+02      1.9635E-06      1.0000E+00      2.1938E+00      1.9781E+02   
   2.8035E+01      3.1694E+02      1.7665E-06      1.0000E+00      2.1284E+00      1.9787E+02   
   2.8069E+01      3.1593E+02      1.5883E-06      1.0000E+00      2.0645E+00      1.9794E+02   
   2.8102E+01      3.1493E+02      1.4270E-06      1.0000E+00      2.0022E+00      1.9800E+02   
   2.8136E+01      3.1393E+02      1.2812E-06      1.0000E+00      1.9414E+00      1.9806E+02   
   2.8169E+01      3.1292E+02      1.1495E-06      1.0000E+00      1.8821E+00      1.9812E+02   
   2.8203E+01      3.1192E+02      1.0306E-06      1.0000E+00      1.8242E+00      1.9818E+02   
   2.8236E+01      3.1091E+02      9.2331E-07      1.0000E+00      1.7677E+00      1.9823E+02   
   2.8270E+01      3.0991E+02      8.2660E-07      1.0000E+00      1.7127E+00      1.9829E+02   
   2.8303E+01      3.0891E+02      7.3948E-07      1.0000E+00      1.6590E+00      1.9834E+02   
   2.8337E+01      3.0790E+02      6.6105E-07      1.0000E+00      1.6066E+00      1.9839E+02   
   2.8370E+01      3.0690E+02      5.9050E-07      1.0000E+00      1.5556E+00      1.9844E+02   
   2.8404E+01      3.0589E+02      5.2708E-07      1.0000E+00      1.5059E+00      1.9849E+02   
   2.8437E+01      3.0489E+02      4.7011E-07      1.0000E+00      1.4574E+00      1.9854E+02   
   2.8471E+01      3.0388E+02      4.1897E-07      1.0000E+00      1.4102E+00      1.9859E+02   
   2.8504E+01      3.0288E+02      3.7311E-07      1.0000E+00      1.3643E+00      1.9864E+02   
   2.8537E+01      3.0188E+02      3.3201E-07      1.0000E+00      1.3195E+00      1.9868E+02   
   2.8571E+01      3.0087E+02      2.9520E-07      1.0000E+00      1.2760E+00      1.9872E+02   
   2.8604E+01      2.9987E+02      2.6227E-07      1.0000E+00      1.2336E+00      1.9877E+02   
   2.8638E+01      2.9886E+02      2.3281E-07      1.0000E+00      1.1923E+00      1.9881E+02   
   2.8671E+01      2.9786E+02      2.0650E-07      1.0000E+00      1.1521E+00      1.9885E+02   
   2.8705E+01      2.9686E+02      1.8301E-07      1.0000E+00      1.1131E+00      1.9889E+02   
   2.8738E+01      2.9585E+02      1.6206E-07      1.0000E+00      1.0751E+00      1.9892E+02   
   2.8772E+01      2.9485E+02      1.4339E-07      1.0000E+00      1.0382E+00      1.9896E+02   
   2.8805E+01      2.9384E+02      1.2676E-07      1.0000E+00      1.0023E+00      1.9900E+02   
