Results for node = 1
    time [s]    temperature [K]    growth [/]    nucleation [/]   Css [wt.ppm]    Cp [wt.ppm]   
   0.0000E+00      2.9300E+02      0.0000E+00      0.0000E+00      4.8676E-02      1.9995E+02   
   5.0000E-01      2.9367E+02      0.0000E+00      0.0000E+00      4.8676E-02      1.9995E+02   
   2.0000E+00      2.9567E+02      0.0000E+00      0.0000E+00      4.8676E-02      1.9995E+02   
   3.5000E+00      2.9767E+02      0.0000E+00      0.0000E+00      4.8677E-02      1.9995E+02   
   5.0000E+00      2.9967E+02      0.0000E+00      0.0000E+00      4.8677E-02      1.9995E+02   
   6.5000E+00      3.0167E+02      0.0000E+00      0.0000E+00      4.8678E-02      1.9995E+02   
   8.0000E+00      3.0367E+02      0.0000E+00      0.0000E+00      4.8679E-02      1.9995E+02   
   9.5000E+00      3.0567E+02      0.0000E+00      0.0000E+00      4.8680E-02      1.9995E+02   
   1.1000E+01      3.0767E+02      0.0000E+00      0.0000E+00      4.8683E-02      1.9995E+02   
   1.2500E+01      3.0967E+02      0.0000E+00      0.0000E+00      4.8685E-02      1.9995E+02   
   1.4000E+01      3.1167E+02      0.0000E+00      0.0000E+00      4.8689E-02      1.9995E+02   
   1.5500E+01      3.1367E+02      0.0000E+00      0.0000E+00      4.8694E-02      1.9995E+02   
   1.7000E+01      3.1567E+02      0.0000E+00      0.0000E+00      4.8700E-02      1.9995E+02   
   1.8500E+01      3.1767E+02      0.0000E+00      0.0000E+00      4.8708E-02      1.9995E+02   
   2.0000E+01      3.1967E+02      0.0000E+00      0.0000E+00      4.8718E-02      1.9995E+02   
   2.1500E+01      3.2167E+02      0.0000E+00      0.0000E+00      4.8731E-02      1.9995E+02   
   2.3000E+01      3.2367E+02      0.0000E+00      0.0000E+00      4.8746E-02      1.9995E+02   
   2.4500E+01      3.2567E+02      0.0000E+00      0.0000E+00      4.8765E-02      1.9995E+02   
   2.6000E+01      3.2767E+02      0.0000E+00      0.0000E+00      4.8789E-02      1.9995E+02   
   2.7500E+01      3.2967E+02      0.0000E+00      0.0000E+00      4.8817E-02      1.9995E+02   
   2.9000E+01      3.3167E+02      0.0000E+00      0.0000E+00      4.8852E-02      1.9995E+02   
   3.0500E+01      3.3367E+02      0.0000E+00      0.0000E+00      4.8894E-02      1.9995E+02   
   3.2000E+01      3.3567E+02      0.0000E+00      0.0000E+00      4.8945E-02      1.9995E+02   
   3.3500E+01      3.3767E+02      0.0000E+00      0.0000E+00      4.9005E-02      1.9995E+02   
   3.5000E+01      3.3967E+02      0.0000E+00      0.0000E+00      4.9078E-02      1.9995E+02   
   3.6500E+01      3.4167E+02      0.0000E+00      0.0000E+00      4.9166E-02      1.9995E+02   
   3.8000E+01      3.4367E+02      0.0000E+00      0.0000E+00      4.9269E-02      1.9995E+02   
   3.9500E+01      3.4567E+02      0.0000E+00      0.0000E+00      4.9392E-02      1.9995E+02   
   4.1000E+01      3.4767E+02      0.0000E+00      0.0000E+00      4.9538E-02      1.9995E+02   
   4.2500E+01      3.4967E+02      0.0000E+00      0.0000E+00      4.9710E-02      1.9995E+02   
   4.4000E+01      3.5167E+02      0.0000E+00      0.0000E+00      4.9913E-02      1.9995E+02   
   4.5500E+01      3.5367E+02      0.0000E+00      0.0000E+00      5.0151E-02      1.9995E+02   
   4.7000E+01      3.5567E+02      0.0000E+00      0.0000E+00      5.0430E-02      1.9995E+02   
   4.8500E+01      3.5767E+02      0.0000E+00      0.0000E+00      5.0757E-02      1.9995E+02   
   5.0000E+01      3.5967E+02      0.0000E+00      0.0000E+00      5.1138E-02      1.9995E+02   
   5.1500E+01      3.6167E+02      0.0000E+00      0.0000E+00      5.1582E-02      1.9995E+02   
   5.3000E+01      3.6367E+02      0.0000E+00      0.0000E+00      5.2098E-02      1.9995E+02   
   5.4500E+01      3.6567E+02      0.0000E+00      0.0000E+00      5.2697E-02      1.9995E+02   
   5.6000E+01      3.6767E+02      0.0000E+00      0.0000E+00      5.3390E-02      1.9995E+02   
   5.7500E+01      3.6967E+02      0.0000E+00      0.0000E+00      5.4192E-02      1.9995E+02   
   5.9000E+01      3.7167E+02      0.0000E+00      0.0000E+00      5.5116E-02      1.9994E+02   
   6.0500E+01      3.7367E+02      0.0000E+00      0.0000E+00      5.6181E-02      1.9994E+02   
   6.2000E+01      3.7567E+02      0.0000E+00      0.0000E+00      5.7405E-02      1.9994E+02   
   6.3500E+01      3.7767E+02      0.0000E+00      0.0000E+00      5.8809E-02      1.9994E+02   
   6.5000E+01      3.7967E+02      0.0000E+00      0.0000E+00      6.0418E-02      1.9994E+02   
   6.6500E+01      3.8167E+02      0.0000E+00      0.0000E+00      6.2259E-02      1.9994E+02   
   6.8000E+01      3.8367E+02      0.0000E+00      0.0000E+00      6.4362E-02      1.9994E+02   
   6.9500E+01      3.8567E+02      0.0000E+00      0.0000E+00      6.6759E-02      1.9993E+02   
   7.1000E+01      3.8767E+02      0.0000E+00      0.0000E+00      6.9488E-02      1.9993E+02   
   7.2500E+01      3.8967E+02      0.0000E+00      0.0000E+00      7.2591E-02      1.9993E+02   
   7.4000E+01      3.9167E+02      0.0000E+00      0.0000E+00      7.6112E-02      1.9992E+02   
   7.5500E+01      3.9367E+02      0.0000E+00      0.0000E+00      8.0104E-02      1.9992E+02   
   7.7000E+01      3.9567E+02      0.0000E+00      0.0000E+00      8.4622E-02      1.9992E+02   
   7.8500E+01      3.9767E+02      0.0000E+00      0.0000E+00      8.9727E-02      1.9991E+02   
   8.0000E+01      3.9967E+02      0.0000E+00      0.0000E+00      9.5490E-02      1.9990E+02   
   8.1500E+01      4.0167E+02      0.0000E+00      0.0000E+00      1.0198E-01      1.9990E+02   
   8.3000E+01      4.0367E+02      0.0000E+00      0.0000E+00      1.0929E-01      1.9989E+02   
   8.4500E+01      4.0567E+02      0.0000E+00      0.0000E+00      1.1751E-01      1.9988E+02   
   8.6000E+01      4.0767E+02      0.0000E+00      0.0000E+00      1.2673E-01      1.9987E+02   
   8.7500E+01      4.0967E+02      0.0000E+00      0.0000E+00      1.3707E-01      1.9986E+02   
   8.9000E+01      4.1167E+02      0.0000E+00      0.0000E+00      1.4865E-01      1.9985E+02   
   9.0500E+01      4.1367E+02      0.0000E+00      0.0000E+00      1.6159E-01      1.9984E+02   
   9.2000E+01      4.1567E+02      0.0000E+00      0.0000E+00      1.7604E-01      1.9982E+02   
   9.3500E+01      4.1767E+02      0.0000E+00      0.0000E+00      1.9216E-01      1.9981E+02   
   9.5000E+01      4.1967E+02      0.0000E+00      0.0000E+00      2.1012E-01      1.9979E+02   
   9.6500E+01      4.2167E+02      0.0000E+00      0.0000E+00      2.3009E-01      1.9977E+02   
   9.8000E+01      4.2367E+02      0.0000E+00      0.0000E+00      2.5228E-01      1.9975E+02   
   9.9500E+01      4.2567E+02      0.0000E+00      0.0000E+00      2.7691E-01      1.9972E+02   
   1.0100E+02      4.2767E+02      0.0000E+00      0.0000E+00      3.0420E-01      1.9970E+02   
   1.0250E+02      4.2967E+02      0.0000E+00      0.0000E+00      3.3442E-01      1.9967E+02   
   1.0400E+02      4.3167E+02      0.0000E+00      0.0000E+00      3.6783E-01      1.9963E+02   
   1.0550E+02      4.3367E+02      0.0000E+00      0.0000E+00      4.0472E-01      1.9960E+02   
   1.0700E+02      4.3567E+02      0.0000E+00      0.0000E+00      4.4541E-01      1.9955E+02   
   1.0850E+02      4.3767E+02      0.0000E+00      0.0000E+00      4.9024E-01      1.9951E+02   
   1.1000E+02      4.3967E+02      0.0000E+00      0.0000E+00      5.3957E-01      1.9946E+02   
   1.1150E+02      4.4167E+02      0.0000E+00      0.0000E+00      5.9379E-01      1.9941E+02   
   1.1250E+02      4.4300E+02      0.0000E+00      0.0000E+00      6.3344E-01      1.9937E+02   
   1.1354E+02      4.4439E+02      0.0000E+00      0.0000E+00      6.7771E-01      1.9932E+02   
   1.1463E+02      4.4584E+02      0.0000E+00      0.0000E+00      7.2736E-01      1.9927E+02   
   1.1578E+02      4.4737E+02      0.0000E+00      0.0000E+00      7.8329E-01      1.9922E+02   
   1.1698E+02      4.4898E+02      0.0000E+00      0.0000E+00      8.4664E-01      1.9915E+02   
   1.1826E+02      4.5067E+02      0.0000E+00      0.0000E+00      9.1881E-01      1.9908E+02   
   1.1960E+02      4.5247E+02      0.0000E+00      0.0000E+00      1.0015E+00      1.9900E+02   
   1.2104E+02      4.5438E+02      0.0000E+00      0.0000E+00      1.0970E+00      1.9890E+02   
   1.2256E+02      4.5642E+02      0.0000E+00      0.0000E+00      1.2080E+00      1.9879E+02   
   1.2420E+02      4.5859E+02      0.0000E+00      0.0000E+00      1.3383E+00      1.9866E+02   
   1.2595E+02      4.6093E+02      0.0000E+00      0.0000E+00      1.4925E+00      1.9851E+02   
   1.2784E+02      4.6345E+02      0.0000E+00      0.0000E+00      1.6769E+00      1.9832E+02   
   1.2884E+02      4.6479E+02      0.0000E+00      0.0000E+00      1.7831E+00      1.9822E+02   
   1.2989E+02      4.6619E+02      0.0000E+00      0.0000E+00      1.9003E+00      1.9810E+02   
   1.3098E+02      4.6764E+02      0.0000E+00      0.0000E+00      2.0302E+00      1.9797E+02   
   1.3213E+02      4.6917E+02      0.0000E+00      0.0000E+00      2.1746E+00      1.9783E+02   
   1.3333E+02      4.7077E+02      0.0000E+00      0.0000E+00      2.3358E+00      1.9766E+02   
   1.3459E+02      4.7245E+02      0.0000E+00      0.0000E+00      2.5165E+00      1.9748E+02   
   1.3591E+02      4.7421E+02      0.0000E+00      0.0000E+00      2.7202E+00      1.9728E+02   
   1.3731E+02      4.7608E+02      0.0000E+00      0.0000E+00      2.9509E+00      1.9705E+02   
   1.3879E+02      4.7805E+02      0.0000E+00      0.0000E+00      3.2136E+00      1.9679E+02   
   1.4036E+02      4.8014E+02      0.0000E+00      0.0000E+00      3.5146E+00      1.9649E+02   
   1.4202E+02      4.8236E+02      0.0000E+00      0.0000E+00      3.8617E+00      1.9614E+02   
   1.4380E+02      4.8474E+02      0.0000E+00      0.0000E+00      4.2651E+00      1.9573E+02   
   1.4571E+02      4.8728E+02      0.0000E+00      0.0000E+00      4.7376E+00      1.9526E+02   
   1.4776E+02      4.9002E+02      0.0000E+00      0.0000E+00      5.2960E+00      1.9470E+02   
   1.4998E+02      4.9298E+02      0.0000E+00      0.0000E+00      5.9627E+00      1.9404E+02   
   1.5240E+02      4.9620E+02      0.0000E+00      0.0000E+00      6.7676E+00      1.9323E+02   
   1.5504E+02      4.9971E+02      0.0000E+00      0.0000E+00      7.7519E+00      1.9225E+02   
   1.5794E+02      5.0359E+02      0.0000E+00      0.0000E+00      8.9730E+00      1.9103E+02   
   1.6117E+02      5.0790E+02      0.0000E+00      0.0000E+00      1.0513E+01      1.8949E+02   
   1.6480E+02      5.1273E+02      0.0000E+00      0.0000E+00      1.2494E+01      1.8751E+02   
   1.6892E+02      5.1822E+02      0.0000E+00      0.0000E+00      1.5098E+01      1.8490E+02   
   1.7366E+02      5.2455E+02      0.0000E+00      0.0000E+00      1.8613E+01      1.8139E+02   
   1.7923E+02      5.3198E+02      0.0000E+00      0.0000E+00      2.3509E+01      1.7649E+02   
   1.8592E+02      5.4089E+02      0.0000E+00      0.0000E+00      3.0592E+01      1.6941E+02   
   1.9420E+02      5.5193E+02      0.0000E+00      0.0000E+00      3.7777E+01      1.6222E+02   
   2.0134E+02      5.6145E+02      0.0000E+00      0.0000E+00      4.4518E+01      1.5548E+02   
   2.0740E+02      5.6954E+02      0.0000E+00      0.0000E+00      5.0807E+01      1.4919E+02   
   2.1270E+02      5.7660E+02      0.0000E+00      0.0000E+00      5.6694E+01      1.4331E+02   
   2.1742E+02      5.8290E+02      0.0000E+00      0.0000E+00      6.2240E+01      1.3776E+02   
   2.2170E+02      5.8860E+02      0.0000E+00      0.0000E+00      6.7501E+01      1.3250E+02   
   2.2561E+02      5.9381E+02      0.0000E+00      0.0000E+00      7.2521E+01      1.2748E+02   
   2.2922E+02      5.9863E+02      0.0000E+00      0.0000E+00      7.7337E+01      1.2266E+02   
   2.3258E+02      6.0311E+02      0.0000E+00      0.0000E+00      8.1977E+01      1.1802E+02   
   2.3572E+02      6.0730E+02      0.0000E+00      0.0000E+00      8.6464E+01      1.1354E+02   
   2.3868E+02      6.1124E+02      0.0000E+00      0.0000E+00      9.0815E+01      1.0918E+02   
   2.4148E+02      6.1497E+02      0.0000E+00      0.0000E+00      9.5046E+01      1.0495E+02   
   2.4413E+02      6.1850E+02      0.0000E+00      0.0000E+00      9.9168E+01      1.0083E+02   
   2.4665E+02      6.2187E+02      0.0000E+00      0.0000E+00      1.0319E+02      9.6809E+01   
   2.4906E+02      6.2508E+02      0.0000E+00      0.0000E+00      1.0712E+02      9.2876E+01   
   2.5136E+02      6.2815E+02      0.0000E+00      0.0000E+00      1.1097E+02      8.9026E+01   
   2.5357E+02      6.3109E+02      0.0000E+00      0.0000E+00      1.1475E+02      8.5252E+01   
   2.5569E+02      6.3393E+02      0.0000E+00      0.0000E+00      1.1845E+02      8.1549E+01   
   2.5774E+02      6.3665E+02      0.0000E+00      0.0000E+00      1.2209E+02      7.7912E+01   
   2.5971E+02      6.3928E+02      0.0000E+00      0.0000E+00      1.2566E+02      7.4338E+01   
   2.6162E+02      6.4182E+02      0.0000E+00      0.0000E+00      1.2918E+02      7.0821E+01   
   2.6346E+02      6.4428E+02      0.0000E+00      0.0000E+00      1.3264E+02      6.7360E+01   
   2.6525E+02      6.4666E+02      0.0000E+00      0.0000E+00      1.3605E+02      6.3950E+01   
   2.6698E+02      6.4897E+02      0.0000E+00      0.0000E+00      1.3941E+02      6.0589E+01   
   2.6866E+02      6.5121E+02      0.0000E+00      0.0000E+00      1.4273E+02      5.7274E+01   
   2.7030E+02      6.5339E+02      0.0000E+00      0.0000E+00      1.4600E+02      5.4004E+01   
   2.7189E+02      6.5552E+02      0.0000E+00      0.0000E+00      1.4922E+02      5.0775E+01   
   2.7344E+02      6.5758E+02      0.0000E+00      0.0000E+00      1.5241E+02      4.7587E+01   
   2.7495E+02      6.5960E+02      0.0000E+00      0.0000E+00      1.5556E+02      4.4437E+01   
   2.7642E+02      6.6156E+02      0.0000E+00      0.0000E+00      1.5868E+02      4.1323E+01   
   2.7786E+02      6.6348E+02      0.0000E+00      0.0000E+00      1.6175E+02      3.8245E+01   
   2.7926E+02      6.6535E+02      0.0000E+00      0.0000E+00      1.6480E+02      3.5201E+01   
   2.8064E+02      6.6718E+02      0.0000E+00      0.0000E+00      1.6781E+02      3.2188E+01   
   2.8198E+02      6.6898E+02      0.0000E+00      0.0000E+00      1.7079E+02      2.9207E+01   
   2.8330E+02      6.7073E+02      0.0000E+00      0.0000E+00      1.7374E+02      2.6256E+01   
   2.8459E+02      6.7245E+02      0.0000E+00      0.0000E+00      1.7667E+02      2.3334E+01   
   2.8585E+02      6.7413E+02      0.0000E+00      0.0000E+00      1.7956E+02      2.0440E+01   
   2.8708E+02      6.7578E+02      0.0000E+00      0.0000E+00      1.8243E+02      1.7573E+01   
   2.8830E+02      6.7740E+02      0.0000E+00      0.0000E+00      1.8527E+02      1.4732E+01   
   2.8949E+02      6.7899E+02      0.0000E+00      0.0000E+00      1.8808E+02      1.1917E+01   
   2.9066E+02      6.8055E+02      0.0000E+00      0.0000E+00      1.9087E+02      9.1252E+00   
   2.9181E+02      6.8208E+02      0.0000E+00      0.0000E+00      1.9364E+02      6.3576E+00   
   2.9294E+02      6.8358E+02      0.0000E+00      0.0000E+00      1.9639E+02      3.6130E+00   
   2.9405E+02      6.8506E+02      0.0000E+00      0.0000E+00      1.9911E+02      8.9061E-01   
   2.9514E+02      6.8651E+02      0.0000E+00      0.0000E+00      1.9936E+02      6.3904E-01   
   2.9624E+02      6.8798E+02      0.0000E+00      0.0000E+00      2.0012E+02     -1.1658E-01   
   2.9733E+02      6.8945E+02      0.0000E+00      0.0000E+00      2.0012E+02     -1.1658E-01   
   2.9843E+02      6.9091E+02      0.0000E+00      0.0000E+00      2.0012E+02     -1.1658E-01   
   2.9953E+02      6.9238E+02      0.0000E+00      0.0000E+00      2.0012E+02     -1.1658E-01   
   3.0063E+02      6.9384E+02      0.0000E+00      0.0000E+00      2.0012E+02     -1.1658E-01   
   3.0173E+02      6.9531E+02      0.0000E+00      0.0000E+00      2.0012E+02     -1.1658E-01   
   3.0283E+02      6.9677E+02      0.0000E+00      0.0000E+00      2.0012E+02     -1.1658E-01   
   3.0393E+02      6.9824E+02      0.0000E+00      0.0000E+00      2.0012E+02     -1.1658E-01   
   3.0503E+02      6.9971E+02      0.0000E+00      0.0000E+00      2.0012E+02     -1.1658E-01   
   3.0613E+02      7.0117E+02      0.0000E+00      0.0000E+00      2.0012E+02     -1.1658E-01   
   3.0723E+02      7.0264E+02      0.0000E+00      0.0000E+00      2.0012E+02     -1.1658E-01   
   3.0833E+02      7.0410E+02      0.0000E+00      0.0000E+00      2.0012E+02     -1.1658E-01   
   3.0943E+02      7.0557E+02      0.0000E+00      0.0000E+00      2.0012E+02     -1.1658E-01   
   3.1053E+02      7.0704E+02      0.0000E+00      0.0000E+00      2.0012E+02     -1.1658E-01   
   3.1163E+02      7.0850E+02      0.0000E+00      0.0000E+00      2.0012E+02     -1.1658E-01   
   3.1273E+02      7.0997E+02      0.0000E+00      0.0000E+00      2.0012E+02     -1.1658E-01   
   3.1382E+02      7.1143E+02      0.0000E+00      0.0000E+00      2.0012E+02     -1.1658E-01   
   3.1492E+02      7.1290E+02      0.0000E+00      0.0000E+00      2.0012E+02     -1.1658E-01   
   3.1602E+02      7.1436E+02      0.0000E+00      0.0000E+00      2.0012E+02     -1.1658E-01   
   3.1712E+02      7.1583E+02      0.0000E+00      0.0000E+00      2.0012E+02     -1.1658E-01   
   3.1822E+02      7.1730E+02      0.0000E+00      0.0000E+00      2.0012E+02     -1.1658E-01   
   3.1932E+02      7.1876E+02      0.0000E+00      0.0000E+00      2.0012E+02     -1.1658E-01   
   3.2042E+02      7.2023E+02      0.0000E+00      0.0000E+00      2.0012E+02     -1.1658E-01   
   3.2152E+02      7.2170E+02      0.0000E+00      0.0000E+00      2.0012E+02     -1.1658E-01   
   3.2262E+02      7.2300E+02      0.0000E+00      0.0000E+00      2.0012E+02     -1.1658E-01   
   3.2372E+02      7.2300E+02      0.0000E+00      0.0000E+00      2.0012E+02     -1.1658E-01   
   3.2482E+02      7.2300E+02      0.0000E+00      0.0000E+00      2.0012E+02     -1.1658E-01   
   3.2592E+02      7.2300E+02      0.0000E+00      0.0000E+00      2.0012E+02     -1.1658E-01   
   3.2702E+02      7.2300E+02      0.0000E+00      0.0000E+00      2.0012E+02     -1.1658E-01   
   3.2812E+02      7.2300E+02      0.0000E+00      0.0000E+00      2.0012E+02     -1.1658E-01   
   3.2922E+02      7.2300E+02      0.0000E+00      0.0000E+00      2.0012E+02     -1.1658E-01   
   3.3032E+02      7.2300E+02      0.0000E+00      0.0000E+00      2.0012E+02     -1.1658E-01   
   3.3142E+02      7.2300E+02      0.0000E+00      0.0000E+00      2.0012E+02     -1.1658E-01   
   3.3252E+02      7.2300E+02      0.0000E+00      0.0000E+00      2.0012E+02     -1.1658E-01   
   3.3362E+02      7.2300E+02      0.0000E+00      0.0000E+00      2.0012E+02     -1.1658E-01   
   3.3472E+02      7.2300E+02      0.0000E+00      0.0000E+00      2.0012E+02     -1.1658E-01   
   3.3582E+02      7.2300E+02      0.0000E+00      0.0000E+00      2.0012E+02     -1.1658E-01   
   3.3692E+02      7.2300E+02      0.0000E+00      0.0000E+00      2.0012E+02     -1.1658E-01   
   3.3801E+02      7.2300E+02      0.0000E+00      0.0000E+00      2.0012E+02     -1.1658E-01   
   3.3911E+02      7.2300E+02      0.0000E+00      0.0000E+00      2.0012E+02     -1.1658E-01   
   3.4021E+02      7.2300E+02      0.0000E+00      0.0000E+00      2.0012E+02     -1.1658E-01   
   3.4131E+02      7.2300E+02      0.0000E+00      0.0000E+00      2.0012E+02     -1.1658E-01   
   3.4241E+02      7.2300E+02      0.0000E+00      0.0000E+00      2.0012E+02     -1.1658E-01   
   3.4351E+02      7.2300E+02      0.0000E+00      0.0000E+00      2.0012E+02     -1.1658E-01   
   3.4461E+02      7.2300E+02      0.0000E+00      0.0000E+00      2.0012E+02     -1.1658E-01   
   3.4571E+02      7.2300E+02      0.0000E+00      0.0000E+00      2.0012E+02     -1.1658E-01   
   3.4681E+02      7.2300E+02      0.0000E+00      0.0000E+00      2.0012E+02     -1.1658E-01   
   3.4791E+02      7.2300E+02      0.0000E+00      0.0000E+00      2.0012E+02     -1.1658E-01   
   3.4901E+02      7.2300E+02      0.0000E+00      0.0000E+00      2.0012E+02     -1.1658E-01   
   3.5011E+02      7.2300E+02      0.0000E+00      0.0000E+00      2.0012E+02     -1.1658E-01   
   3.5121E+02      7.2300E+02      0.0000E+00      0.0000E+00      2.0012E+02     -1.1658E-01   
   3.5231E+02      7.2300E+02      0.0000E+00      0.0000E+00      2.0012E+02     -1.1658E-01   
   3.5341E+02      7.2300E+02      0.0000E+00      0.0000E+00      2.0012E+02     -1.1658E-01   
   3.5451E+02      7.2300E+02      0.0000E+00      0.0000E+00      2.0012E+02     -1.1658E-01   
   3.5561E+02      7.2300E+02      0.0000E+00      0.0000E+00      2.0012E+02     -1.1658E-01   
   3.5671E+02      7.2300E+02      0.0000E+00      0.0000E+00      2.0012E+02     -1.1658E-01   
   3.5781E+02      7.2300E+02      0.0000E+00      0.0000E+00      2.0012E+02     -1.1658E-01   
   3.5891E+02      7.2300E+02      0.0000E+00      0.0000E+00      2.0012E+02     -1.1658E-01   
   3.6001E+02      7.2300E+02      0.0000E+00      0.0000E+00      2.0012E+02     -1.1658E-01   
   3.6111E+02      7.2300E+02      0.0000E+00      0.0000E+00      2.0012E+02     -1.1658E-01   
   3.6220E+02      7.2300E+02      0.0000E+00      0.0000E+00      2.0012E+02     -1.1658E-01   
   3.6330E+02      7.2300E+02      0.0000E+00      0.0000E+00      2.0012E+02     -1.1658E-01   
   3.6440E+02      7.2300E+02      0.0000E+00      0.0000E+00      2.0012E+02     -1.1658E-01   
   3.6550E+02      7.2300E+02      0.0000E+00      0.0000E+00      2.0012E+02     -1.1658E-01   
   3.6660E+02      7.2300E+02      0.0000E+00      0.0000E+00      2.0012E+02     -1.1658E-01   
   3.6770E+02      7.2300E+02      0.0000E+00      0.0000E+00      2.0012E+02     -1.1658E-01   
   3.6880E+02      7.2300E+02      0.0000E+00      0.0000E+00      2.0012E+02     -1.1658E-01   
   3.6990E+02      7.2300E+02      0.0000E+00      0.0000E+00      2.0012E+02     -1.1658E-01   
   3.7100E+02      7.2300E+02      0.0000E+00      0.0000E+00      2.0012E+02     -1.1658E-01   
   3.7210E+02      7.2300E+02      0.0000E+00      0.0000E+00      2.0012E+02     -1.1658E-01   
   3.7320E+02      7.2300E+02      0.0000E+00      0.0000E+00      2.0012E+02     -1.1658E-01   
   3.7430E+02      7.2300E+02      0.0000E+00      0.0000E+00      2.0012E+02     -1.1658E-01   
   3.7540E+02      7.2300E+02      0.0000E+00      0.0000E+00      2.0012E+02     -1.1658E-01   
   3.7650E+02      7.2300E+02      0.0000E+00      0.0000E+00      2.0012E+02     -1.1658E-01   
   3.7760E+02      7.2300E+02      0.0000E+00      0.0000E+00      2.0012E+02     -1.1658E-01   
   3.7870E+02      7.2300E+02      0.0000E+00      0.0000E+00      2.0012E+02     -1.1658E-01   
   3.7980E+02      7.2300E+02      0.0000E+00      0.0000E+00      2.0012E+02     -1.1658E-01   
   3.8090E+02      7.2300E+02      0.0000E+00      0.0000E+00      2.0012E+02     -1.1658E-01   
   3.8200E+02      7.2300E+02      0.0000E+00      0.0000E+00      2.0012E+02     -1.1658E-01   
   3.8310E+02      7.2300E+02      0.0000E+00      0.0000E+00      2.0012E+02     -1.1658E-01   
   3.8420E+02      7.2300E+02      0.0000E+00      0.0000E+00      2.0012E+02     -1.1658E-01   
   3.8530E+02      7.2300E+02      0.0000E+00      0.0000E+00      2.0012E+02     -1.1658E-01   
   3.8640E+02      7.2300E+02      0.0000E+00      0.0000E+00      2.0012E+02     -1.1658E-01   
   3.8749E+02      7.2300E+02      0.0000E+00      0.0000E+00      2.0012E+02     -1.1658E-01   
   3.8859E+02      7.2300E+02      0.0000E+00      0.0000E+00      2.0012E+02     -1.1658E-01   
   3.8969E+02      7.2300E+02      0.0000E+00      0.0000E+00      2.0012E+02     -1.1658E-01   
   3.9079E+02      7.2300E+02      0.0000E+00      0.0000E+00      2.0012E+02     -1.1658E-01   
   3.9189E+02      7.2300E+02      0.0000E+00      0.0000E+00      2.0012E+02     -1.1658E-01   
   3.9299E+02      7.2300E+02      0.0000E+00      0.0000E+00      2.0012E+02     -1.1658E-01   
   3.9409E+02      7.2300E+02      0.0000E+00      0.0000E+00      2.0012E+02     -1.1658E-01   
   3.9519E+02      7.2300E+02      0.0000E+00      0.0000E+00      2.0012E+02     -1.1658E-01   
   3.9629E+02      7.2300E+02      0.0000E+00      0.0000E+00      2.0012E+02     -1.1658E-01   
   3.9739E+02      7.2300E+02      0.0000E+00      0.0000E+00      2.0012E+02     -1.1658E-01   
   3.9849E+02      7.2300E+02      0.0000E+00      0.0000E+00      2.0012E+02     -1.1658E-01   
   3.9959E+02      7.2300E+02      0.0000E+00      0.0000E+00      2.0012E+02     -1.1658E-01   
   4.0069E+02      7.2300E+02      0.0000E+00      0.0000E+00      2.0012E+02     -1.1658E-01   
   4.0179E+02      7.2300E+02      0.0000E+00      0.0000E+00      2.0012E+02     -1.1658E-01   
   4.0289E+02      7.2300E+02      0.0000E+00      0.0000E+00      2.0012E+02     -1.1658E-01   
   4.0399E+02      7.2300E+02      0.0000E+00      0.0000E+00      2.0012E+02     -1.1658E-01   
   4.0509E+02      7.2300E+02      0.0000E+00      0.0000E+00      2.0012E+02     -1.1658E-01   
   4.0619E+02      7.2300E+02      0.0000E+00      0.0000E+00      2.0012E+02     -1.1658E-01   
   4.0729E+02      7.2300E+02      0.0000E+00      0.0000E+00      2.0012E+02     -1.1658E-01   
   4.0839E+02      7.2300E+02      0.0000E+00      0.0000E+00      2.0012E+02     -1.1658E-01   
   4.0949E+02      7.2300E+02      0.0000E+00      0.0000E+00      2.0012E+02     -1.1658E-01   
   4.1059E+02      7.2300E+02      0.0000E+00      0.0000E+00      2.0012E+02     -1.1658E-01   
   4.1169E+02      7.2300E+02      0.0000E+00      0.0000E+00      2.0012E+02     -1.1658E-01   
   4.1278E+02      7.2300E+02      0.0000E+00      0.0000E+00      2.0012E+02     -1.1658E-01   
   4.1388E+02      7.2300E+02      0.0000E+00      0.0000E+00      2.0012E+02     -1.1658E-01   
   4.1498E+02      7.2300E+02      0.0000E+00      0.0000E+00      2.0012E+02     -1.1658E-01   
   4.1608E+02      7.2300E+02      0.0000E+00      0.0000E+00      2.0012E+02     -1.1658E-01   
   4.1718E+02      7.2300E+02      0.0000E+00      0.0000E+00      2.0012E+02     -1.1658E-01   
   4.1828E+02      7.2300E+02      0.0000E+00      0.0000E+00      2.0012E+02     -1.1658E-01   
   4.1938E+02      7.2300E+02      0.0000E+00      0.0000E+00      2.0012E+02     -1.1658E-01   
   4.2048E+02      7.2300E+02      0.0000E+00      0.0000E+00      2.0012E+02     -1.1658E-01   
   4.2158E+02      7.2300E+02      0.0000E+00      0.0000E+00      2.0012E+02     -1.1658E-01   
   4.2268E+02      7.2300E+02      0.0000E+00      0.0000E+00      2.0012E+02     -1.1658E-01   
   4.2378E+02      7.2300E+02      0.0000E+00      0.0000E+00      2.0012E+02     -1.1658E-01   
   4.2488E+02      7.2300E+02      0.0000E+00      0.0000E+00      2.0012E+02     -1.1658E-01   
   4.2598E+02      7.2300E+02      0.0000E+00      0.0000E+00      2.0012E+02     -1.1658E-01   
   4.2708E+02      7.2300E+02      0.0000E+00      0.0000E+00      2.0012E+02     -1.1658E-01   
   4.2818E+02      7.2300E+02      0.0000E+00      0.0000E+00      2.0012E+02     -1.1658E-01   
   4.2928E+02      7.2300E+02      0.0000E+00      0.0000E+00      2.0012E+02     -1.1658E-01   
   4.3038E+02      7.2300E+02      0.0000E+00      0.0000E+00      2.0012E+02     -1.1658E-01   
   4.3148E+02      7.2300E+02      0.0000E+00      0.0000E+00      2.0012E+02     -1.1658E-01   
   4.3258E+02      7.2300E+02      0.0000E+00      0.0000E+00      2.0012E+02     -1.1658E-01   
   4.3368E+02      7.2300E+02      0.0000E+00      0.0000E+00      2.0012E+02     -1.1658E-01   
   4.3478E+02      7.2300E+02      0.0000E+00      0.0000E+00      2.0012E+02     -1.1658E-01   
   4.3588E+02      7.2300E+02      0.0000E+00      0.0000E+00      2.0012E+02     -1.1658E-01   
   4.3697E+02      7.2300E+02      0.0000E+00      0.0000E+00      2.0012E+02     -1.1658E-01   
   4.3807E+02      7.2300E+02      0.0000E+00      0.0000E+00      2.0012E+02     -1.1658E-01   
   4.3917E+02      7.2300E+02      0.0000E+00      0.0000E+00      2.0012E+02     -1.1658E-01   
   4.4027E+02      7.2300E+02      0.0000E+00      0.0000E+00      2.0012E+02     -1.1658E-01   
   4.4137E+02      7.2300E+02      0.0000E+00      0.0000E+00      2.0012E+02     -1.1658E-01   
   4.4247E+02      7.2300E+02      0.0000E+00      0.0000E+00      2.0012E+02     -1.1658E-01   
   4.4357E+02      7.2300E+02      0.0000E+00      0.0000E+00      2.0012E+02     -1.1658E-01   
   4.4467E+02      7.2300E+02      0.0000E+00      0.0000E+00      2.0012E+02     -1.1658E-01   
   4.4577E+02      7.2300E+02      0.0000E+00      0.0000E+00      2.0012E+02     -1.1658E-01   
   4.4687E+02      7.2300E+02      0.0000E+00      0.0000E+00      2.0012E+02     -1.1658E-01   
   4.4797E+02      7.2300E+02      0.0000E+00      0.0000E+00      2.0012E+02     -1.1658E-01   
   4.4907E+02      7.2300E+02      0.0000E+00      0.0000E+00      2.0012E+02     -1.1658E-01   
   4.5017E+02      7.2300E+02      0.0000E+00      0.0000E+00      2.0012E+02     -1.1658E-01   
   4.5127E+02      7.2300E+02      0.0000E+00      0.0000E+00      2.0012E+02     -1.1658E-01   
   4.5237E+02      7.2300E+02      0.0000E+00      0.0000E+00      2.0012E+02     -1.1658E-01   
   4.5347E+02      7.2300E+02      0.0000E+00      0.0000E+00      2.0012E+02     -1.1658E-01   
   4.5457E+02      7.2300E+02      0.0000E+00      0.0000E+00      2.0012E+02     -1.1658E-01   
   4.5567E+02      7.2300E+02      0.0000E+00      0.0000E+00      2.0012E+02     -1.1658E-01   
   4.5677E+02      7.2300E+02      0.0000E+00      0.0000E+00      2.0012E+02     -1.1658E-01   
   4.5787E+02      7.2300E+02      0.0000E+00      0.0000E+00      2.0012E+02     -1.1658E-01   
   4.5897E+02      7.2300E+02      0.0000E+00      0.0000E+00      2.0012E+02     -1.1658E-01   
   4.6007E+02      7.2300E+02      0.0000E+00      0.0000E+00      2.0012E+02     -1.1658E-01   
   4.6117E+02      7.2300E+02      0.0000E+00      0.0000E+00      2.0012E+02     -1.1658E-01   
   4.6226E+02      7.2300E+02      0.0000E+00      0.0000E+00      2.0012E+02     -1.1658E-01   
   4.6336E+02      7.2300E+02      0.0000E+00      0.0000E+00      2.0012E+02     -1.1658E-01   
   4.6446E+02      7.2300E+02      0.0000E+00      0.0000E+00      2.0012E+02     -1.1658E-01   
   4.6556E+02      7.2300E+02      0.0000E+00      0.0000E+00      2.0012E+02     -1.1658E-01   
   4.6666E+02      7.2300E+02      0.0000E+00      0.0000E+00      2.0012E+02     -1.1658E-01   
   4.6776E+02      7.2300E+02      0.0000E+00      0.0000E+00      2.0012E+02     -1.1658E-01   
   4.6886E+02      7.2300E+02      0.0000E+00      0.0000E+00      2.0012E+02     -1.1658E-01   
   4.6996E+02      7.2300E+02      0.0000E+00      0.0000E+00      2.0012E+02     -1.1658E-01   
   4.7106E+02      7.2300E+02      0.0000E+00      0.0000E+00      2.0012E+02     -1.1658E-01   
   4.7216E+02      7.2300E+02      0.0000E+00      0.0000E+00      2.0012E+02     -1.1658E-01   
   4.7326E+02      7.2300E+02      0.0000E+00      0.0000E+00      2.0012E+02     -1.1658E-01   
   4.7436E+02      7.2300E+02      0.0000E+00      0.0000E+00      2.0012E+02     -1.1658E-01   
   4.7546E+02      7.2300E+02      0.0000E+00      0.0000E+00      2.0012E+02     -1.1658E-01   
   4.7656E+02      7.2300E+02      0.0000E+00      0.0000E+00      2.0012E+02     -1.1658E-01   
   4.7766E+02      7.2300E+02      0.0000E+00      0.0000E+00      2.0012E+02     -1.1658E-01   
   4.7876E+02      7.2300E+02      0.0000E+00      0.0000E+00      2.0012E+02     -1.1658E-01   
   4.7986E+02      7.2300E+02      0.0000E+00      0.0000E+00      2.0012E+02     -1.1658E-01   
   4.8096E+02      7.2300E+02      0.0000E+00      0.0000E+00      2.0012E+02     -1.1658E-01   
   4.8206E+02      7.2300E+02      0.0000E+00      0.0000E+00      2.0012E+02     -1.1658E-01   
   4.8316E+02      7.2300E+02      0.0000E+00      0.0000E+00      2.0012E+02     -1.1658E-01   
   4.8426E+02      7.2300E+02      0.0000E+00      0.0000E+00      2.0012E+02     -1.1658E-01   
   4.8536E+02      7.2300E+02      0.0000E+00      0.0000E+00      2.0012E+02     -1.1658E-01   
   4.8645E+02      7.2300E+02      0.0000E+00      0.0000E+00      2.0012E+02     -1.1658E-01   
   4.8755E+02      7.2300E+02      0.0000E+00      0.0000E+00      2.0012E+02     -1.1658E-01   
   4.8865E+02      7.2300E+02      0.0000E+00      0.0000E+00      2.0012E+02     -1.1658E-01   
   4.8975E+02      7.2300E+02      0.0000E+00      0.0000E+00      2.0012E+02     -1.1658E-01   
   4.9085E+02      7.2300E+02      0.0000E+00      0.0000E+00      2.0012E+02     -1.1658E-01   
   4.9195E+02      7.2300E+02      0.0000E+00      0.0000E+00      2.0012E+02     -1.1658E-01   
   4.9305E+02      7.2300E+02      0.0000E+00      0.0000E+00      2.0012E+02     -1.1658E-01   
   4.9415E+02      7.2300E+02      0.0000E+00      0.0000E+00      2.0012E+02     -1.1658E-01   
   4.9525E+02      7.2300E+02      0.0000E+00      0.0000E+00      2.0012E+02     -1.1658E-01   
   4.9635E+02      7.2300E+02      0.0000E+00      0.0000E+00      2.0012E+02     -1.1658E-01   
   4.9745E+02      7.2300E+02      0.0000E+00      0.0000E+00      2.0012E+02     -1.1658E-01   
   4.9855E+02      7.2300E+02      0.0000E+00      0.0000E+00      2.0012E+02     -1.1658E-01   
   4.9965E+02      7.2300E+02      0.0000E+00      0.0000E+00      2.0012E+02     -1.1658E-01   
   5.0075E+02      7.2300E+02      0.0000E+00      0.0000E+00      2.0012E+02     -1.1658E-01   
   5.0185E+02      7.2300E+02      0.0000E+00      0.0000E+00      2.0012E+02     -1.1658E-01   
   5.0295E+02      7.2300E+02      0.0000E+00      0.0000E+00      2.0012E+02     -1.1658E-01   
   5.0405E+02      7.2300E+02      0.0000E+00      0.0000E+00      2.0012E+02     -1.1658E-01   
   5.0515E+02      7.2300E+02      0.0000E+00      0.0000E+00      2.0012E+02     -1.1658E-01   
   5.0625E+02      7.2300E+02      0.0000E+00      0.0000E+00      2.0012E+02     -1.1658E-01   
   5.0735E+02      7.2300E+02      0.0000E+00      0.0000E+00      2.0012E+02     -1.1658E-01   
   5.0845E+02      7.2300E+02      0.0000E+00      0.0000E+00      2.0012E+02     -1.1658E-01   
   5.0955E+02      7.2300E+02      0.0000E+00      0.0000E+00      2.0012E+02     -1.1658E-01   
   5.1065E+02      7.2300E+02      0.0000E+00      0.0000E+00      2.0012E+02     -1.1658E-01   
   5.1174E+02      7.2300E+02      0.0000E+00      0.0000E+00      2.0012E+02     -1.1658E-01   
   5.1284E+02      7.2300E+02      0.0000E+00      0.0000E+00      2.0012E+02     -1.1658E-01   
   5.1394E+02      7.2300E+02      0.0000E+00      0.0000E+00      2.0012E+02     -1.1658E-01   
   5.1504E+02      7.2300E+02      0.0000E+00      0.0000E+00      2.0012E+02     -1.1658E-01   
   5.1614E+02      7.2300E+02      0.0000E+00      0.0000E+00      2.0012E+02     -1.1658E-01   
   5.1724E+02      7.2300E+02      0.0000E+00      0.0000E+00      2.0012E+02     -1.1658E-01   
   5.1834E+02      7.2300E+02      0.0000E+00      0.0000E+00      2.0012E+02     -1.1658E-01   
   5.1944E+02      7.2300E+02      0.0000E+00      0.0000E+00      2.0012E+02     -1.1658E-01   
   5.2054E+02      7.2300E+02      0.0000E+00      0.0000E+00      2.0012E+02     -1.1658E-01   
   5.2164E+02      7.2300E+02      0.0000E+00      0.0000E+00      2.0012E+02     -1.1658E-01   
   5.2274E+02      7.2300E+02      0.0000E+00      0.0000E+00      2.0012E+02     -1.1658E-01   
   5.2384E+02      7.2300E+02      0.0000E+00      0.0000E+00      2.0012E+02     -1.1658E-01   
   5.2494E+02      7.2300E+02      0.0000E+00      0.0000E+00      2.0012E+02     -1.1658E-01   
   5.2604E+02      7.2300E+02      0.0000E+00      0.0000E+00      2.0012E+02     -1.1658E-01   
   5.2714E+02      7.2300E+02      0.0000E+00      0.0000E+00      2.0012E+02     -1.1658E-01   
   5.2824E+02      7.2300E+02      0.0000E+00      0.0000E+00      2.0012E+02     -1.1658E-01   
   5.2934E+02      7.2300E+02      0.0000E+00      0.0000E+00      2.0012E+02     -1.1658E-01   
   5.3044E+02      7.2300E+02      0.0000E+00      0.0000E+00      2.0012E+02     -1.1658E-01   
   5.3154E+02      7.2300E+02      0.0000E+00      0.0000E+00      2.0012E+02     -1.1658E-01   
   5.3264E+02      7.2300E+02      0.0000E+00      0.0000E+00      2.0012E+02     -1.1658E-01   
   5.3374E+02      7.2300E+02      0.0000E+00      0.0000E+00      2.0012E+02     -1.1658E-01   
   5.3484E+02      7.2300E+02      0.0000E+00      0.0000E+00      2.0012E+02     -1.1658E-01   
   5.3594E+02      7.2300E+02      0.0000E+00      0.0000E+00      2.0012E+02     -1.1658E-01   
   5.3703E+02      7.2300E+02      0.0000E+00      0.0000E+00      2.0012E+02     -1.1658E-01   
   5.3813E+02      7.2300E+02      0.0000E+00      0.0000E+00      2.0012E+02     -1.1658E-01   
   5.3923E+02      7.2300E+02      0.0000E+00      0.0000E+00      2.0012E+02     -1.1658E-01   
   5.4033E+02      7.2300E+02      0.0000E+00      0.0000E+00      2.0012E+02     -1.1658E-01   
   5.4143E+02      7.2300E+02      0.0000E+00      0.0000E+00      2.0012E+02     -1.1658E-01   
   5.4253E+02      7.2300E+02      0.0000E+00      0.0000E+00      2.0012E+02     -1.1658E-01   
   5.4363E+02      7.2300E+02      0.0000E+00      0.0000E+00      2.0012E+02     -1.1658E-01   
   5.4473E+02      7.2300E+02      0.0000E+00      0.0000E+00      2.0012E+02     -1.1658E-01   
   5.4583E+02      7.2300E+02      0.0000E+00      0.0000E+00      2.0012E+02     -1.1658E-01   
   5.4693E+02      7.2300E+02      0.0000E+00      0.0000E+00      2.0012E+02     -1.1658E-01   
   5.4803E+02      7.2300E+02      0.0000E+00      0.0000E+00      2.0012E+02     -1.1658E-01   
   5.4913E+02      7.2300E+02      0.0000E+00      0.0000E+00      2.0012E+02     -1.1658E-01   
   5.5023E+02      7.2300E+02      0.0000E+00      0.0000E+00      2.0012E+02     -1.1658E-01   
   5.5133E+02      7.2300E+02      0.0000E+00      0.0000E+00      2.0012E+02     -1.1658E-01   
   5.5243E+02      7.2300E+02      0.0000E+00      0.0000E+00      2.0012E+02     -1.1658E-01   
   5.5353E+02      7.2300E+02      0.0000E+00      0.0000E+00      2.0012E+02     -1.1658E-01   
   5.5463E+02      7.2300E+02      0.0000E+00      0.0000E+00      2.0012E+02     -1.1658E-01   
   5.5573E+02      7.2300E+02      0.0000E+00      0.0000E+00      2.0012E+02     -1.1658E-01   
   5.5683E+02      7.2300E+02      0.0000E+00      0.0000E+00      2.0012E+02     -1.1658E-01   
   5.5793E+02      7.2300E+02      0.0000E+00      0.0000E+00      2.0012E+02     -1.1658E-01   
   5.5903E+02      7.2300E+02      0.0000E+00      0.0000E+00      2.0012E+02     -1.1658E-01   
   5.6013E+02      7.2300E+02      0.0000E+00      0.0000E+00      2.0012E+02     -1.1658E-01   
   5.6122E+02      7.2300E+02      0.0000E+00      0.0000E+00      2.0012E+02     -1.1658E-01   
   5.6232E+02      7.2300E+02      0.0000E+00      0.0000E+00      2.0012E+02     -1.1658E-01   
   5.6342E+02      7.2300E+02      0.0000E+00      0.0000E+00      2.0012E+02     -1.1658E-01   
   5.6452E+02      7.2300E+02      0.0000E+00      0.0000E+00      2.0012E+02     -1.1658E-01   
   5.6562E+02      7.2300E+02      0.0000E+00      0.0000E+00      2.0012E+02     -1.1658E-01   
   5.6672E+02      7.2300E+02      0.0000E+00      0.0000E+00      2.0012E+02     -1.1658E-01   
   5.6782E+02      7.2300E+02      0.0000E+00      0.0000E+00      2.0012E+02     -1.1658E-01   
   5.6892E+02      7.2300E+02      0.0000E+00      0.0000E+00      2.0012E+02     -1.1658E-01   
   5.7002E+02      7.2300E+02      0.0000E+00      0.0000E+00      2.0012E+02     -1.1658E-01   
   5.7112E+02      7.2300E+02      0.0000E+00      0.0000E+00      2.0012E+02     -1.1658E-01   
   5.7222E+02      7.2300E+02      0.0000E+00      0.0000E+00      2.0012E+02     -1.1658E-01   
   5.7332E+02      7.2300E+02      0.0000E+00      0.0000E+00      2.0012E+02     -1.1658E-01   
   5.7442E+02      7.2300E+02      0.0000E+00      0.0000E+00      2.0012E+02     -1.1658E-01   
   5.7552E+02      7.2300E+02      0.0000E+00      0.0000E+00      2.0012E+02     -1.1658E-01   
   5.7662E+02      7.2300E+02      0.0000E+00      0.0000E+00      2.0012E+02     -1.1658E-01   
   5.7772E+02      7.2300E+02      0.0000E+00      0.0000E+00      2.0012E+02     -1.1658E-01   
   5.7882E+02      7.2300E+02      0.0000E+00      0.0000E+00      2.0012E+02     -1.1658E-01   
   5.7992E+02      7.2300E+02      0.0000E+00      0.0000E+00      2.0012E+02     -1.1658E-01   
   5.8102E+02      7.2300E+02      0.0000E+00      0.0000E+00      2.0012E+02     -1.1658E-01   
   5.8212E+02      7.2300E+02      0.0000E+00      0.0000E+00      2.0012E+02     -1.1658E-01   
   5.8322E+02      7.2300E+02      0.0000E+00      0.0000E+00      2.0012E+02     -1.1658E-01   
   5.8432E+02      7.2300E+02      0.0000E+00      0.0000E+00      2.0012E+02     -1.1658E-01   
   5.8542E+02      7.2300E+02      0.0000E+00      0.0000E+00      2.0012E+02     -1.1658E-01   
   5.8651E+02      7.2300E+02      0.0000E+00      0.0000E+00      2.0012E+02     -1.1658E-01   
   5.8761E+02      7.2300E+02      0.0000E+00      0.0000E+00      2.0012E+02     -1.1658E-01   
   5.8871E+02      7.2300E+02      0.0000E+00      0.0000E+00      2.0012E+02     -1.1658E-01   
   5.8981E+02      7.2300E+02      0.0000E+00      0.0000E+00      2.0012E+02     -1.1658E-01   
   5.9091E+02      7.2300E+02      0.0000E+00      0.0000E+00      2.0012E+02     -1.1658E-01   
   5.9201E+02      7.2300E+02      0.0000E+00      0.0000E+00      2.0012E+02     -1.1658E-01   
   5.9311E+02      7.2300E+02      0.0000E+00      0.0000E+00      2.0012E+02     -1.1658E-01   
   5.9421E+02      7.2300E+02      0.0000E+00      0.0000E+00      2.0012E+02     -1.1658E-01   
   5.9531E+02      7.2300E+02      0.0000E+00      0.0000E+00      2.0012E+02     -1.1658E-01   
   5.9641E+02      7.2300E+02      0.0000E+00      0.0000E+00      2.0012E+02     -1.1658E-01   
   5.9751E+02      7.2300E+02      0.0000E+00      0.0000E+00      2.0012E+02     -1.1658E-01   
   5.9861E+02      7.2300E+02      0.0000E+00      0.0000E+00      2.0012E+02     -1.1658E-01   
   5.9971E+02      7.2300E+02      0.0000E+00      0.0000E+00      2.0012E+02     -1.1658E-01   
   6.0081E+02      7.2300E+02      0.0000E+00      0.0000E+00      2.0012E+02     -1.1658E-01   
   6.0191E+02      7.2300E+02      0.0000E+00      0.0000E+00      2.0012E+02     -1.1658E-01   
   6.0301E+02      7.2300E+02      0.0000E+00      0.0000E+00      2.0012E+02     -1.1658E-01   
   6.0411E+02      7.2300E+02      0.0000E+00      0.0000E+00      2.0012E+02     -1.1658E-01   
   6.0521E+02      7.2300E+02      0.0000E+00      0.0000E+00      2.0012E+02     -1.1658E-01   
   6.0631E+02      7.2300E+02      0.0000E+00      0.0000E+00      2.0012E+02     -1.1658E-01   
   6.0741E+02      7.2300E+02      0.0000E+00      0.0000E+00      2.0012E+02     -1.1658E-01   
   6.0851E+02      7.2300E+02      0.0000E+00      0.0000E+00      2.0012E+02     -1.1658E-01   
   6.0961E+02      7.2300E+02      0.0000E+00      0.0000E+00      2.0012E+02     -1.1658E-01   
   6.1070E+02      7.2300E+02      0.0000E+00      0.0000E+00      2.0012E+02     -1.1658E-01   
   6.1180E+02      7.2300E+02      0.0000E+00      0.0000E+00      2.0012E+02     -1.1658E-01   
   6.1290E+02      7.2300E+02      0.0000E+00      0.0000E+00      2.0012E+02     -1.1658E-01   
   6.1400E+02      7.2300E+02      0.0000E+00      0.0000E+00      2.0012E+02     -1.1658E-01   
   6.1510E+02      7.2300E+02      0.0000E+00      0.0000E+00      2.0012E+02     -1.1658E-01   
   6.1620E+02      7.2300E+02      0.0000E+00      0.0000E+00      2.0012E+02     -1.1658E-01   
   6.1730E+02      7.2300E+02      0.0000E+00      0.0000E+00      2.0012E+02     -1.1658E-01   
   6.1840E+02      7.2300E+02      0.0000E+00      0.0000E+00      2.0012E+02     -1.1658E-01   
   6.1950E+02      7.2300E+02      0.0000E+00      0.0000E+00      2.0012E+02     -1.1658E-01   
   6.2060E+02      7.2300E+02      0.0000E+00      0.0000E+00      2.0012E+02     -1.1658E-01   
   6.2170E+02      7.2300E+02      0.0000E+00      0.0000E+00      2.0012E+02     -1.1658E-01   
   6.2280E+02      7.2300E+02      0.0000E+00      0.0000E+00      2.0012E+02     -1.1658E-01   
   6.2390E+02      7.2300E+02      0.0000E+00      0.0000E+00      2.0012E+02     -1.1658E-01   
   6.2500E+02      7.2300E+02      0.0000E+00      0.0000E+00      2.0012E+02     -1.1658E-01   
   6.2610E+02      7.2300E+02      0.0000E+00      0.0000E+00      2.0012E+02     -1.1658E-01   
   6.2720E+02      7.2300E+02      0.0000E+00      0.0000E+00      2.0012E+02     -1.1658E-01   
   6.2830E+02      7.2300E+02      0.0000E+00      0.0000E+00      2.0012E+02     -1.1658E-01   
   6.2940E+02      7.2300E+02      0.0000E+00      0.0000E+00      2.0012E+02     -1.1658E-01   
   6.3050E+02      7.2300E+02      0.0000E+00      0.0000E+00      2.0012E+02     -1.1658E-01   
   6.3160E+02      7.2300E+02      0.0000E+00      0.0000E+00      2.0012E+02     -1.1658E-01   
   6.3270E+02      7.2300E+02      0.0000E+00      0.0000E+00      2.0012E+02     -1.1658E-01   
   6.3380E+02      7.2300E+02      0.0000E+00      0.0000E+00      2.0012E+02     -1.1658E-01   
   6.3490E+02      7.2300E+02      0.0000E+00      0.0000E+00      2.0012E+02     -1.1658E-01   
   6.3599E+02      7.2300E+02      0.0000E+00      0.0000E+00      2.0012E+02     -1.1658E-01   
   6.3709E+02      7.2300E+02      0.0000E+00      0.0000E+00      2.0012E+02     -1.1658E-01   
   6.3819E+02      7.2300E+02      0.0000E+00      0.0000E+00      2.0012E+02     -1.1658E-01   
   6.3929E+02      7.2300E+02      0.0000E+00      0.0000E+00      2.0012E+02     -1.1658E-01   
   6.4039E+02      7.2300E+02      0.0000E+00      0.0000E+00      2.0012E+02     -1.1658E-01   
   6.4149E+02      7.2300E+02      0.0000E+00      0.0000E+00      2.0012E+02     -1.1658E-01   
   6.4259E+02      7.2300E+02      0.0000E+00      0.0000E+00      2.0012E+02     -1.1658E-01   
   6.4369E+02      7.2300E+02      0.0000E+00      0.0000E+00      2.0012E+02     -1.1658E-01   
   6.4479E+02      7.2300E+02      0.0000E+00      0.0000E+00      2.0012E+02     -1.1658E-01   
   6.4589E+02      7.2300E+02      0.0000E+00      0.0000E+00      2.0012E+02     -1.1658E-01   
   6.4699E+02      7.2300E+02      0.0000E+00      0.0000E+00      2.0012E+02     -1.1658E-01   
   6.4809E+02      7.2300E+02      0.0000E+00      0.0000E+00      2.0012E+02     -1.1658E-01   
   6.4919E+02      7.2300E+02      0.0000E+00      0.0000E+00      2.0012E+02     -1.1658E-01   
   6.5029E+02      7.2300E+02      0.0000E+00      0.0000E+00      2.0012E+02     -1.1658E-01   
   6.5139E+02      7.2300E+02      0.0000E+00      0.0000E+00      2.0012E+02     -1.1658E-01   
   6.5249E+02      7.2300E+02      0.0000E+00      0.0000E+00      2.0012E+02     -1.1658E-01   
   6.5359E+02      7.2300E+02      0.0000E+00      0.0000E+00      2.0012E+02     -1.1658E-01   
   6.5469E+02      7.2300E+02      0.0000E+00      0.0000E+00      2.0012E+02     -1.1658E-01   
   6.5579E+02      7.2300E+02      0.0000E+00      0.0000E+00      2.0012E+02     -1.1658E-01   
   6.5689E+02      7.2300E+02      0.0000E+00      0.0000E+00      2.0012E+02     -1.1658E-01   
   6.5799E+02      7.2300E+02      0.0000E+00      0.0000E+00      2.0012E+02     -1.1658E-01   
   6.5909E+02      7.2300E+02      0.0000E+00      0.0000E+00      2.0012E+02     -1.1658E-01   
   6.6019E+02      7.2300E+02      0.0000E+00      0.0000E+00      2.0012E+02     -1.1658E-01   
   6.6128E+02      7.2300E+02      0.0000E+00      0.0000E+00      2.0012E+02     -1.1658E-01   
   6.6238E+02      7.2300E+02      0.0000E+00      0.0000E+00      2.0012E+02     -1.1658E-01   
   6.6348E+02      7.2300E+02      0.0000E+00      0.0000E+00      2.0012E+02     -1.1658E-01   
   6.6458E+02      7.2300E+02      0.0000E+00      0.0000E+00      2.0012E+02     -1.1658E-01   
   6.6568E+02      7.2300E+02      0.0000E+00      0.0000E+00      2.0012E+02     -1.1658E-01   
   6.6678E+02      7.2300E+02      0.0000E+00      0.0000E+00      2.0012E+02     -1.1658E-01   
   6.6788E+02      7.2300E+02      0.0000E+00      0.0000E+00      2.0012E+02     -1.1658E-01   
   6.6898E+02      7.2300E+02      0.0000E+00      0.0000E+00      2.0012E+02     -1.1658E-01   
   6.7008E+02      7.2300E+02      0.0000E+00      0.0000E+00      2.0012E+02     -1.1658E-01   
   6.7118E+02      7.2300E+02      0.0000E+00      0.0000E+00      2.0012E+02     -1.1658E-01   
   6.7228E+02      7.2300E+02      0.0000E+00      0.0000E+00      2.0012E+02     -1.1658E-01   
   6.7338E+02      7.2300E+02      0.0000E+00      0.0000E+00      2.0012E+02     -1.1658E-01   
   6.7448E+02      7.2300E+02      0.0000E+00      0.0000E+00      2.0012E+02     -1.1658E-01   
   6.7558E+02      7.2300E+02      0.0000E+00      0.0000E+00      2.0012E+02     -1.1658E-01   
   6.7668E+02      7.2300E+02      0.0000E+00      0.0000E+00      2.0012E+02     -1.1658E-01   
   6.7778E+02      7.2300E+02      0.0000E+00      0.0000E+00      2.0012E+02     -1.1658E-01   
   6.7888E+02      7.2300E+02      0.0000E+00      0.0000E+00      2.0012E+02     -1.1658E-01   
   6.7998E+02      7.2300E+02      0.0000E+00      0.0000E+00      2.0012E+02     -1.1658E-01   
   6.8108E+02      7.2300E+02      0.0000E+00      0.0000E+00      2.0012E+02     -1.1658E-01   
   6.8218E+02      7.2300E+02      0.0000E+00      0.0000E+00      2.0012E+02     -1.1658E-01   
   6.8328E+02      7.2300E+02      0.0000E+00      0.0000E+00      2.0012E+02     -1.1658E-01   
   6.8438E+02      7.2300E+02      0.0000E+00      0.0000E+00      2.0012E+02     -1.1658E-01   
   6.8547E+02      7.2300E+02      0.0000E+00      0.0000E+00      2.0012E+02     -1.1658E-01   
   6.8657E+02      7.2300E+02      0.0000E+00      0.0000E+00      2.0012E+02     -1.1658E-01   
   6.8767E+02      7.2300E+02      0.0000E+00      0.0000E+00      2.0012E+02     -1.1658E-01   
   6.8877E+02      7.2300E+02      0.0000E+00      0.0000E+00      2.0012E+02     -1.1658E-01   
   6.8987E+02      7.2300E+02      0.0000E+00      0.0000E+00      2.0012E+02     -1.1658E-01   
   6.9097E+02      7.2300E+02      0.0000E+00      0.0000E+00      2.0012E+02     -1.1658E-01   
   6.9207E+02      7.2300E+02      0.0000E+00      0.0000E+00      2.0012E+02     -1.1658E-01   
   6.9317E+02      7.2300E+02      0.0000E+00      0.0000E+00      2.0012E+02     -1.1658E-01   
   6.9427E+02      7.2300E+02      0.0000E+00      0.0000E+00      2.0012E+02     -1.1658E-01   
   6.9537E+02      7.2300E+02      0.0000E+00      0.0000E+00      2.0012E+02     -1.1658E-01   
   6.9647E+02      7.2300E+02      0.0000E+00      0.0000E+00      2.0012E+02     -1.1658E-01   
   6.9757E+02      7.2300E+02      0.0000E+00      0.0000E+00      2.0012E+02     -1.1658E-01   
   6.9867E+02      7.2300E+02      0.0000E+00      0.0000E+00      2.0012E+02     -1.1658E-01   
   6.9977E+02      7.2300E+02      0.0000E+00      0.0000E+00      2.0012E+02     -1.1658E-01   
   7.0087E+02      7.2300E+02      0.0000E+00      0.0000E+00      2.0012E+02     -1.1658E-01   
   7.0197E+02      7.2300E+02      0.0000E+00      0.0000E+00      2.0012E+02     -1.1658E-01   
   7.0307E+02      7.2300E+02      0.0000E+00      0.0000E+00      2.0012E+02     -1.1658E-01   
   7.0417E+02      7.2300E+02      0.0000E+00      0.0000E+00      2.0012E+02     -1.1658E-01   
   7.0527E+02      7.2300E+02      0.0000E+00      0.0000E+00      2.0012E+02     -1.1658E-01   
   7.0637E+02      7.2300E+02      0.0000E+00      0.0000E+00      2.0012E+02     -1.1658E-01   
   7.0747E+02      7.2300E+02      0.0000E+00      0.0000E+00      2.0012E+02     -1.1658E-01   
   7.0857E+02      7.2300E+02      0.0000E+00      0.0000E+00      2.0012E+02     -1.1658E-01   
   7.0967E+02      7.2300E+02      0.0000E+00      0.0000E+00      2.0012E+02     -1.1658E-01   
   7.1076E+02      7.2300E+02      0.0000E+00      0.0000E+00      2.0012E+02     -1.1658E-01   
   7.1186E+02      7.2300E+02      0.0000E+00      0.0000E+00      2.0012E+02     -1.1658E-01   
   7.1296E+02      7.2300E+02      0.0000E+00      0.0000E+00      2.0012E+02     -1.1658E-01   
   7.1406E+02      7.2300E+02      0.0000E+00      0.0000E+00      2.0012E+02     -1.1658E-01   
   7.1516E+02      7.2300E+02      0.0000E+00      0.0000E+00      2.0012E+02     -1.1658E-01   
   7.1626E+02      7.2300E+02      0.0000E+00      0.0000E+00      2.0012E+02     -1.1658E-01   
   7.1736E+02      7.2300E+02      0.0000E+00      0.0000E+00      2.0012E+02     -1.1658E-01   
   7.1846E+02      7.2300E+02      0.0000E+00      0.0000E+00      2.0012E+02     -1.1658E-01   
   7.1956E+02      7.2300E+02      0.0000E+00      0.0000E+00      2.0012E+02     -1.1658E-01   
   7.2066E+02      7.2300E+02      0.0000E+00      0.0000E+00      2.0012E+02     -1.1658E-01   
   7.2176E+02      7.2300E+02      0.0000E+00      0.0000E+00      2.0012E+02     -1.1658E-01   
   7.2286E+02      7.2300E+02      0.0000E+00      0.0000E+00      2.0012E+02     -1.1658E-01   
   7.2396E+02      7.2300E+02      0.0000E+00      0.0000E+00      2.0012E+02     -1.1658E-01   
   7.2506E+02      7.2300E+02      0.0000E+00      0.0000E+00      2.0012E+02     -1.1658E-01   
   7.2616E+02      7.2300E+02      0.0000E+00      0.0000E+00      2.0012E+02     -1.1658E-01   
   7.2726E+02      7.2300E+02      0.0000E+00      0.0000E+00      2.0012E+02     -1.1658E-01   
   7.2836E+02      7.2300E+02      0.0000E+00      0.0000E+00      2.0012E+02     -1.1658E-01   
   7.2946E+02      7.2300E+02      0.0000E+00      0.0000E+00      2.0012E+02     -1.1658E-01   
   7.3056E+02      7.2300E+02      0.0000E+00      0.0000E+00      2.0012E+02     -1.1658E-01   
   7.3166E+02      7.2300E+02      0.0000E+00      0.0000E+00      2.0012E+02     -1.1658E-01   
   7.3276E+02      7.2300E+02      0.0000E+00      0.0000E+00      2.0012E+02     -1.1658E-01   
   7.3386E+02      7.2300E+02      0.0000E+00      0.0000E+00      2.0012E+02     -1.1658E-01   
   7.3495E+02      7.2300E+02      0.0000E+00      0.0000E+00      2.0012E+02     -1.1658E-01   
   7.3605E+02      7.2300E+02      0.0000E+00      0.0000E+00      2.0012E+02     -1.1658E-01   
   7.3715E+02      7.2300E+02      0.0000E+00      0.0000E+00      2.0012E+02     -1.1658E-01   
   7.3825E+02      7.2300E+02      0.0000E+00      0.0000E+00      2.0012E+02     -1.1658E-01   
   7.3935E+02      7.2300E+02      0.0000E+00      0.0000E+00      2.0012E+02     -1.1658E-01   
   7.4045E+02      7.2300E+02      0.0000E+00      0.0000E+00      2.0012E+02     -1.1658E-01   
   7.4155E+02      7.2300E+02      0.0000E+00      0.0000E+00      2.0012E+02     -1.1658E-01   
   7.4265E+02      7.2300E+02      0.0000E+00      0.0000E+00      2.0012E+02     -1.1658E-01   
   7.4375E+02      7.2300E+02      0.0000E+00      0.0000E+00      2.0012E+02     -1.1658E-01   
   7.4485E+02      7.2300E+02      0.0000E+00      0.0000E+00      2.0012E+02     -1.1658E-01   
   7.4595E+02      7.2300E+02      0.0000E+00      0.0000E+00      2.0012E+02     -1.1658E-01   
   7.4705E+02      7.2300E+02      0.0000E+00      0.0000E+00      2.0012E+02     -1.1658E-01   
   7.4815E+02      7.2300E+02      0.0000E+00      0.0000E+00      2.0012E+02     -1.1658E-01   
   7.4925E+02      7.2300E+02      0.0000E+00      0.0000E+00      2.0012E+02     -1.1658E-01   
   7.5035E+02      7.2300E+02      0.0000E+00      0.0000E+00      2.0012E+02     -1.1658E-01   
   7.5145E+02      7.2300E+02      0.0000E+00      0.0000E+00      2.0012E+02     -1.1658E-01   
   7.5255E+02      7.2300E+02      0.0000E+00      0.0000E+00      2.0012E+02     -1.1658E-01   
   7.5365E+02      7.2300E+02      0.0000E+00      0.0000E+00      2.0012E+02     -1.1658E-01   
   7.5475E+02      7.2300E+02      0.0000E+00      0.0000E+00      2.0012E+02     -1.1658E-01   
   7.5585E+02      7.2300E+02      0.0000E+00      0.0000E+00      2.0012E+02     -1.1658E-01   
   7.5695E+02      7.2300E+02      0.0000E+00      0.0000E+00      2.0012E+02     -1.1658E-01   
   7.5805E+02      7.2300E+02      0.0000E+00      0.0000E+00      2.0012E+02     -1.1658E-01   
   7.5915E+02      7.2300E+02      0.0000E+00      0.0000E+00      2.0012E+02     -1.1658E-01   
   7.6024E+02      7.2300E+02      0.0000E+00      0.0000E+00      2.0012E+02     -1.1658E-01   
   7.6134E+02      7.2300E+02      0.0000E+00      0.0000E+00      2.0012E+02     -1.1658E-01   
   7.6244E+02      7.2300E+02      0.0000E+00      0.0000E+00      2.0012E+02     -1.1658E-01   
   7.6354E+02      7.2300E+02      0.0000E+00      0.0000E+00      2.0012E+02     -1.1658E-01   
   7.6464E+02      7.2300E+02      0.0000E+00      0.0000E+00      2.0012E+02     -1.1658E-01   
   7.6574E+02      7.2300E+02      0.0000E+00      0.0000E+00      2.0012E+02     -1.1658E-01   
   7.6684E+02      7.2300E+02      0.0000E+00      0.0000E+00      2.0012E+02     -1.1658E-01   
   7.6794E+02      7.2300E+02      0.0000E+00      0.0000E+00      2.0012E+02     -1.1658E-01   
   7.6904E+02      7.2300E+02      0.0000E+00      0.0000E+00      2.0012E+02     -1.1658E-01   
   7.7014E+02      7.2300E+02      0.0000E+00      0.0000E+00      2.0012E+02     -1.1658E-01   
   7.7124E+02      7.2300E+02      0.0000E+00      0.0000E+00      2.0012E+02     -1.1658E-01   
   7.7234E+02      7.2300E+02      0.0000E+00      0.0000E+00      2.0012E+02     -1.1658E-01   
   7.7344E+02      7.2300E+02      0.0000E+00      0.0000E+00      2.0012E+02     -1.1658E-01   
   7.7454E+02      7.2300E+02      0.0000E+00      0.0000E+00      2.0012E+02     -1.1658E-01   
   7.7564E+02      7.2300E+02      0.0000E+00      0.0000E+00      2.0012E+02     -1.1658E-01   
   7.7674E+02      7.2300E+02      0.0000E+00      0.0000E+00      2.0012E+02     -1.1658E-01   
   7.7784E+02      7.2300E+02      0.0000E+00      0.0000E+00      2.0012E+02     -1.1658E-01   
   7.7894E+02      7.2300E+02      0.0000E+00      0.0000E+00      2.0012E+02     -1.1658E-01   
   7.8004E+02      7.2300E+02      0.0000E+00      0.0000E+00      2.0012E+02     -1.1658E-01   
   7.8114E+02      7.2300E+02      0.0000E+00      0.0000E+00      2.0012E+02     -1.1658E-01   
   7.8224E+02      7.2300E+02      0.0000E+00      0.0000E+00      2.0012E+02     -1.1658E-01   
   7.8334E+02      7.2300E+02      0.0000E+00      0.0000E+00      2.0012E+02     -1.1658E-01   
   7.8444E+02      7.2300E+02      0.0000E+00      0.0000E+00      2.0012E+02     -1.1658E-01   
   7.8553E+02      7.2300E+02      0.0000E+00      0.0000E+00      2.0012E+02     -1.1658E-01   
   7.8663E+02      7.2300E+02      0.0000E+00      0.0000E+00      2.0012E+02     -1.1658E-01   
   7.8773E+02      7.2300E+02      0.0000E+00      0.0000E+00      2.0012E+02     -1.1658E-01   
   7.8883E+02      7.2300E+02      0.0000E+00      0.0000E+00      2.0012E+02     -1.1658E-01   
   7.8993E+02      7.2300E+02      0.0000E+00      0.0000E+00      2.0012E+02     -1.1658E-01   
   7.9103E+02      7.2300E+02      0.0000E+00      0.0000E+00      2.0012E+02     -1.1658E-01   
   7.9213E+02      7.2300E+02      0.0000E+00      0.0000E+00      2.0012E+02     -1.1658E-01   
   7.9323E+02      7.2300E+02      0.0000E+00      0.0000E+00      2.0012E+02     -1.1658E-01   
   7.9433E+02      7.2300E+02      0.0000E+00      0.0000E+00      2.0012E+02     -1.1658E-01   
   7.9543E+02      7.2300E+02      0.0000E+00      0.0000E+00      2.0012E+02     -1.1658E-01   
   7.9653E+02      7.2300E+02      0.0000E+00      0.0000E+00      2.0012E+02     -1.1658E-01   
   7.9763E+02      7.2300E+02      0.0000E+00      0.0000E+00      2.0012E+02     -1.1658E-01   
   7.9873E+02      7.2300E+02      0.0000E+00      0.0000E+00      2.0012E+02     -1.1658E-01   
   7.9983E+02      7.2300E+02      0.0000E+00      0.0000E+00      2.0012E+02     -1.1658E-01   
   8.0093E+02      7.2300E+02      0.0000E+00      0.0000E+00      2.0012E+02     -1.1658E-01   
   8.0203E+02      7.2300E+02      0.0000E+00      0.0000E+00      2.0012E+02     -1.1658E-01   
   8.0313E+02      7.2300E+02      0.0000E+00      0.0000E+00      2.0012E+02     -1.1658E-01   
   8.0423E+02      7.2300E+02      0.0000E+00      0.0000E+00      2.0012E+02     -1.1658E-01   
   8.0533E+02      7.2300E+02      0.0000E+00      0.0000E+00      2.0012E+02     -1.1658E-01   
   8.0643E+02      7.2300E+02      0.0000E+00      0.0000E+00      2.0012E+02     -1.1658E-01   
   8.0753E+02      7.2300E+02      0.0000E+00      0.0000E+00      2.0012E+02     -1.1658E-01   
   8.0863E+02      7.2300E+02      0.0000E+00      0.0000E+00      2.0012E+02     -1.1658E-01   
   8.0972E+02      7.2300E+02      0.0000E+00      0.0000E+00      2.0012E+02     -1.1658E-01   
   8.1082E+02      7.2300E+02      0.0000E+00      0.0000E+00      2.0012E+02     -1.1658E-01   
   8.1192E+02      7.2300E+02      0.0000E+00      0.0000E+00      2.0012E+02     -1.1658E-01   
   8.1302E+02      7.2300E+02      0.0000E+00      0.0000E+00      2.0012E+02     -1.1658E-01   
   8.1412E+02      7.2300E+02      0.0000E+00      0.0000E+00      2.0012E+02     -1.1658E-01   
   8.1522E+02      7.2300E+02      0.0000E+00      0.0000E+00      2.0012E+02     -1.1658E-01   
   8.1632E+02      7.2300E+02      0.0000E+00      0.0000E+00      2.0012E+02     -1.1658E-01   
   8.1742E+02      7.2300E+02      0.0000E+00      0.0000E+00      2.0012E+02     -1.1658E-01   
   8.1852E+02      7.2300E+02      0.0000E+00      0.0000E+00      2.0012E+02     -1.1658E-01   
   8.1962E+02      7.2300E+02      0.0000E+00      0.0000E+00      2.0012E+02     -1.1658E-01   
   8.2072E+02      7.2300E+02      0.0000E+00      0.0000E+00      2.0012E+02     -1.1658E-01   
   8.2182E+02      7.2300E+02      0.0000E+00      0.0000E+00      2.0012E+02     -1.1658E-01   
   8.2292E+02      7.2300E+02      0.0000E+00      0.0000E+00      2.0012E+02     -1.1658E-01   
   8.2402E+02      7.2300E+02      0.0000E+00      0.0000E+00      2.0012E+02     -1.1658E-01   
   8.2512E+02      7.2300E+02      0.0000E+00      0.0000E+00      2.0012E+02     -1.1658E-01   
   8.2622E+02      7.2300E+02      0.0000E+00      0.0000E+00      2.0012E+02     -1.1658E-01   
   8.2732E+02      7.2300E+02      0.0000E+00      0.0000E+00      2.0012E+02     -1.1658E-01   
   8.2842E+02      7.2300E+02      0.0000E+00      0.0000E+00      2.0012E+02     -1.1658E-01   
   8.2952E+02      7.2300E+02      0.0000E+00      0.0000E+00      2.0012E+02     -1.1658E-01   
   8.3062E+02      7.2300E+02      0.0000E+00      0.0000E+00      2.0012E+02     -1.1658E-01   
   8.3172E+02      7.2300E+02      0.0000E+00      0.0000E+00      2.0012E+02     -1.1658E-01   
   8.3282E+02      7.2300E+02      0.0000E+00      0.0000E+00      2.0012E+02     -1.1658E-01   
   8.3392E+02      7.2300E+02      0.0000E+00      0.0000E+00      2.0012E+02     -1.1658E-01   
   8.3501E+02      7.2300E+02      0.0000E+00      0.0000E+00      2.0012E+02     -1.1658E-01   
   8.3611E+02      7.2300E+02      0.0000E+00      0.0000E+00      2.0012E+02     -1.1658E-01   
   8.3721E+02      7.2300E+02      0.0000E+00      0.0000E+00      2.0012E+02     -1.1658E-01   
   8.3831E+02      7.2300E+02      0.0000E+00      0.0000E+00      2.0012E+02     -1.1658E-01   
   8.3941E+02      7.2300E+02      0.0000E+00      0.0000E+00      2.0012E+02     -1.1658E-01   
   8.4051E+02      7.2300E+02      0.0000E+00      0.0000E+00      2.0012E+02     -1.1658E-01   
   8.4161E+02      7.2300E+02      0.0000E+00      0.0000E+00      2.0012E+02     -1.1658E-01   
   8.4271E+02      7.2300E+02      0.0000E+00      0.0000E+00      2.0012E+02     -1.1658E-01   
   8.4381E+02      7.2300E+02      0.0000E+00      0.0000E+00      2.0012E+02     -1.1658E-01   
   8.4491E+02      7.2300E+02      0.0000E+00      0.0000E+00      2.0012E+02     -1.1658E-01   
   8.4601E+02      7.2300E+02      0.0000E+00      0.0000E+00      2.0012E+02     -1.1658E-01   
   8.4711E+02      7.2300E+02      0.0000E+00      0.0000E+00      2.0012E+02     -1.1658E-01   
   8.4821E+02      7.2300E+02      0.0000E+00      0.0000E+00      2.0012E+02     -1.1658E-01   
   8.4931E+02      7.2300E+02      0.0000E+00      0.0000E+00      2.0012E+02     -1.1658E-01   
   8.5041E+02      7.2300E+02      0.0000E+00      0.0000E+00      2.0012E+02     -1.1658E-01   
   8.5151E+02      7.2300E+02      0.0000E+00      0.0000E+00      2.0012E+02     -1.1658E-01   
   8.5261E+02      7.2300E+02      0.0000E+00      0.0000E+00      2.0012E+02     -1.1658E-01   
   8.5371E+02      7.2300E+02      0.0000E+00      0.0000E+00      2.0012E+02     -1.1658E-01   
   8.5481E+02      7.2300E+02      0.0000E+00      0.0000E+00      2.0012E+02     -1.1658E-01   
   8.5591E+02      7.2300E+02      0.0000E+00      0.0000E+00      2.0012E+02     -1.1658E-01   
   8.5701E+02      7.2300E+02      0.0000E+00      0.0000E+00      2.0012E+02     -1.1658E-01   
   8.5811E+02      7.2300E+02      0.0000E+00      0.0000E+00      2.0012E+02     -1.1658E-01   
   8.5920E+02      7.2300E+02      0.0000E+00      0.0000E+00      2.0012E+02     -1.1658E-01   
   8.6030E+02      7.2300E+02      0.0000E+00      0.0000E+00      2.0012E+02     -1.1658E-01   
   8.6140E+02      7.2300E+02      0.0000E+00      0.0000E+00      2.0012E+02     -1.1658E-01   
   8.6250E+02      7.2300E+02      0.0000E+00      0.0000E+00      2.0012E+02     -1.1658E-01   
   8.6360E+02      7.2300E+02      0.0000E+00      0.0000E+00      2.0012E+02     -1.1658E-01   
   8.6470E+02      7.2300E+02      0.0000E+00      0.0000E+00      2.0012E+02     -1.1658E-01   
   8.6580E+02      7.2300E+02      0.0000E+00      0.0000E+00      2.0012E+02     -1.1658E-01   
   8.6690E+02      7.2300E+02      0.0000E+00      0.0000E+00      2.0012E+02     -1.1658E-01   
   8.6800E+02      7.2300E+02      0.0000E+00      0.0000E+00      2.0012E+02     -1.1658E-01   
   8.6910E+02      7.2300E+02      0.0000E+00      0.0000E+00      2.0012E+02     -1.1658E-01   
   8.7020E+02      7.2300E+02      0.0000E+00      0.0000E+00      2.0012E+02     -1.1658E-01   
   8.7130E+02      7.2300E+02      0.0000E+00      0.0000E+00      2.0012E+02     -1.1658E-01   
   8.7240E+02      7.2300E+02      0.0000E+00      0.0000E+00      2.0012E+02     -1.1658E-01   
   8.7350E+02      7.2300E+02      0.0000E+00      0.0000E+00      2.0012E+02     -1.1658E-01   
   8.7460E+02      7.2300E+02      0.0000E+00      0.0000E+00      2.0012E+02     -1.1658E-01   
   8.7570E+02      7.2300E+02      0.0000E+00      0.0000E+00      2.0012E+02     -1.1658E-01   
   8.7680E+02      7.2300E+02      0.0000E+00      0.0000E+00      2.0012E+02     -1.1658E-01   
   8.7790E+02      7.2300E+02      0.0000E+00      0.0000E+00      2.0012E+02     -1.1658E-01   
   8.7900E+02      7.2300E+02      0.0000E+00      0.0000E+00      2.0012E+02     -1.1658E-01   
   8.8010E+02      7.2300E+02      0.0000E+00      0.0000E+00      2.0012E+02     -1.1658E-01   
   8.8120E+02      7.2300E+02      0.0000E+00      0.0000E+00      2.0012E+02     -1.1658E-01   
   8.8230E+02      7.2300E+02      0.0000E+00      0.0000E+00      2.0012E+02     -1.1658E-01   
   8.8340E+02      7.2300E+02      0.0000E+00      0.0000E+00      2.0012E+02     -1.1658E-01   
   8.8449E+02      7.2300E+02      0.0000E+00      0.0000E+00      2.0012E+02     -1.1658E-01   
   8.8559E+02      7.2300E+02      0.0000E+00      0.0000E+00      2.0012E+02     -1.1658E-01   
   8.8669E+02      7.2300E+02      0.0000E+00      0.0000E+00      2.0012E+02     -1.1658E-01   
   8.8779E+02      7.2300E+02      0.0000E+00      0.0000E+00      2.0012E+02     -1.1658E-01   
   8.8889E+02      7.2300E+02      0.0000E+00      0.0000E+00      2.0012E+02     -1.1658E-01   
   8.8999E+02      7.2300E+02      0.0000E+00      0.0000E+00      2.0012E+02     -1.1658E-01   
   8.9109E+02      7.2300E+02      0.0000E+00      0.0000E+00      2.0012E+02     -1.1658E-01   
   8.9219E+02      7.2300E+02      0.0000E+00      0.0000E+00      2.0012E+02     -1.1658E-01   
   8.9329E+02      7.2300E+02      0.0000E+00      0.0000E+00      2.0012E+02     -1.1658E-01   
   8.9439E+02      7.2300E+02      0.0000E+00      0.0000E+00      2.0012E+02     -1.1658E-01   
   8.9549E+02      7.2300E+02      0.0000E+00      0.0000E+00      2.0012E+02     -1.1658E-01   
   8.9659E+02      7.2300E+02      0.0000E+00      0.0000E+00      2.0012E+02     -1.1658E-01   
   8.9769E+02      7.2300E+02      0.0000E+00      0.0000E+00      2.0012E+02     -1.1658E-01   
   8.9879E+02      7.2300E+02      0.0000E+00      0.0000E+00      2.0012E+02     -1.1658E-01   
   8.9989E+02      7.2300E+02      0.0000E+00      0.0000E+00      2.0012E+02     -1.1658E-01   
   9.0099E+02      7.2300E+02      0.0000E+00      0.0000E+00      2.0012E+02     -1.1658E-01   
   9.0209E+02      7.2300E+02      0.0000E+00      0.0000E+00      2.0012E+02     -1.1658E-01   
   9.0319E+02      7.2300E+02      0.0000E+00      0.0000E+00      2.0012E+02     -1.1658E-01   
   9.0429E+02      7.2300E+02      0.0000E+00      0.0000E+00      2.0012E+02     -1.1658E-01   
   9.0539E+02      7.2300E+02      0.0000E+00      0.0000E+00      2.0012E+02     -1.1658E-01   
   9.0649E+02      7.2300E+02      0.0000E+00      0.0000E+00      2.0012E+02     -1.1658E-01   
   9.0759E+02      7.2300E+02      0.0000E+00      0.0000E+00      2.0012E+02     -1.1658E-01   
   9.0869E+02      7.2300E+02      0.0000E+00      0.0000E+00      2.0012E+02     -1.1658E-01   
   9.0978E+02      7.2300E+02      0.0000E+00      0.0000E+00      2.0012E+02     -1.1658E-01   
   9.1088E+02      7.2300E+02      0.0000E+00      0.0000E+00      2.0012E+02     -1.1658E-01   
   9.1198E+02      7.2300E+02      0.0000E+00      0.0000E+00      2.0012E+02     -1.1658E-01   
   9.1308E+02      7.2300E+02      0.0000E+00      0.0000E+00      2.0012E+02     -1.1658E-01   
   9.1418E+02      7.2300E+02      0.0000E+00      0.0000E+00      2.0012E+02     -1.1658E-01   
   9.1528E+02      7.2300E+02      0.0000E+00      0.0000E+00      2.0012E+02     -1.1658E-01   
   9.1638E+02      7.2300E+02      0.0000E+00      0.0000E+00      2.0012E+02     -1.1658E-01   
   9.1748E+02      7.2300E+02      0.0000E+00      0.0000E+00      2.0012E+02     -1.1658E-01   
   9.1858E+02      7.2300E+02      0.0000E+00      0.0000E+00      2.0012E+02     -1.1658E-01   
   9.1968E+02      7.2300E+02      0.0000E+00      0.0000E+00      2.0012E+02     -1.1658E-01   
   9.2078E+02      7.2300E+02      0.0000E+00      0.0000E+00      2.0012E+02     -1.1658E-01   
   9.2188E+02      7.2300E+02      0.0000E+00      0.0000E+00      2.0012E+02     -1.1658E-01   
   9.2298E+02      7.2236E+02      0.0000E+00      0.0000E+00      2.0012E+02     -1.1658E-01   
   9.2408E+02      7.2089E+02      0.0000E+00      0.0000E+00      2.0012E+02     -1.1658E-01   
   9.2518E+02      7.1943E+02      0.0000E+00      0.0000E+00      2.0012E+02     -1.1658E-01   
   9.2628E+02      7.1796E+02      0.0000E+00      0.0000E+00      2.0012E+02     -1.1658E-01   
   9.2738E+02      7.1650E+02      0.0000E+00      0.0000E+00      2.0012E+02     -1.1658E-01   
   9.2848E+02      7.1503E+02      0.0000E+00      0.0000E+00      2.0012E+02     -1.1658E-01   
   9.2958E+02      7.1356E+02      0.0000E+00      0.0000E+00      2.0012E+02     -1.1658E-01   
   9.3068E+02      7.1210E+02      0.0000E+00      0.0000E+00      2.0012E+02     -1.1658E-01   
   9.3178E+02      7.1063E+02      0.0000E+00      0.0000E+00      2.0012E+02     -1.1658E-01   
   9.3287E+02      7.0917E+02      0.0000E+00      0.0000E+00      2.0012E+02     -1.1658E-01   
   9.3397E+02      7.0770E+02      0.0000E+00      0.0000E+00      2.0012E+02     -1.1658E-01   
   9.3507E+02      7.0624E+02      0.0000E+00      0.0000E+00      2.0012E+02     -1.1658E-01   
   9.3617E+02      7.0477E+02      0.0000E+00      0.0000E+00      2.0012E+02     -1.1658E-01   
   9.3727E+02      7.0330E+02      0.0000E+00      0.0000E+00      2.0012E+02     -1.1658E-01   
   9.3837E+02      7.0184E+02      0.0000E+00      0.0000E+00      2.0012E+02     -1.1658E-01   
   9.3947E+02      7.0037E+02      0.0000E+00      0.0000E+00      2.0012E+02     -1.1658E-01   
   9.4057E+02      6.9891E+02      0.0000E+00      0.0000E+00      2.0012E+02     -1.1658E-01   
   9.4167E+02      6.9744E+02      0.0000E+00      0.0000E+00      2.0012E+02     -1.1658E-01   
   9.4277E+02      6.9597E+02      0.0000E+00      0.0000E+00      2.0012E+02     -1.1658E-01   
   9.4387E+02      6.9451E+02      0.0000E+00      0.0000E+00      2.0012E+02     -1.1658E-01   
   9.4497E+02      6.9304E+02      0.0000E+00      0.0000E+00      2.0012E+02     -1.1658E-01   
   9.4607E+02      6.9158E+02      0.0000E+00      0.0000E+00      2.0012E+02     -1.1658E-01   
   9.4717E+02      6.9011E+02      0.0000E+00      0.0000E+00      2.0012E+02     -1.1658E-01   
   9.4827E+02      6.8865E+02      0.0000E+00      0.0000E+00      2.0012E+02     -1.1658E-01   
   9.4936E+02      6.8718E+02      0.0000E+00      0.0000E+00      2.0012E+02     -1.1658E-01   
   9.5046E+02      6.8571E+02      0.0000E+00      0.0000E+00      2.0012E+02     -1.1658E-01   
   9.5156E+02      6.8425E+02      0.0000E+00      0.0000E+00      2.0012E+02     -1.1658E-01   
   9.5297E+02      6.8237E+02      0.0000E+00      0.0000E+00      2.0012E+02     -1.1658E-01   
   9.5409E+02      6.8088E+02      0.0000E+00      0.0000E+00      2.0012E+02     -1.1658E-01   
   9.5524E+02      6.7935E+02      0.0000E+00      0.0000E+00      2.0012E+02     -1.1658E-01   
   9.5640E+02      6.7780E+02      0.0000E+00      0.0000E+00      2.0012E+02     -1.1658E-01   
   9.5759E+02      6.7622E+02      0.0000E+00      0.0000E+00      2.0012E+02     -1.1658E-01   
   9.5880E+02      6.7461E+02      0.0000E+00      0.0000E+00      2.0012E+02     -1.1658E-01   
   9.6003E+02      6.7297E+02      0.0000E+00      0.0000E+00      2.0012E+02     -1.1658E-01   
   9.6128E+02      6.7129E+02      0.0000E+00      0.0000E+00      2.0012E+02     -1.1658E-01   
   9.6256E+02      6.6959E+02      0.0000E+00      0.0000E+00      2.0012E+02     -1.1658E-01   
   9.6387E+02      6.6785E+02      0.0000E+00      0.0000E+00      2.0012E+02     -1.1658E-01   
   9.6520E+02      6.6607E+02      0.0000E+00      0.0000E+00      2.0012E+02     -1.1658E-01   
   9.6656E+02      6.6425E+02      0.0000E+00      0.0000E+00      2.0012E+02     -1.1658E-01   
   9.6795E+02      6.6240E+02      0.0000E+00      0.0000E+00      2.0012E+02     -1.1658E-01   
   9.6938E+02      6.6050E+02      0.0000E+00      0.0000E+00      2.0012E+02     -1.1658E-01   
   9.7083E+02      6.5855E+02      0.0000E+00      0.0000E+00      2.0012E+02     -1.1658E-01   
   9.7233E+02      6.5656E+02      0.0000E+00      0.0000E+00      2.0012E+02     -1.1658E-01   
   9.7386E+02      6.5453E+02      0.0000E+00      0.0000E+00      2.0012E+02     -1.1658E-01   
   9.7542E+02      6.5243E+02      0.0000E+00      0.0000E+00      2.0012E+02     -1.1658E-01   
   9.7704E+02      6.5029E+02      0.0000E+00      0.0000E+00      2.0012E+02     -1.1658E-01   
   9.7869E+02      6.4808E+02      0.0000E+00      0.0000E+00      2.0012E+02     -1.1658E-01   
   9.8039E+02      6.4581E+02      0.0000E+00      0.0000E+00      2.0012E+02     -1.1658E-01   
   9.8214E+02      6.4348E+02      0.0000E+00      0.0000E+00      2.0012E+02     -1.1658E-01   
   9.8395E+02      6.4107E+02      0.0000E+00      0.0000E+00      2.0012E+02     -1.1658E-01   
   9.8581E+02      6.3859E+02      0.0000E+00      0.0000E+00      2.0012E+02     -1.1658E-01   
   9.8773E+02      6.3603E+02      0.0000E+00      0.0000E+00      2.0012E+02     -1.1658E-01   
   9.8972E+02      6.3337E+02      0.0000E+00      0.0000E+00      2.0012E+02     -1.1658E-01   
   9.9178E+02      6.3063E+02      0.0000E+00      0.0000E+00      2.0012E+02     -1.1658E-01   
   9.9392E+02      6.2778E+02      0.0000E+00      0.0000E+00      2.0012E+02     -1.1658E-01   
   9.9614E+02      6.2482E+02      0.0000E+00      0.0000E+00      2.0012E+02     -1.1658E-01   
   9.9845E+02      6.2173E+02      0.0000E+00      0.0000E+00      2.0012E+02     -1.1658E-01   
   1.0009E+03      6.1852E+02      0.0000E+00      0.0000E+00      2.0012E+02     -1.1658E-01   
   1.0034E+03      6.1516E+02      0.0000E+00      0.0000E+00      2.0012E+02     -1.1658E-01   
   1.0060E+03      6.1163E+02      0.0000E+00      0.0000E+00      2.0012E+02     -1.1658E-01   
   1.0088E+03      6.0793E+02      0.0000E+00      0.0000E+00      2.0012E+02     -1.1658E-01   
   1.0117E+03      6.0402E+02      0.0000E+00      0.0000E+00      2.0012E+02     -1.1658E-01   
   1.0148E+03      5.9988E+02      0.0000E+00      1.0000E+00      1.9984E+02      1.5545E-01   
   1.0181E+03      5.9548E+02      2.6471E-03      9.9735E-01      1.9907E+02      9.3071E-01   
   1.0217E+03      5.9079E+02      4.5942E-03      9.9541E-01      1.9763E+02      2.3746E+00   
   1.0254E+03      5.8575E+02      5.4240E-03      9.9458E-01      1.9529E+02      4.7091E+00   
   1.0295E+03      5.8030E+02      5.7769E-03      9.9422E-01      1.9176E+02      8.2379E+00   
   1.0340E+03      5.7436E+02      5.7776E-03      9.9422E-01      1.8662E+02      1.3379E+01   
   1.0389E+03      5.6783E+02      5.4735E-03      9.9453E-01      1.7929E+02      2.0712E+01   
   1.0443E+03      5.6056E+02      4.9093E-03      9.9509E-01      1.6896E+02      3.1035E+01   
   1.0505E+03      5.5236E+02      4.1504E-03      9.9585E-01      1.5458E+02      4.5416E+01   
   1.0576E+03      5.4290E+02      3.2888E-03      9.9671E-01      1.3485E+02      6.5148E+01   
   1.0660E+03      5.3172E+02      2.4390E-03      9.9756E-01      1.1846E+02      8.1541E+01   
   1.0724E+03      5.2307E+02      1.9809E-03      9.9802E-01      1.0566E+02      9.4342E+01   
   1.0777E+03      5.1607E+02      1.6782E-03      9.9832E-01      9.5740E+01      1.0426E+02   
   1.0821E+03      5.1020E+02      1.4612E-03      9.9854E-01      8.7973E+01      1.1203E+02   
   1.0859E+03      5.0515E+02      1.2946E-03      9.9871E-01      8.1775E+01      1.1822E+02   
   1.0892E+03      5.0073E+02      1.1594E-03      9.9884E-01      7.6725E+01      1.2328E+02   
   1.0921E+03      4.9681E+02      1.0454E-03      9.9895E-01      7.2524E+01      1.2748E+02   
   1.0948E+03      4.9328E+02      9.4708E-04      9.9905E-01      6.8963E+01      1.3104E+02   
   1.0972E+03      4.9008E+02      8.6120E-04      9.9914E-01      6.5895E+01      1.3411E+02   
   1.0994E+03      4.8716E+02      7.8570E-04      9.9921E-01      6.3213E+01      1.3679E+02   
   1.1014E+03      4.8447E+02      7.1910E-04      9.9928E-01      6.0843E+01      1.3916E+02   
   1.1033E+03      4.8197E+02      6.6019E-04      9.9934E-01      5.8725E+01      1.4128E+02   
   1.1050E+03      4.7965E+02      6.0796E-04      9.9939E-01      5.6817E+01      1.4318E+02   
   1.1066E+03      4.7749E+02      5.6156E-04      9.9944E-01      5.5085E+01      1.4491E+02   
   1.1082E+03      4.7545E+02      5.2020E-04      9.9948E-01      5.3504E+01      1.4650E+02   
   1.1096E+03      4.7354E+02      4.8324E-04      9.9952E-01      5.2052E+01      1.4795E+02   
   1.1110E+03      4.7173E+02      4.5011E-04      9.9955E-01      5.0712E+01      1.4929E+02   
   1.1122E+03      4.7002E+02      4.2031E-04      9.9958E-01      4.9470E+01      1.5053E+02   
   1.1135E+03      4.6840E+02      3.9342E-04      9.9961E-01      4.8315E+01      1.5169E+02   
   1.1146E+03      4.6685E+02      3.6908E-04      9.9963E-01      4.7236E+01      1.5276E+02   
   1.1157E+03      4.6538E+02      3.4699E-04      9.9965E-01      4.6227E+01      1.5377E+02   
   1.1168E+03      4.6397E+02      3.2687E-04      9.9967E-01      4.5278E+01      1.5472E+02   
   1.1178E+03      4.6262E+02      3.0850E-04      9.9969E-01      4.4386E+01      1.5561E+02   
   1.1197E+03      4.6009E+02      2.7625E-04      9.9972E-01      4.2747E+01      1.5725E+02   
   1.1214E+03      4.5775E+02      2.4895E-04      9.9975E-01      4.1274E+01      1.5873E+02   
   1.1231E+03      4.5557E+02      2.2562E-04      9.9977E-01      3.9943E+01      1.6006E+02   
   1.1246E+03      4.5354E+02      2.0553E-04      9.9979E-01      3.8730E+01      1.6127E+02   
   1.1260E+03      4.5164E+02      1.8810E-04      9.9981E-01      3.7621E+01      1.6238E+02   
   1.1274E+03      4.4985E+02      1.7286E-04      9.9983E-01      3.6599E+01      1.6340E+02   
   1.1286E+03      4.4816E+02      1.5947E-04      9.9984E-01      3.5656E+01      1.6434E+02   
   1.1298E+03      4.4657E+02      1.4763E-04      9.9985E-01      3.4780E+01      1.6522E+02   
   1.1310E+03      4.4505E+02      1.3710E-04      9.9986E-01      3.3965E+01      1.6603E+02   
   1.1320E+03      4.4361E+02      1.2770E-04      9.9987E-01      3.3204E+01      1.6680E+02   
   1.1331E+03      4.4224E+02      1.2004E-04      9.9988E-01      3.2491E+01      1.6751E+02   
   1.1346E+03      4.4024E+02      1.1227E-04      9.9989E-01      3.1484E+01      1.6852E+02   
   1.1361E+03      4.3824E+02      1.0163E-04      9.9990E-01      3.0509E+01      1.6949E+02   
   1.1376E+03      4.3624E+02      9.1511E-05      9.9991E-01      2.9558E+01      1.7044E+02   
   1.1391E+03      4.3424E+02      8.2262E-05      9.9992E-01      2.8628E+01      1.7137E+02   
   1.1406E+03      4.3224E+02      7.3857E-05      9.9993E-01      2.7719E+01      1.7228E+02   
   1.1421E+03      4.3024E+02      6.6231E-05      9.9993E-01      2.6832E+01      1.7317E+02   
   1.1436E+03      4.2824E+02      5.9321E-05      9.9994E-01      2.5964E+01      1.7404E+02   
   1.1451E+03      4.2624E+02      5.3068E-05      9.9995E-01      2.5117E+01      1.7488E+02   
   1.1466E+03      4.2424E+02      4.7416E-05      9.9995E-01      2.4290E+01      1.7571E+02   
   1.1481E+03      4.2224E+02      4.2313E-05      9.9996E-01      2.3483E+01      1.7652E+02   
   1.1496E+03      4.2024E+02      3.7713E-05      9.9996E-01      2.2695E+01      1.7730E+02   
   1.1511E+03      4.1824E+02      3.3570E-05      9.9997E-01      2.1927E+01      1.7807E+02   
   1.1526E+03      4.1624E+02      2.9844E-05      9.9997E-01      2.1177E+01      1.7882E+02   
   1.1541E+03      4.1424E+02      2.6498E-05      9.9997E-01      2.0447E+01      1.7955E+02   
   1.1556E+03      4.1224E+02      2.3496E-05      9.9998E-01      1.9735E+01      1.8027E+02   
   1.1571E+03      4.1024E+02      2.0806E-05      9.9998E-01      1.9041E+01      1.8096E+02   
   1.1586E+03      4.0824E+02      1.8400E-05      9.9998E-01      1.8365E+01      1.8164E+02   
   1.1601E+03      4.0624E+02      1.6250E-05      9.9998E-01      1.7707E+01      1.8229E+02   
   1.1616E+03      4.0424E+02      1.4332E-05      9.9999E-01      1.7066E+01      1.8293E+02   
   1.1631E+03      4.0224E+02      1.2622E-05      9.9999E-01      1.6442E+01      1.8356E+02   
   1.1646E+03      4.0024E+02      1.1101E-05      9.9999E-01      1.5835E+01      1.8416E+02   
   1.1661E+03      3.9824E+02      9.7493E-06      9.9999E-01      1.5245E+01      1.8475E+02   
   1.1676E+03      3.9624E+02      8.5499E-06      9.9999E-01      1.4672E+01      1.8533E+02   
   1.1691E+03      3.9424E+02      7.4870E-06      9.9999E-01      1.4114E+01      1.8589E+02   
   1.1706E+03      3.9224E+02      6.5466E-06      9.9999E-01      1.3572E+01      1.8643E+02   
   1.1721E+03      3.9024E+02      5.7157E-06      9.9999E-01      1.3046E+01      1.8695E+02   
   1.1736E+03      3.8824E+02      4.9827E-06      1.0000E+00      1.2535E+01      1.8746E+02   
   1.1751E+03      3.8624E+02      4.3370E-06      1.0000E+00      1.2039E+01      1.8796E+02   
   1.1766E+03      3.8424E+02      3.7691E-06      1.0000E+00      1.1558E+01      1.8844E+02   
   1.1781E+03      3.8224E+02      3.2704E-06      1.0000E+00      1.1092E+01      1.8891E+02   
   1.1796E+03      3.8024E+02      2.8331E-06      1.0000E+00      1.0639E+01      1.8936E+02   
   1.1811E+03      3.7824E+02      2.4503E-06      1.0000E+00      1.0201E+01      1.8980E+02   
   1.1826E+03      3.7624E+02      2.1157E-06      1.0000E+00      9.7761E+00      1.9022E+02   
   1.1841E+03      3.7424E+02      1.8238E-06      1.0000E+00      9.3649E+00      1.9064E+02   
   1.1856E+03      3.7224E+02      1.5694E-06      1.0000E+00      8.9668E+00      1.9103E+02   
   1.1871E+03      3.7024E+02      1.3482E-06      1.0000E+00      8.5816E+00      1.9142E+02   
   1.1886E+03      3.6824E+02      1.1562E-06      1.0000E+00      8.2090E+00      1.9179E+02   
   1.1901E+03      3.6624E+02      9.8971E-07      1.0000E+00      7.8489E+00      1.9215E+02   
   1.1916E+03      3.6424E+02      8.4569E-07      1.0000E+00      7.5008E+00      1.9250E+02   
   1.1931E+03      3.6224E+02      7.2131E-07      1.0000E+00      7.1646E+00      1.9284E+02   
   1.1946E+03      3.6024E+02      6.1408E-07      1.0000E+00      6.8400E+00      1.9316E+02   
   1.1961E+03      3.5824E+02      5.2180E-07      1.0000E+00      6.5267E+00      1.9347E+02   
   1.1976E+03      3.5624E+02      4.4254E-07      1.0000E+00      6.2245E+00      1.9378E+02   
   1.1991E+03      3.5424E+02      3.7458E-07      1.0000E+00      5.9331E+00      1.9407E+02   
   1.2006E+03      3.5224E+02      3.1644E-07      1.0000E+00      5.6523E+00      1.9435E+02   
   1.2021E+03      3.5024E+02      2.6678E-07      1.0000E+00      5.3818E+00      1.9462E+02   
   1.2036E+03      3.4824E+02      2.2445E-07      1.0000E+00      5.1213E+00      1.9488E+02   
   1.2051E+03      3.4624E+02      1.8845E-07      1.0000E+00      4.8707E+00      1.9513E+02   
   1.2066E+03      3.4424E+02      1.5789E-07      1.0000E+00      4.6297E+00      1.9537E+02   
   1.2081E+03      3.4224E+02      1.3200E-07      1.0000E+00      4.3979E+00      1.9560E+02   
   1.2096E+03      3.4024E+02      1.1012E-07      1.0000E+00      4.1753E+00      1.9582E+02   
   1.2111E+03      3.3824E+02      9.1657E-08      1.0000E+00      3.9615E+00      1.9604E+02   
   1.2126E+03      3.3624E+02      7.6119E-08      1.0000E+00      3.7563E+00      1.9624E+02   
   1.2141E+03      3.3424E+02      6.3070E-08      1.0000E+00      3.5595E+00      1.9644E+02   
   1.2156E+03      3.3224E+02      5.2136E-08      1.0000E+00      3.3708E+00      1.9663E+02   
   1.2171E+03      3.3024E+02      4.2995E-08      1.0000E+00      3.1900E+00      1.9681E+02   
   1.2186E+03      3.2824E+02      3.5371E-08      1.0000E+00      3.0169E+00      1.9698E+02   
   1.2201E+03      3.2624E+02      2.9028E-08      1.0000E+00      2.8512E+00      1.9715E+02   
   1.2216E+03      3.2424E+02      2.3762E-08      1.0000E+00      2.6928E+00      1.9731E+02   
   1.2231E+03      3.2224E+02      1.9402E-08      1.0000E+00      2.5413E+00      1.9746E+02   
   1.2246E+03      3.2024E+02      1.5801E-08      1.0000E+00      2.3967E+00      1.9760E+02   
   1.2261E+03      3.1824E+02      1.2835E-08      1.0000E+00      2.2586E+00      1.9774E+02   
   1.2276E+03      3.1624E+02      1.0397E-08      1.0000E+00      2.1269E+00      1.9787E+02   
   1.2291E+03      3.1424E+02      8.3991E-09      1.0000E+00      2.0013E+00      1.9800E+02   
   1.2306E+03      3.1224E+02      6.7662E-09      1.0000E+00      1.8817E+00      1.9812E+02   
   1.2321E+03      3.1024E+02      5.4353E-09      1.0000E+00      1.7678E+00      1.9823E+02   
   1.2336E+03      3.0824E+02      4.3536E-09      1.0000E+00      1.6595E+00      1.9834E+02   
   1.2351E+03      3.0624E+02      3.4768E-09      1.0000E+00      1.5565E+00      1.9844E+02   
   1.2366E+03      3.0424E+02      2.7683E-09      1.0000E+00      1.4587E+00      1.9854E+02   
   1.2381E+03      3.0224E+02      2.1974E-09      1.0000E+00      1.3659E+00      1.9863E+02   
   1.2396E+03      3.0024E+02      1.7388E-09      1.0000E+00      1.2779E+00      1.9872E+02   
   1.2411E+03      2.9824E+02      1.3715E-09      1.0000E+00      1.1944E+00      1.9881E+02   
   1.2426E+03      2.9624E+02      1.0783E-09      1.0000E+00      1.1155E+00      1.9888E+02   
   1.2441E+03      2.9424E+02      8.4494E-10      1.0000E+00      1.0407E+00      1.9896E+02   
