Results for node = 1
    time [m]    temperature [K]    growth [/]    nucleation [/]   Css [wt.ppm]    Cp [wt.ppm]   
   0.0000E+00      2.9300E+02      0.0000E+00      0.0000E+00      4.8676E-02      1.9995E+02   
   1.7500E-01      2.9387E+02      0.0000E+00      0.0000E+00      4.8676E-02      1.9995E+02   
   3.5000E-01      2.9475E+02      0.0000E+00      0.0000E+00      4.8677E-02      1.9995E+02   
   5.2500E-01      2.9562E+02      0.0000E+00      0.0000E+00      4.8678E-02      1.9995E+02   
   5.9167E-01      2.9596E+02      0.0000E+00      0.0000E+00      4.8678E-02      1.9995E+02   
   7.6667E-01      2.9683E+02      0.0000E+00      0.0000E+00      4.8680E-02      1.9995E+02   
   9.4167E-01      2.9771E+02      0.0000E+00      0.0000E+00      4.8682E-02      1.9995E+02   
   1.1167E+00      2.9858E+02      0.0000E+00      0.0000E+00      4.8685E-02      1.9995E+02   
   1.2917E+00      2.9946E+02      0.0000E+00      0.0000E+00      4.8688E-02      1.9995E+02   
   1.4667E+00      3.0033E+02      0.0000E+00      0.0000E+00      4.8692E-02      1.9995E+02   
   1.6417E+00      3.0121E+02      0.0000E+00      0.0000E+00      4.8697E-02      1.9995E+02   
   1.8167E+00      3.0208E+02      0.0000E+00      0.0000E+00      4.8703E-02      1.9995E+02   
   1.9917E+00      3.0296E+02      0.0000E+00      0.0000E+00      4.8711E-02      1.9995E+02   
   2.1667E+00      3.0383E+02      0.0000E+00      0.0000E+00      4.8719E-02      1.9995E+02   
   2.3417E+00      3.0471E+02      0.0000E+00      0.0000E+00      4.8729E-02      1.9995E+02   
   2.5167E+00      3.0558E+02      0.0000E+00      0.0000E+00      4.8740E-02      1.9995E+02   
   2.6917E+00      3.0646E+02      0.0000E+00      0.0000E+00      4.8753E-02      1.9995E+02   
   2.8667E+00      3.0733E+02      0.0000E+00      0.0000E+00      4.8768E-02      1.9995E+02   
   3.0417E+00      3.0821E+02      0.0000E+00      0.0000E+00      4.8785E-02      1.9995E+02   
   3.2167E+00      3.0908E+02      0.0000E+00      0.0000E+00      4.8804E-02      1.9995E+02   
   3.3917E+00      3.0996E+02      0.0000E+00      0.0000E+00      4.8825E-02      1.9995E+02   
   3.5667E+00      3.1083E+02      0.0000E+00      0.0000E+00      4.8850E-02      1.9995E+02   
   3.7417E+00      3.1171E+02      0.0000E+00      0.0000E+00      4.8877E-02      1.9995E+02   
   3.9167E+00      3.1258E+02      0.0000E+00      0.0000E+00      4.8908E-02      1.9995E+02   
   4.0917E+00      3.1346E+02      0.0000E+00      0.0000E+00      4.8942E-02      1.9995E+02   
   4.2667E+00      3.1433E+02      0.0000E+00      0.0000E+00      4.8980E-02      1.9995E+02   
   4.4417E+00      3.1521E+02      0.0000E+00      0.0000E+00      4.9022E-02      1.9995E+02   
   4.6167E+00      3.1608E+02      0.0000E+00      0.0000E+00      4.9070E-02      1.9995E+02   
   4.7917E+00      3.1696E+02      0.0000E+00      0.0000E+00      4.9122E-02      1.9995E+02   
   4.9667E+00      3.1783E+02      0.0000E+00      0.0000E+00      4.9180E-02      1.9995E+02   
   5.1417E+00      3.1871E+02      0.0000E+00      0.0000E+00      4.9244E-02      1.9995E+02   
   5.3167E+00      3.1958E+02      0.0000E+00      0.0000E+00      4.9315E-02      1.9995E+02   
   5.4917E+00      3.2046E+02      0.0000E+00      0.0000E+00      4.9393E-02      1.9995E+02   
   5.6667E+00      3.2133E+02      0.0000E+00      0.0000E+00      4.9478E-02      1.9995E+02   
   5.8417E+00      3.2221E+02      0.0000E+00      0.0000E+00      4.9573E-02      1.9995E+02   
   6.0167E+00      3.2308E+02      0.0000E+00      0.0000E+00      4.9676E-02      1.9995E+02   
   6.1917E+00      3.2396E+02      0.0000E+00      0.0000E+00      4.9790E-02      1.9995E+02   
   6.3667E+00      3.2483E+02      0.0000E+00      0.0000E+00      4.9914E-02      1.9995E+02   
   6.5417E+00      3.2571E+02      0.0000E+00      0.0000E+00      5.0051E-02      1.9995E+02   
   6.7167E+00      3.2658E+02      0.0000E+00      0.0000E+00      5.0200E-02      1.9995E+02   
   6.8917E+00      3.2746E+02      0.0000E+00      0.0000E+00      5.0362E-02      1.9995E+02   
   7.0667E+00      3.2833E+02      0.0000E+00      0.0000E+00      5.0540E-02      1.9995E+02   
   7.2417E+00      3.2921E+02      0.0000E+00      0.0000E+00      5.0734E-02      1.9995E+02   
   7.4167E+00      3.3008E+02      0.0000E+00      0.0000E+00      5.0945E-02      1.9995E+02   
   7.5917E+00      3.3096E+02      0.0000E+00      0.0000E+00      5.1174E-02      1.9995E+02   
   7.7667E+00      3.3183E+02      0.0000E+00      0.0000E+00      5.1424E-02      1.9995E+02   
   7.9417E+00      3.3271E+02      0.0000E+00      0.0000E+00      5.1695E-02      1.9995E+02   
   8.1167E+00      3.3358E+02      0.0000E+00      0.0000E+00      5.1990E-02      1.9995E+02   
   8.2917E+00      3.3446E+02      0.0000E+00      0.0000E+00      5.2310E-02      1.9995E+02   
   8.4667E+00      3.3533E+02      0.0000E+00      0.0000E+00      5.2656E-02      1.9995E+02   
   8.6417E+00      3.3621E+02      0.0000E+00      0.0000E+00      5.3032E-02      1.9995E+02   
   8.8167E+00      3.3708E+02      0.0000E+00      0.0000E+00      5.3438E-02      1.9995E+02   
   8.9917E+00      3.3796E+02      0.0000E+00      0.0000E+00      5.3879E-02      1.9995E+02   
   9.1667E+00      3.3883E+02      0.0000E+00      0.0000E+00      5.4354E-02      1.9995E+02   
   9.3417E+00      3.3971E+02      0.0000E+00      0.0000E+00      5.4868E-02      1.9995E+02   
   9.5167E+00      3.4058E+02      0.0000E+00      0.0000E+00      5.5424E-02      1.9994E+02   
   9.6917E+00      3.4146E+02      0.0000E+00      0.0000E+00      5.6023E-02      1.9994E+02   
   9.8667E+00      3.4233E+02      0.0000E+00      0.0000E+00      5.6669E-02      1.9994E+02   
   1.0042E+01      3.4321E+02      0.0000E+00      0.0000E+00      5.7366E-02      1.9994E+02   
   1.0217E+01      3.4408E+02      0.0000E+00      0.0000E+00      5.8116E-02      1.9994E+02   
   1.0392E+01      3.4496E+02      0.0000E+00      0.0000E+00      5.8924E-02      1.9994E+02   
   1.0567E+01      3.4583E+02      0.0000E+00      0.0000E+00      5.9793E-02      1.9994E+02   
   1.0742E+01      3.4671E+02      0.0000E+00      0.0000E+00      6.0728E-02      1.9994E+02   
   1.0917E+01      3.4758E+02      0.0000E+00      0.0000E+00      6.1733E-02      1.9994E+02   
   1.1092E+01      3.4846E+02      0.0000E+00      0.0000E+00      6.2813E-02      1.9994E+02   
   1.1267E+01      3.4933E+02      0.0000E+00      0.0000E+00      6.3972E-02      1.9994E+02   
   1.1442E+01      3.5021E+02      0.0000E+00      0.0000E+00      6.5215E-02      1.9993E+02   
   1.1617E+01      3.5108E+02      0.0000E+00      0.0000E+00      6.6549E-02      1.9993E+02   
   1.1792E+01      3.5196E+02      0.0000E+00      0.0000E+00      6.7979E-02      1.9993E+02   
   1.1967E+01      3.5283E+02      0.0000E+00      0.0000E+00      6.9511E-02      1.9993E+02   
   1.2142E+01      3.5371E+02      0.0000E+00      0.0000E+00      7.1152E-02      1.9993E+02   
   1.2317E+01      3.5458E+02      0.0000E+00      0.0000E+00      7.2908E-02      1.9993E+02   
   1.2492E+01      3.5546E+02      0.0000E+00      0.0000E+00      7.4786E-02      1.9993E+02   
   1.2667E+01      3.5633E+02      0.0000E+00      0.0000E+00      7.6795E-02      1.9992E+02   
   1.2842E+01      3.5721E+02      0.0000E+00      0.0000E+00      7.8942E-02      1.9992E+02   
   1.3017E+01      3.5808E+02      0.0000E+00      0.0000E+00      8.1235E-02      1.9992E+02   
   1.3192E+01      3.5896E+02      0.0000E+00      0.0000E+00      8.3683E-02      1.9992E+02   
   1.3367E+01      3.5983E+02      0.0000E+00      0.0000E+00      8.6296E-02      1.9991E+02   
   1.3542E+01      3.6071E+02      0.0000E+00      0.0000E+00      8.9084E-02      1.9991E+02   
   1.3717E+01      3.6158E+02      0.0000E+00      0.0000E+00      9.2055E-02      1.9991E+02   
   1.3892E+01      3.6246E+02      0.0000E+00      0.0000E+00      9.5222E-02      1.9990E+02   
   1.4067E+01      3.6333E+02      0.0000E+00      0.0000E+00      9.8595E-02      1.9990E+02   
   1.4242E+01      3.6421E+02      0.0000E+00      0.0000E+00      1.0219E-01      1.9990E+02   
   1.4417E+01      3.6508E+02      0.0000E+00      0.0000E+00      1.0601E-01      1.9989E+02   
   1.4592E+01      3.6596E+02      0.0000E+00      0.0000E+00      1.1007E-01      1.9989E+02   
   1.4767E+01      3.6683E+02      0.0000E+00      0.0000E+00      1.1440E-01      1.9989E+02   
   1.4942E+01      3.6771E+02      0.0000E+00      0.0000E+00      1.1899E-01      1.9988E+02   
   1.5117E+01      3.6858E+02      0.0000E+00      0.0000E+00      1.2387E-01      1.9988E+02   
   1.5292E+01      3.6946E+02      0.0000E+00      0.0000E+00      1.2905E-01      1.9987E+02   
   1.5467E+01      3.7033E+02      0.0000E+00      0.0000E+00      1.3455E-01      1.9987E+02   
   1.5642E+01      3.7121E+02      0.0000E+00      0.0000E+00      1.4038E-01      1.9986E+02   
   1.5817E+01      3.7208E+02      0.0000E+00      0.0000E+00      1.4656E-01      1.9985E+02   
   1.5992E+01      3.7296E+02      0.0000E+00      0.0000E+00      1.5312E-01      1.9985E+02   
   1.6167E+01      3.7383E+02      0.0000E+00      0.0000E+00      1.6006E-01      1.9984E+02   
   1.6342E+01      3.7471E+02      0.0000E+00      0.0000E+00      1.6741E-01      1.9983E+02   
   1.6517E+01      3.7558E+02      0.0000E+00      0.0000E+00      1.7519E-01      1.9982E+02   
   1.6692E+01      3.7646E+02      0.0000E+00      0.0000E+00      1.8342E-01      1.9982E+02   
   1.6867E+01      3.7733E+02      0.0000E+00      0.0000E+00      1.9212E-01      1.9981E+02   
   1.7042E+01      3.7821E+02      0.0000E+00      0.0000E+00      2.0132E-01      1.9980E+02   
   1.7217E+01      3.7908E+02      0.0000E+00      0.0000E+00      2.1104E-01      1.9979E+02   
   1.7392E+01      3.7996E+02      0.0000E+00      0.0000E+00      2.2130E-01      1.9978E+02   
   1.7567E+01      3.8083E+02      0.0000E+00      0.0000E+00      2.3212E-01      1.9977E+02   
   1.7742E+01      3.8171E+02      0.0000E+00      0.0000E+00      2.4355E-01      1.9976E+02   
   1.7917E+01      3.8258E+02      0.0000E+00      0.0000E+00      2.5560E-01      1.9974E+02   
   1.8092E+01      3.8346E+02      0.0000E+00      0.0000E+00      2.6829E-01      1.9973E+02   
   1.8267E+01      3.8433E+02      0.0000E+00      0.0000E+00      2.8167E-01      1.9972E+02   
   1.8442E+01      3.8521E+02      0.0000E+00      0.0000E+00      2.9576E-01      1.9970E+02   
   1.8617E+01      3.8608E+02      0.0000E+00      0.0000E+00      3.1058E-01      1.9969E+02   
   1.8792E+01      3.8696E+02      0.0000E+00      0.0000E+00      3.2618E-01      1.9967E+02   
   1.8967E+01      3.8783E+02      0.0000E+00      0.0000E+00      3.4258E-01      1.9966E+02   
   1.9142E+01      3.8871E+02      0.0000E+00      0.0000E+00      3.5982E-01      1.9964E+02   
   1.9317E+01      3.8958E+02      0.0000E+00      0.0000E+00      3.7793E-01      1.9962E+02   
   1.9492E+01      3.9046E+02      0.0000E+00      0.0000E+00      3.9694E-01      1.9960E+02   
   1.9667E+01      3.9133E+02      0.0000E+00      0.0000E+00      4.1690E-01      1.9958E+02   
   1.9842E+01      3.9221E+02      0.0000E+00      0.0000E+00      4.3784E-01      1.9956E+02   
   2.0017E+01      3.9308E+02      0.0000E+00      0.0000E+00      4.5979E-01      1.9954E+02   
   2.0192E+01      3.9396E+02      0.0000E+00      0.0000E+00      4.8280E-01      1.9952E+02   
   2.0367E+01      3.9483E+02      0.0000E+00      0.0000E+00      5.0690E-01      1.9949E+02   
   2.0542E+01      3.9571E+02      0.0000E+00      0.0000E+00      5.3214E-01      1.9947E+02   
   2.0717E+01      3.9658E+02      0.0000E+00      0.0000E+00      5.5854E-01      1.9944E+02   
   2.0892E+01      3.9746E+02      0.0000E+00      0.0000E+00      5.8617E-01      1.9941E+02   
   2.1067E+01      3.9833E+02      0.0000E+00      0.0000E+00      6.1504E-01      1.9938E+02   
   2.1242E+01      3.9921E+02      0.0000E+00      0.0000E+00      6.4522E-01      1.9935E+02   
   2.1417E+01      4.0008E+02      0.0000E+00      0.0000E+00      6.7673E-01      1.9932E+02   
   2.1592E+01      4.0096E+02      0.0000E+00      0.0000E+00      7.0963E-01      1.9929E+02   
   2.1767E+01      4.0183E+02      0.0000E+00      0.0000E+00      7.4395E-01      1.9926E+02   
   2.1942E+01      4.0271E+02      0.0000E+00      0.0000E+00      7.7974E-01      1.9922E+02   
   2.2117E+01      4.0358E+02      0.0000E+00      0.0000E+00      8.1705E-01      1.9918E+02   
   2.2292E+01      4.0446E+02      0.0000E+00      0.0000E+00      8.5591E-01      1.9914E+02   
   2.2467E+01      4.0533E+02      0.0000E+00      0.0000E+00      8.9638E-01      1.9910E+02   
   2.2642E+01      4.0621E+02      0.0000E+00      0.0000E+00      9.3849E-01      1.9906E+02   
   2.2817E+01      4.0708E+02      0.0000E+00      0.0000E+00      9.8229E-01      1.9902E+02   
   2.2992E+01      4.0796E+02      0.0000E+00      0.0000E+00      1.0278E+00      1.9897E+02   
   2.3167E+01      4.0883E+02      0.0000E+00      0.0000E+00      1.0751E+00      1.9892E+02   
   2.3342E+01      4.0971E+02      0.0000E+00      0.0000E+00      1.1243E+00      1.9888E+02   
   2.3517E+01      4.1058E+02      0.0000E+00      0.0000E+00      1.1753E+00      1.9882E+02   
   2.3692E+01      4.1146E+02      0.0000E+00      0.0000E+00      1.2282E+00      1.9877E+02   
   2.3867E+01      4.1233E+02      0.0000E+00      0.0000E+00      1.2830E+00      1.9872E+02   
   2.4042E+01      4.1321E+02      0.0000E+00      0.0000E+00      1.3399E+00      1.9866E+02   
   2.4217E+01      4.1408E+02      0.0000E+00      0.0000E+00      1.3987E+00      1.9860E+02   
   2.4392E+01      4.1496E+02      0.0000E+00      0.0000E+00      1.4597E+00      1.9854E+02   
   2.4567E+01      4.1583E+02      0.0000E+00      0.0000E+00      1.5227E+00      1.9848E+02   
   2.4742E+01      4.1671E+02      0.0000E+00      0.0000E+00      1.5879E+00      1.9841E+02   
   2.4917E+01      4.1758E+02      0.0000E+00      0.0000E+00      1.6553E+00      1.9834E+02   
   2.5092E+01      4.1846E+02      0.0000E+00      0.0000E+00      1.7249E+00      1.9828E+02   
   2.5267E+01      4.1933E+02      0.0000E+00      0.0000E+00      1.7967E+00      1.9820E+02   
   2.5442E+01      4.2021E+02      0.0000E+00      0.0000E+00      1.8709E+00      1.9813E+02   
   2.5617E+01      4.2108E+02      0.0000E+00      0.0000E+00      1.9473E+00      1.9805E+02   
   2.5792E+01      4.2196E+02      0.0000E+00      0.0000E+00      2.0261E+00      1.9797E+02   
   2.5967E+01      4.2283E+02      0.0000E+00      0.0000E+00      2.1073E+00      1.9789E+02   
   2.6142E+01      4.2371E+02      0.0000E+00      0.0000E+00      2.1908E+00      1.9781E+02   
   2.6317E+01      4.2458E+02      0.0000E+00      0.0000E+00      2.2768E+00      1.9772E+02   
   2.6492E+01      4.2546E+02      0.0000E+00      0.0000E+00      2.3652E+00      1.9763E+02   
   2.6667E+01      4.2633E+02      0.0000E+00      0.0000E+00      2.4561E+00      1.9754E+02   
   2.6842E+01      4.2721E+02      0.0000E+00      0.0000E+00      2.5495E+00      1.9745E+02   
   2.7017E+01      4.2808E+02      0.0000E+00      0.0000E+00      2.6453E+00      1.9735E+02   
   2.7192E+01      4.2896E+02      0.0000E+00      0.0000E+00      2.7437E+00      1.9726E+02   
   2.7367E+01      4.2983E+02      0.0000E+00      0.0000E+00      2.8446E+00      1.9716E+02   
   2.7542E+01      4.3071E+02      0.0000E+00      0.0000E+00      2.9481E+00      1.9705E+02   
   2.7717E+01      4.3158E+02      0.0000E+00      0.0000E+00      3.0541E+00      1.9695E+02   
   2.7892E+01      4.3246E+02      0.0000E+00      0.0000E+00      3.1627E+00      1.9684E+02   
   2.8067E+01      4.3333E+02      0.0000E+00      0.0000E+00      3.2738E+00      1.9673E+02   
   2.8242E+01      4.3421E+02      0.0000E+00      0.0000E+00      3.3874E+00      1.9661E+02   
   2.8417E+01      4.3508E+02      0.0000E+00      0.0000E+00      3.5037E+00      1.9650E+02   
   2.8592E+01      4.3596E+02      0.0000E+00      0.0000E+00      3.6225E+00      1.9638E+02   
   2.8767E+01      4.3683E+02      0.0000E+00      0.0000E+00      3.7438E+00      1.9626E+02   
   2.8942E+01      4.3771E+02      0.0000E+00      0.0000E+00      3.8678E+00      1.9613E+02   
   2.9117E+01      4.3858E+02      0.0000E+00      0.0000E+00      3.9942E+00      1.9601E+02   
   2.9292E+01      4.3946E+02      0.0000E+00      0.0000E+00      4.1232E+00      1.9588E+02   
   2.9467E+01      4.4033E+02      0.0000E+00      0.0000E+00      4.2548E+00      1.9575E+02   
   2.9642E+01      4.4121E+02      0.0000E+00      0.0000E+00      4.3889E+00      1.9561E+02   
   2.9817E+01      4.4208E+02      0.0000E+00      0.0000E+00      4.5255E+00      1.9547E+02   
   2.9985E+01      4.4292E+02      0.0000E+00      0.0000E+00      4.6592E+00      1.9534E+02   
   3.0158E+01      4.4379E+02      0.0000E+00      0.0000E+00      4.7992E+00      1.9520E+02   
   3.0327E+01      4.4463E+02      0.0000E+00      0.0000E+00      4.9385E+00      1.9506E+02   
   3.0501E+01      4.4550E+02      0.0000E+00      0.0000E+00      5.0843E+00      1.9492E+02   
   3.0671E+01      4.4635E+02      0.0000E+00      0.0000E+00      5.2288E+00      1.9477E+02   
   3.0846E+01      4.4723E+02      0.0000E+00      0.0000E+00      5.3801E+00      1.9462E+02   
   3.1015E+01      4.4808E+02      0.0000E+00      0.0000E+00      5.5294E+00      1.9447E+02   
   3.1190E+01      4.4895E+02      0.0000E+00      0.0000E+00      5.6855E+00      1.9431E+02   
   3.1360E+01      4.4980E+02      0.0000E+00      0.0000E+00      5.8390E+00      1.9416E+02   
   3.1534E+01      4.5067E+02      0.0000E+00      0.0000E+00      5.9993E+00      1.9400E+02   
   3.1702E+01      4.5151E+02      0.0000E+00      0.0000E+00      6.1561E+00      1.9384E+02   
   3.1875E+01      4.5238E+02      0.0000E+00      0.0000E+00      6.3197E+00      1.9368E+02   
   3.2053E+01      4.5327E+02      0.0000E+00      0.0000E+00      6.4904E+00      1.9351E+02   
   3.2224E+01      4.5412E+02      0.0000E+00      0.0000E+00      6.6567E+00      1.9334E+02   
   3.2400E+01      4.5500E+02      0.0000E+00      0.0000E+00      6.8301E+00      1.9317E+02   
   3.2568E+01      4.5584E+02      0.0000E+00      0.0000E+00      6.9978E+00      1.9300E+02   
   3.2740E+01      4.5670E+02      0.0000E+00      0.0000E+00      7.1725E+00      1.9283E+02   
   3.2918E+01      4.5759E+02      0.0000E+00      0.0000E+00      7.3545E+00      1.9265E+02   
   3.3086E+01      4.5843E+02      0.0000E+00      0.0000E+00      7.5295E+00      1.9247E+02   
   3.3259E+01      4.5930E+02      0.0000E+00      0.0000E+00      7.7115E+00      1.9229E+02   
   3.3437E+01      4.6019E+02      0.0000E+00      0.0000E+00      7.9011E+00      1.9210E+02   
   3.3605E+01      4.6102E+02      0.0000E+00      0.0000E+00      8.0819E+00      1.9192E+02   
   3.3777E+01      4.6189E+02      0.0000E+00      0.0000E+00      8.2699E+00      1.9173E+02   
   3.3954E+01      4.6277E+02      0.0000E+00      0.0000E+00      8.4654E+00      1.9153E+02   
   3.4137E+01      4.6368E+02      0.0000E+00      0.0000E+00      8.6691E+00      1.9133E+02   
   3.4307E+01      4.6453E+02      0.0000E+00      0.0000E+00      8.8617E+00      1.9114E+02   
   3.4482E+01      4.6541E+02      0.0000E+00      0.0000E+00      9.0619E+00      1.9094E+02   
   3.4662E+01      4.6631E+02      0.0000E+00      0.0000E+00      9.2701E+00      1.9073E+02   
   3.4847E+01      4.6723E+02      0.0000E+00      0.0000E+00      9.4870E+00      1.9051E+02   
   3.5018E+01      4.6809E+02      0.0000E+00      0.0000E+00      9.6899E+00      1.9031E+02   
   3.5194E+01      4.6897E+02      0.0000E+00      0.0000E+00      9.9007E+00      1.9010E+02   
   3.5374E+01      4.6987E+02      0.0000E+00      0.0000E+00      1.0120E+01      1.8988E+02   
   3.5560E+01      4.7080E+02      0.0000E+00      0.0000E+00      1.0348E+01      1.8965E+02   
   3.5730E+01      4.7165E+02      0.0000E+00      0.0000E+00      1.0559E+01      1.8944E+02   
   3.5904E+01      4.7252E+02      0.0000E+00      0.0000E+00      1.0778E+01      1.8922E+02   
   3.6083E+01      4.7341E+02      0.0000E+00      0.0000E+00      1.1005E+01      1.8900E+02   
   3.6267E+01      4.7433E+02      0.0000E+00      0.0000E+00      1.1241E+01      1.8876E+02   
   3.6456E+01      4.7528E+02      0.0000E+00      0.0000E+00      1.1487E+01      1.8851E+02   
   3.6626E+01      4.7613E+02      0.0000E+00      0.0000E+00      1.1710E+01      1.8829E+02   
   3.6800E+01      4.7700E+02      0.0000E+00      0.0000E+00      1.1942E+01      1.8806E+02   
   3.6979E+01      4.7789E+02      0.0000E+00      0.0000E+00      1.2183E+01      1.8782E+02   
   3.7163E+01      4.7881E+02      0.0000E+00      0.0000E+00      1.2433E+01      1.8757E+02   
   3.7352E+01      4.7976E+02      0.0000E+00      0.0000E+00      1.2693E+01      1.8731E+02   
   3.7546E+01      4.8073E+02      0.0000E+00      0.0000E+00      1.2964E+01      1.8704E+02   
   3.7717E+01      4.8159E+02      0.0000E+00      0.0000E+00      1.3206E+01      1.8679E+02   
   3.7893E+01      4.8246E+02      0.0000E+00      0.0000E+00      1.3456E+01      1.8654E+02   
   3.8073E+01      4.8337E+02      0.0000E+00      0.0000E+00      1.3716E+01      1.8628E+02   
   3.8258E+01      4.8429E+02      0.0000E+00      0.0000E+00      1.3986E+01      1.8601E+02   
   3.8448E+01      4.8524E+02      0.0000E+00      0.0000E+00      1.4266E+01      1.8573E+02   
   3.8644E+01      4.8622E+02      0.0000E+00      0.0000E+00      1.4558E+01      1.8544E+02   
   3.8811E+01      4.8705E+02      0.0000E+00      0.0000E+00      1.4811E+01      1.8519E+02   
   3.8982E+01      4.8791E+02      0.0000E+00      0.0000E+00      1.5073E+01      1.8493E+02   
   3.9157E+01      4.8879E+02      0.0000E+00      0.0000E+00      1.5344E+01      1.8466E+02   
   3.9338E+01      4.8969E+02      0.0000E+00      0.0000E+00      1.5625E+01      1.8437E+02   
   3.9522E+01      4.9061E+02      0.0000E+00      0.0000E+00      1.5917E+01      1.8408E+02   
   3.9712E+01      4.9156E+02      0.0000E+00      0.0000E+00      1.6220E+01      1.8378E+02   
   3.9907E+01      4.9253E+02      0.0000E+00      0.0000E+00      1.6536E+01      1.8346E+02   
   4.0107E+01      4.9354E+02      0.0000E+00      0.0000E+00      1.6864E+01      1.8314E+02   
   4.0313E+01      4.9457E+02      0.0000E+00      0.0000E+00      1.7206E+01      1.8279E+02   
   4.0482E+01      4.9541E+02      0.0000E+00      0.0000E+00      1.7490E+01      1.8251E+02   
   4.0656E+01      4.9628E+02      0.0000E+00      0.0000E+00      1.7785E+01      1.8222E+02   
   4.0833E+01      4.9717E+02      0.0000E+00      0.0000E+00      1.8089E+01      1.8191E+02   
   4.1015E+01      4.9808E+02      0.0000E+00      0.0000E+00      1.8405E+01      1.8159E+02   
   4.1202E+01      4.9901E+02      0.0000E+00      0.0000E+00      1.8733E+01      1.8127E+02   
   4.1393E+01      4.9997E+02      0.0000E+00      0.0000E+00      1.9074E+01      1.8093E+02   
   4.1590E+01      5.0095E+02      0.0000E+00      0.0000E+00      1.9427E+01      1.8057E+02   
   4.1792E+01      5.0196E+02      0.0000E+00      0.0000E+00      1.9795E+01      1.8020E+02   
   4.2000E+01      5.0300E+02      0.0000E+00      0.0000E+00      2.0178E+01      1.7982E+02   
   4.2214E+01      5.0407E+02      0.0000E+00      0.0000E+00      2.0578E+01      1.7942E+02   
   4.2434E+01      5.0517E+02      0.0000E+00      0.0000E+00      2.0995E+01      1.7901E+02   
   4.2603E+01      5.0602E+02      0.0000E+00      0.0000E+00      2.1319E+01      1.7868E+02   
   4.2776E+01      5.0688E+02      0.0000E+00      0.0000E+00      2.1655E+01      1.7835E+02   
   4.2954E+01      5.0777E+02      0.0000E+00      0.0000E+00      2.2002E+01      1.7800E+02   
   4.3135E+01      5.0868E+02      0.0000E+00      0.0000E+00      2.2361E+01      1.7764E+02   
   4.3321E+01      5.0961E+02      0.0000E+00      0.0000E+00      2.2734E+01      1.7727E+02   
   4.3512E+01      5.1056E+02      0.0000E+00      0.0000E+00      2.3120E+01      1.7688E+02   
   4.3708E+01      5.1154E+02      0.0000E+00      0.0000E+00      2.3521E+01      1.7648E+02   
   4.3908E+01      5.1254E+02      0.0000E+00      0.0000E+00      2.3937E+01      1.7606E+02   
   4.4115E+01      5.1357E+02      0.0000E+00      0.0000E+00      2.4370E+01      1.7563E+02   
   4.4326E+01      5.1463E+02      0.0000E+00      0.0000E+00      2.4820E+01      1.7518E+02   
   4.4544E+01      5.1572E+02      0.0000E+00      0.0000E+00      2.5289E+01      1.7471E+02   
   4.4768E+01      5.1684E+02      0.0000E+00      0.0000E+00      2.5777E+01      1.7422E+02   
   4.4999E+01      5.1799E+02      0.0000E+00      0.0000E+00      2.6287E+01      1.7371E+02   
   4.5236E+01      5.1918E+02      0.0000E+00      0.0000E+00      2.6820E+01      1.7318E+02   
   4.5481E+01      5.2041E+02      0.0000E+00      0.0000E+00      2.7378E+01      1.7262E+02   
   4.5649E+01      5.2124E+02      0.0000E+00      0.0000E+00      2.7764E+01      1.7224E+02   
   4.5820E+01      5.2210E+02      0.0000E+00      0.0000E+00      2.8162E+01      1.7184E+02   
   4.5995E+01      5.2298E+02      0.0000E+00      0.0000E+00      2.8573E+01      1.7143E+02   
   4.6174E+01      5.2387E+02      0.0000E+00      0.0000E+00      2.8998E+01      1.7100E+02   
   4.6357E+01      5.2479E+02      0.0000E+00      0.0000E+00      2.9437E+01      1.7056E+02   
   4.6544E+01      5.2572E+02      0.0000E+00      0.0000E+00      2.9891E+01      1.7011E+02   
   4.6736E+01      5.2668E+02      0.0000E+00      0.0000E+00      3.0361E+01      1.6964E+02   
   4.6932E+01      5.2766E+02      0.0000E+00      0.0000E+00      3.0848E+01      1.6915E+02   
   4.7134E+01      5.2867E+02      0.0000E+00      0.0000E+00      3.1353E+01      1.6865E+02   
   4.7340E+01      5.2970E+02      0.0000E+00      0.0000E+00      3.1876E+01      1.6812E+02   
   4.7551E+01      5.3076E+02      0.0000E+00      0.0000E+00      3.2420E+01      1.6758E+02   
   4.7769E+01      5.3184E+02      0.0000E+00      0.0000E+00      3.2984E+01      1.6702E+02   
   4.7992E+01      5.3296E+02      0.0000E+00      0.0000E+00      3.3572E+01      1.6643E+02   
   4.8221E+01      5.3410E+02      0.0000E+00      0.0000E+00      3.4183E+01      1.6582E+02   
   4.8457E+01      5.3528E+02      0.0000E+00      0.0000E+00      3.4820E+01      1.6518E+02   
   4.8699E+01      5.3650E+02      0.0000E+00      0.0000E+00      3.5484E+01      1.6452E+02   
   4.8949E+01      5.3774E+02      0.0000E+00      0.0000E+00      3.6178E+01      1.6382E+02   
   4.9206E+01      5.3903E+02      0.0000E+00      0.0000E+00      3.6903E+01      1.6310E+02   
   4.9471E+01      5.4036E+02      0.0000E+00      0.0000E+00      3.7662E+01      1.6234E+02   
   4.9745E+01      5.4173E+02      0.0000E+00      0.0000E+00      3.8456E+01      1.6154E+02   
   5.0027E+01      5.4313E+02      0.0000E+00      0.0000E+00      3.9269E+01      1.6073E+02   
   5.0303E+01      5.4452E+02      0.0000E+00      0.0000E+00      4.0073E+01      1.5993E+02   
   5.0573E+01      5.4587E+02      0.0000E+00      0.0000E+00      4.0868E+01      1.5913E+02   
   5.0837E+01      5.4718E+02      0.0000E+00      0.0000E+00      4.1656E+01      1.5834E+02   
   5.1094E+01      5.4847E+02      0.0000E+00      0.0000E+00      4.2436E+01      1.5756E+02   
   5.1346E+01      5.4973E+02      0.0000E+00      0.0000E+00      4.3209E+01      1.5679E+02   
   5.1592E+01      5.5096E+02      0.0000E+00      0.0000E+00      4.3975E+01      1.5603E+02   
   5.1833E+01      5.5217E+02      0.0000E+00      0.0000E+00      4.4733E+01      1.5527E+02   
   5.2069E+01      5.5335E+02      0.0000E+00      0.0000E+00      4.5486E+01      1.5451E+02   
   5.2300E+01      5.5450E+02      0.0000E+00      0.0000E+00      4.6231E+01      1.5377E+02   
   5.2527E+01      5.5563E+02      0.0000E+00      0.0000E+00      4.6971E+01      1.5303E+02   
   5.2749E+01      5.5675E+02      0.0000E+00      0.0000E+00      4.7705E+01      1.5230E+02   
   5.2967E+01      5.5784E+02      0.0000E+00      0.0000E+00      4.8432E+01      1.5157E+02   
   5.3181E+01      5.5891E+02      0.0000E+00      0.0000E+00      4.9155E+01      1.5085E+02   
   5.3391E+01      5.5996E+02      0.0000E+00      0.0000E+00      4.9871E+01      1.5013E+02   
   5.3598E+01      5.6099E+02      0.0000E+00      0.0000E+00      5.0583E+01      1.4942E+02   
   5.3800E+01      5.6200E+02      0.0000E+00      0.0000E+00      5.1289E+01      1.4871E+02   
   5.4000E+01      5.6300E+02      0.0000E+00      0.0000E+00      5.1990E+01      1.4801E+02   
   5.4196E+01      5.6398E+02      0.0000E+00      0.0000E+00      5.2686E+01      1.4731E+02   
   5.4389E+01      5.6494E+02      0.0000E+00      0.0000E+00      5.3378E+01      1.4662E+02   
   5.4579E+01      5.6589E+02      0.0000E+00      0.0000E+00      5.4064E+01      1.4594E+02   
   5.4765E+01      5.6683E+02      0.0000E+00      0.0000E+00      5.4747E+01      1.4525E+02   
   5.4949E+01      5.6775E+02      0.0000E+00      0.0000E+00      5.5424E+01      1.4458E+02   
   5.5131E+01      5.6865E+02      0.0000E+00      0.0000E+00      5.6098E+01      1.4390E+02   
   5.5309E+01      5.6955E+02      0.0000E+00      0.0000E+00      5.6767E+01      1.4323E+02   
   5.5485E+01      5.7043E+02      0.0000E+00      0.0000E+00      5.7433E+01      1.4257E+02   
   5.5659E+01      5.7129E+02      0.0000E+00      0.0000E+00      5.8094E+01      1.4191E+02   
   5.5829E+01      5.7215E+02      0.0000E+00      0.0000E+00      5.8751E+01      1.4125E+02   
   5.5998E+01      5.7299E+02      0.0000E+00      0.0000E+00      5.9404E+01      1.4060E+02   
   5.6247E+01      5.7423E+02      0.0000E+00      0.0000E+00      6.0378E+01      1.3962E+02   
   5.6490E+01      5.7545E+02      0.0000E+00      0.0000E+00      6.1342E+01      1.3866E+02   
   5.6730E+01      5.7665E+02      0.0000E+00      0.0000E+00      6.2300E+01      1.3770E+02   
   5.6964E+01      5.7782E+02      0.0000E+00      0.0000E+00      6.3249E+01      1.3675E+02   
   5.7194E+01      5.7897E+02      0.0000E+00      0.0000E+00      6.4191E+01      1.3581E+02   
   5.7420E+01      5.8010E+02      0.0000E+00      0.0000E+00      6.5125E+01      1.3487E+02   
   5.7642E+01      5.8121E+02      0.0000E+00      0.0000E+00      6.6053E+01      1.3395E+02   
   5.7860E+01      5.8230E+02      0.0000E+00      0.0000E+00      6.6974E+01      1.3303E+02   
   5.8075E+01      5.8337E+02      0.0000E+00      0.0000E+00      6.7888E+01      1.3211E+02   
   5.8286E+01      5.8443E+02      0.0000E+00      0.0000E+00      6.8796E+01      1.3120E+02   
   5.8493E+01      5.8547E+02      0.0000E+00      0.0000E+00      6.9697E+01      1.3030E+02   
   5.8697E+01      5.8649E+02      0.0000E+00      0.0000E+00      7.0592E+01      1.2941E+02   
   5.8898E+01      5.8749E+02      0.0000E+00      0.0000E+00      7.1481E+01      1.2852E+02   
   5.9096E+01      5.8848E+02      0.0000E+00      0.0000E+00      7.2365E+01      1.2764E+02   
   5.9291E+01      5.8946E+02      0.0000E+00      0.0000E+00      7.3242E+01      1.2676E+02   
   5.9483E+01      5.9042E+02      0.0000E+00      0.0000E+00      7.4115E+01      1.2589E+02   
   5.9673E+01      5.9136E+02      0.0000E+00      0.0000E+00      7.4981E+01      1.2502E+02   
   5.9859E+01      5.9230E+02      0.0000E+00      0.0000E+00      7.5843E+01      1.2416E+02   
   6.0043E+01      5.9321E+02      0.0000E+00      0.0000E+00      7.6699E+01      1.2330E+02   
   6.0224E+01      5.9412E+02      0.0000E+00      0.0000E+00      7.7550E+01      1.2245E+02   
   6.0403E+01      5.9502E+02      0.0000E+00      0.0000E+00      7.8396E+01      1.2160E+02   
   6.0580E+01      5.9590E+02      0.0000E+00      0.0000E+00      7.9238E+01      1.2076E+02   
   6.0754E+01      5.9677E+02      0.0000E+00      0.0000E+00      8.0074E+01      1.1993E+02   
   6.0926E+01      5.9763E+02      0.0000E+00      0.0000E+00      8.0906E+01      1.1909E+02   
   6.1096E+01      5.9848E+02      0.0000E+00      0.0000E+00      8.1734E+01      1.1827E+02   
   6.1263E+01      5.9932E+02      0.0000E+00      0.0000E+00      8.2556E+01      1.1744E+02   
   6.1484E+01      6.0042E+02      0.0000E+00      0.0000E+00      8.3647E+01      1.1635E+02   
   6.1701E+01      6.0150E+02      0.0000E+00      0.0000E+00      8.4730E+01      1.1527E+02   
   6.1914E+01      6.0257E+02      0.0000E+00      0.0000E+00      8.5805E+01      1.1419E+02   
   6.2124E+01      6.0362E+02      0.0000E+00      0.0000E+00      8.6874E+01      1.1313E+02   
   6.2331E+01      6.0465E+02      0.0000E+00      0.0000E+00      8.7935E+01      1.1207E+02   
   6.2535E+01      6.0567E+02      0.0000E+00      0.0000E+00      8.8989E+01      1.1101E+02   
   6.2735E+01      6.0668E+02      0.0000E+00      0.0000E+00      9.0037E+01      1.0996E+02   
   6.2933E+01      6.0767E+02      0.0000E+00      0.0000E+00      9.1078E+01      1.0892E+02   
   6.3128E+01      6.0864E+02      0.0000E+00      0.0000E+00      9.2113E+01      1.0789E+02   
   6.3321E+01      6.0960E+02      0.0000E+00      0.0000E+00      9.3142E+01      1.0686E+02   
   6.3511E+01      6.1055E+02      0.0000E+00      0.0000E+00      9.4164E+01      1.0584E+02   
   6.3698E+01      6.1149E+02      0.0000E+00      0.0000E+00      9.5181E+01      1.0482E+02   
   6.3883E+01      6.1241E+02      0.0000E+00      0.0000E+00      9.6192E+01      1.0381E+02   
   6.4065E+01      6.1332E+02      0.0000E+00      0.0000E+00      9.7197E+01      1.0280E+02   
   6.4245E+01      6.1422E+02      0.0000E+00      0.0000E+00      9.8196E+01      1.0180E+02   
   6.4423E+01      6.1511E+02      0.0000E+00      0.0000E+00      9.9190E+01      1.0081E+02   
   6.4598E+01      6.1599E+02      0.0000E+00      0.0000E+00      1.0018E+02      9.9821E+01   
   6.4772E+01      6.1686E+02      0.0000E+00      0.0000E+00      1.0116E+02      9.8838E+01   
   6.4943E+01      6.1771E+02      0.0000E+00      0.0000E+00      1.0214E+02      9.7860E+01   
   6.5112E+01      6.1856E+02      0.0000E+00      0.0000E+00      1.0311E+02      9.6887E+01   
   6.5280E+01      6.1940E+02      0.0000E+00      0.0000E+00      1.0408E+02      9.5919E+01   
   6.5486E+01      6.2043E+02      0.0000E+00      0.0000E+00      1.0528E+02      9.4716E+01   
   6.5689E+01      6.2145E+02      0.0000E+00      0.0000E+00      1.0648E+02      9.3520E+01   
   6.5890E+01      6.2245E+02      0.0000E+00      0.0000E+00      1.0767E+02      9.2331E+01   
   6.6088E+01      6.2344E+02      0.0000E+00      0.0000E+00      1.0885E+02      9.1150E+01   
   6.6283E+01      6.2442E+02      0.0000E+00      0.0000E+00      1.1002E+02      8.9975E+01   
   6.6476E+01      6.2538E+02      0.0000E+00      0.0000E+00      1.1119E+02      8.8808E+01   
   6.6666E+01      6.2633E+02      0.0000E+00      0.0000E+00      1.1235E+02      8.7647E+01   
   6.6854E+01      6.2727E+02      0.0000E+00      0.0000E+00      1.1351E+02      8.6492E+01   
   6.7039E+01      6.2820E+02      0.0000E+00      0.0000E+00      1.1466E+02      8.5344E+01   
   6.7222E+01      6.2911E+02      0.0000E+00      0.0000E+00      1.1580E+02      8.4203E+01   
   6.7403E+01      6.3002E+02      0.0000E+00      0.0000E+00      1.1693E+02      8.3067E+01   
   6.7582E+01      6.3091E+02      0.0000E+00      0.0000E+00      1.1806E+02      8.1937E+01   
   6.7759E+01      6.3179E+02      0.0000E+00      0.0000E+00      1.1919E+02      8.0814E+01   
   6.7933E+01      6.3267E+02      0.0000E+00      0.0000E+00      1.2030E+02      7.9696E+01   
   6.8106E+01      6.3353E+02      0.0000E+00      0.0000E+00      1.2142E+02      7.8584E+01   
   6.8276E+01      6.3438E+02      0.0000E+00      0.0000E+00      1.2252E+02      7.7477E+01   
   6.8445E+01      6.3522E+02      0.0000E+00      0.0000E+00      1.2362E+02      7.6376E+01   
   6.8611E+01      6.3606E+02      0.0000E+00      0.0000E+00      1.2472E+02      7.5280E+01   
   6.8809E+01      6.3705E+02      0.0000E+00      0.0000E+00      1.2603E+02      7.3972E+01   
   6.9004E+01      6.3802E+02      0.0000E+00      0.0000E+00      1.2733E+02      7.2671E+01   
   6.9197E+01      6.3898E+02      0.0000E+00      0.0000E+00      1.2862E+02      7.1378E+01   
   6.9387E+01      6.3994E+02      0.0000E+00      0.0000E+00      1.2991E+02      7.0092E+01   
   6.9575E+01      6.4088E+02      0.0000E+00      0.0000E+00      1.3119E+02      6.8813E+01   
   6.9761E+01      6.4180E+02      0.0000E+00      0.0000E+00      1.3246E+02      6.7541E+01   
   6.9944E+01      6.4272E+02      0.0000E+00      0.0000E+00      1.3372E+02      6.6275E+01   
   7.0126E+01      6.4363E+02      0.0000E+00      0.0000E+00      1.3498E+02      6.5017E+01   
   7.0305E+01      6.4452E+02      0.0000E+00      0.0000E+00      1.3624E+02      6.3764E+01   
   7.0482E+01      6.4541E+02      0.0000E+00      0.0000E+00      1.3748E+02      6.2518E+01   
   7.0657E+01      6.4629E+02      0.0000E+00      0.0000E+00      1.3872E+02      6.1278E+01   
   7.0831E+01      6.4715E+02      0.0000E+00      0.0000E+00      1.3996E+02      6.0045E+01   
   7.1002E+01      6.4801E+02      0.0000E+00      0.0000E+00      1.4118E+02      5.8817E+01   
   7.1172E+01      6.4886E+02      0.0000E+00      0.0000E+00      1.4240E+02      5.7595E+01   
   7.1339E+01      6.4970E+02      0.0000E+00      0.0000E+00      1.4362E+02      5.6380E+01   
   7.1533E+01      6.5066E+02      0.0000E+00      0.0000E+00      1.4503E+02      5.4968E+01   
   7.1724E+01      6.5162E+02      0.0000E+00      0.0000E+00      1.4644E+02      5.3565E+01   
   7.1913E+01      6.5256E+02      0.0000E+00      0.0000E+00      1.4783E+02      5.2168E+01   
   7.2099E+01      6.5350E+02      0.0000E+00      0.0000E+00      1.4922E+02      5.0779E+01   
   7.2284E+01      6.5442E+02      0.0000E+00      0.0000E+00      1.5060E+02      4.9398E+01   
   7.2466E+01      6.5533E+02      0.0000E+00      0.0000E+00      1.5198E+02      4.8023E+01   
   7.2646E+01      6.5623E+02      0.0000E+00      0.0000E+00      1.5334E+02      4.6655E+01   
   7.2825E+01      6.5712E+02      0.0000E+00      0.0000E+00      1.5471E+02      4.5295E+01   
   7.3001E+01      6.5801E+02      0.0000E+00      0.0000E+00      1.5606E+02      4.3940E+01   
   7.3176E+01      6.5888E+02      0.0000E+00      0.0000E+00      1.5741E+02      4.2593E+01   
   7.3348E+01      6.5974E+02      0.0000E+00      0.0000E+00      1.5875E+02      4.1251E+01   
   7.3519E+01      6.6060E+02      0.0000E+00      0.0000E+00      1.6008E+02      3.9917E+01   
   7.3688E+01      6.6144E+02      0.0000E+00      0.0000E+00      1.6141E+02      3.8588E+01   
   7.3855E+01      6.6228E+02      0.0000E+00      0.0000E+00      1.6273E+02      3.7266E+01   
   7.4045E+01      6.6322E+02      0.0000E+00      0.0000E+00      1.6424E+02      3.5761E+01   
   7.4232E+01      6.6416E+02      0.0000E+00      0.0000E+00      1.6573E+02      3.4265E+01   
   7.4417E+01      6.6508E+02      0.0000E+00      0.0000E+00      1.6722E+02      3.2776E+01   
   7.4599E+01      6.6600E+02      0.0000E+00      0.0000E+00      1.6870E+02      3.1295E+01   
   7.4780E+01      6.6690E+02      0.0000E+00      0.0000E+00      1.7018E+02      2.9821E+01   
   7.4959E+01      6.6780E+02      0.0000E+00      0.0000E+00      1.7165E+02      2.8354E+01   
   7.5136E+01      6.6868E+02      0.0000E+00      0.0000E+00      1.7311E+02      2.6895E+01   
   7.5312E+01      6.6956E+02      0.0000E+00      0.0000E+00      1.7456E+02      2.5442E+01   
   7.5485E+01      6.7042E+02      0.0000E+00      0.0000E+00      1.7600E+02      2.3996E+01   
   7.5657E+01      6.7128E+02      0.0000E+00      0.0000E+00      1.7744E+02      2.2557E+01   
   7.5826E+01      6.7213E+02      0.0000E+00      0.0000E+00      1.7888E+02      2.1124E+01   
   7.5995E+01      6.7297E+02      0.0000E+00      0.0000E+00      1.8030E+02      1.9698E+01   
   7.6182E+01      6.7391E+02      0.0000E+00      0.0000E+00      1.8190E+02      1.8101E+01   
   7.6367E+01      6.7484E+02      0.0000E+00      0.0000E+00      1.8349E+02      1.6512E+01   
   7.6550E+01      6.7575E+02      0.0000E+00      0.0000E+00      1.8507E+02      1.4931E+01   
   7.6732E+01      6.7666E+02      0.0000E+00      0.0000E+00      1.8664E+02      1.3357E+01   
   7.6911E+01      6.7755E+02      0.0000E+00      0.0000E+00      1.8821E+02      1.1791E+01   
   7.7088E+01      6.7844E+02      0.0000E+00      0.0000E+00      1.8977E+02      1.0233E+01   
   7.7264E+01      6.7932E+02      0.0000E+00      0.0000E+00      1.9132E+02      8.6816E+00   
   7.7438E+01      6.8019E+02      0.0000E+00      0.0000E+00      1.9286E+02      7.1375E+00   
   7.7610E+01      6.8105E+02      0.0000E+00      0.0000E+00      1.9440E+02      5.6004E+00   
   7.7781E+01      6.8190E+02      0.0000E+00      0.0000E+00      1.9593E+02      4.0702E+00   
   7.7950E+01      6.8275E+02      0.0000E+00      0.0000E+00      1.9745E+02      2.5468E+00   
   7.8117E+01      6.8358E+02      0.0000E+00      0.0000E+00      1.9897E+02      1.0302E+00   
   7.8284E+01      6.8442E+02      0.0000E+00      0.0000E+00      2.0001E+02     -7.6903E-03   
   7.8452E+01      6.8526E+02      0.0000E+00      0.0000E+00      2.0001E+02     -7.6903E-03   
   7.8621E+01      6.8610E+02      0.0000E+00      0.0000E+00      2.0001E+02     -7.6903E-03   
   7.8789E+01      6.8694E+02      0.0000E+00      0.0000E+00      2.0001E+02     -7.6903E-03   
   7.8957E+01      6.8779E+02      0.0000E+00      0.0000E+00      2.0001E+02     -7.6903E-03   
   7.9125E+01      6.8863E+02      0.0000E+00      0.0000E+00      2.0001E+02     -7.6903E-03   
   7.9294E+01      6.8947E+02      0.0000E+00      0.0000E+00      2.0001E+02     -7.6903E-03   
   7.9462E+01      6.9031E+02      0.0000E+00      0.0000E+00      2.0001E+02     -7.6903E-03   
   7.9630E+01      6.9115E+02      0.0000E+00      0.0000E+00      2.0001E+02     -7.6903E-03   
   7.9798E+01      6.9199E+02      0.0000E+00      0.0000E+00      2.0001E+02     -7.6903E-03   
   7.9966E+01      6.9283E+02      0.0000E+00      0.0000E+00      2.0001E+02     -7.6903E-03   
   8.0135E+01      6.9367E+02      0.0000E+00      0.0000E+00      2.0001E+02     -7.6903E-03   
   8.0303E+01      6.9451E+02      0.0000E+00      0.0000E+00      2.0001E+02     -7.6903E-03   
   8.0471E+01      6.9536E+02      0.0000E+00      0.0000E+00      2.0001E+02     -7.6903E-03   
   8.0639E+01      6.9620E+02      0.0000E+00      0.0000E+00      2.0001E+02     -7.6903E-03   
   8.0808E+01      6.9704E+02      0.0000E+00      0.0000E+00      2.0001E+02     -7.6903E-03   
   8.0976E+01      6.9788E+02      0.0000E+00      0.0000E+00      2.0001E+02     -7.6903E-03   
   8.1144E+01      6.9872E+02      0.0000E+00      0.0000E+00      2.0001E+02     -7.6903E-03   
   8.1312E+01      6.9956E+02      0.0000E+00      0.0000E+00      2.0001E+02     -7.6903E-03   
   8.1481E+01      7.0040E+02      0.0000E+00      0.0000E+00      2.0001E+02     -7.6903E-03   
   8.1649E+01      7.0124E+02      0.0000E+00      0.0000E+00      2.0001E+02     -7.6903E-03   
   8.1817E+01      7.0208E+02      0.0000E+00      0.0000E+00      2.0001E+02     -7.6903E-03   
   8.1985E+01      7.0293E+02      0.0000E+00      0.0000E+00      2.0001E+02     -7.6903E-03   
   8.2153E+01      7.0377E+02      0.0000E+00      0.0000E+00      2.0001E+02     -7.6903E-03   
   8.2322E+01      7.0461E+02      0.0000E+00      0.0000E+00      2.0001E+02     -7.6903E-03   
   8.2490E+01      7.0545E+02      0.0000E+00      0.0000E+00      2.0001E+02     -7.6903E-03   
   8.2658E+01      7.0629E+02      0.0000E+00      0.0000E+00      2.0001E+02     -7.6903E-03   
   8.2826E+01      7.0713E+02      0.0000E+00      0.0000E+00      2.0001E+02     -7.6903E-03   
   8.2995E+01      7.0797E+02      0.0000E+00      0.0000E+00      2.0001E+02     -7.6903E-03   
   8.3163E+01      7.0881E+02      0.0000E+00      0.0000E+00      2.0001E+02     -7.6903E-03   
   8.3331E+01      7.0966E+02      0.0000E+00      0.0000E+00      2.0001E+02     -7.6903E-03   
   8.3499E+01      7.1050E+02      0.0000E+00      0.0000E+00      2.0001E+02     -7.6903E-03   
   8.3668E+01      7.1134E+02      0.0000E+00      0.0000E+00      2.0001E+02     -7.6903E-03   
   8.3836E+01      7.1218E+02      0.0000E+00      0.0000E+00      2.0001E+02     -7.6903E-03   
   8.4004E+01      7.1302E+02      0.0000E+00      0.0000E+00      2.0001E+02     -7.6903E-03   
   8.4172E+01      7.1386E+02      0.0000E+00      0.0000E+00      2.0001E+02     -7.6903E-03   
   8.4341E+01      7.1470E+02      0.0000E+00      0.0000E+00      2.0001E+02     -7.6903E-03   
   8.4509E+01      7.1554E+02      0.0000E+00      0.0000E+00      2.0001E+02     -7.6903E-03   
   8.4677E+01      7.1639E+02      0.0000E+00      0.0000E+00      2.0001E+02     -7.6903E-03   
   8.4845E+01      7.1723E+02      0.0000E+00      0.0000E+00      2.0001E+02     -7.6903E-03   
   8.5014E+01      7.1807E+02      0.0000E+00      0.0000E+00      2.0001E+02     -7.6903E-03   
   8.5182E+01      7.1891E+02      0.0000E+00      0.0000E+00      2.0001E+02     -7.6903E-03   
   8.5350E+01      7.1975E+02      0.0000E+00      0.0000E+00      2.0001E+02     -7.6903E-03   
   8.5519E+01      7.2059E+02      0.0000E+00      0.0000E+00      2.0001E+02     -7.6903E-03   
   8.5687E+01      7.2143E+02      0.0000E+00      0.0000E+00      2.0001E+02     -7.6903E-03   
   8.5855E+01      7.2228E+02      0.0000E+00      0.0000E+00      2.0001E+02     -7.6903E-03   
   8.6023E+01      7.2300E+02      0.0000E+00      0.0000E+00      2.0001E+02     -7.6903E-03   
   8.6192E+01      7.2300E+02      0.0000E+00      0.0000E+00      2.0001E+02     -7.6903E-03   
   8.6360E+01      7.2300E+02      0.0000E+00      0.0000E+00      2.0001E+02     -7.6903E-03   
   8.6528E+01      7.2300E+02      0.0000E+00      0.0000E+00      2.0001E+02     -7.6903E-03   
   8.6696E+01      7.2300E+02      0.0000E+00      0.0000E+00      2.0001E+02     -7.6903E-03   
   8.6865E+01      7.2300E+02      0.0000E+00      0.0000E+00      2.0001E+02     -7.6903E-03   
   8.7033E+01      7.2300E+02      0.0000E+00      0.0000E+00      2.0001E+02     -7.6903E-03   
   8.7201E+01      7.2300E+02      0.0000E+00      0.0000E+00      2.0001E+02     -7.6903E-03   
   8.7369E+01      7.2300E+02      0.0000E+00      0.0000E+00      2.0001E+02     -7.6903E-03   
   8.7538E+01      7.2300E+02      0.0000E+00      0.0000E+00      2.0001E+02     -7.6903E-03   
   8.7706E+01      7.2300E+02      0.0000E+00      0.0000E+00      2.0001E+02     -7.6903E-03   
   8.7874E+01      7.2300E+02      0.0000E+00      0.0000E+00      2.0001E+02     -7.6903E-03   
   8.8043E+01      7.2300E+02      0.0000E+00      0.0000E+00      2.0001E+02     -7.6903E-03   
   8.8211E+01      7.2300E+02      0.0000E+00      0.0000E+00      2.0001E+02     -7.6903E-03   
   8.8379E+01      7.2300E+02      0.0000E+00      0.0000E+00      2.0001E+02     -7.6903E-03   
   8.8547E+01      7.2300E+02      0.0000E+00      0.0000E+00      2.0001E+02     -7.6903E-03   
   8.8716E+01      7.2300E+02      0.0000E+00      0.0000E+00      2.0001E+02     -7.6903E-03   
   8.8884E+01      7.2300E+02      0.0000E+00      0.0000E+00      2.0001E+02     -7.6903E-03   
   8.9052E+01      7.2300E+02      0.0000E+00      0.0000E+00      2.0001E+02     -7.6903E-03   
   8.9220E+01      7.2300E+02      0.0000E+00      0.0000E+00      2.0001E+02     -7.6903E-03   
   8.9389E+01      7.2300E+02      0.0000E+00      0.0000E+00      2.0001E+02     -7.6903E-03   
   8.9557E+01      7.2300E+02      0.0000E+00      0.0000E+00      2.0001E+02     -7.6903E-03   
   8.9725E+01      7.2300E+02      0.0000E+00      0.0000E+00      2.0001E+02     -7.6903E-03   
   8.9893E+01      7.2300E+02      0.0000E+00      0.0000E+00      2.0001E+02     -7.6903E-03   
   9.0062E+01      7.2300E+02      0.0000E+00      0.0000E+00      2.0001E+02     -7.6903E-03   
   9.0230E+01      7.2300E+02      0.0000E+00      0.0000E+00      2.0001E+02     -7.6903E-03   
   9.0398E+01      7.2300E+02      0.0000E+00      0.0000E+00      2.0001E+02     -7.6903E-03   
   9.0566E+01      7.2300E+02      0.0000E+00      0.0000E+00      2.0001E+02     -7.6903E-03   
   9.0735E+01      7.2300E+02      0.0000E+00      0.0000E+00      2.0001E+02     -7.6903E-03   
   9.0903E+01      7.2300E+02      0.0000E+00      0.0000E+00      2.0001E+02     -7.6903E-03   
   9.1071E+01      7.2300E+02      0.0000E+00      0.0000E+00      2.0001E+02     -7.6903E-03   
   9.1240E+01      7.2300E+02      0.0000E+00      0.0000E+00      2.0001E+02     -7.6903E-03   
   9.1408E+01      7.2300E+02      0.0000E+00      0.0000E+00      2.0001E+02     -7.6903E-03   
   9.1576E+01      7.2300E+02      0.0000E+00      0.0000E+00      2.0001E+02     -7.6903E-03   
   9.1744E+01      7.2300E+02      0.0000E+00      0.0000E+00      2.0001E+02     -7.6903E-03   
   9.1913E+01      7.2300E+02      0.0000E+00      0.0000E+00      2.0001E+02     -7.6903E-03   
   9.2081E+01      7.2300E+02      0.0000E+00      0.0000E+00      2.0001E+02     -7.6903E-03   
   9.2249E+01      7.2300E+02      0.0000E+00      0.0000E+00      2.0001E+02     -7.6903E-03   
   9.2417E+01      7.2300E+02      0.0000E+00      0.0000E+00      2.0001E+02     -7.6903E-03   
   9.2586E+01      7.2300E+02      0.0000E+00      0.0000E+00      2.0001E+02     -7.6903E-03   
   9.2754E+01      7.2300E+02      0.0000E+00      0.0000E+00      2.0001E+02     -7.6903E-03   
   9.2922E+01      7.2300E+02      0.0000E+00      0.0000E+00      2.0001E+02     -7.6903E-03   
   9.3090E+01      7.2300E+02      0.0000E+00      0.0000E+00      2.0001E+02     -7.6903E-03   
   9.3259E+01      7.2300E+02      0.0000E+00      0.0000E+00      2.0001E+02     -7.6903E-03   
   9.3427E+01      7.2300E+02      0.0000E+00      0.0000E+00      2.0001E+02     -7.6903E-03   
   9.3595E+01      7.2300E+02      0.0000E+00      0.0000E+00      2.0001E+02     -7.6903E-03   
   9.3764E+01      7.2300E+02      0.0000E+00      0.0000E+00      2.0001E+02     -7.6903E-03   
   9.3932E+01      7.2300E+02      0.0000E+00      0.0000E+00      2.0001E+02     -7.6903E-03   
   9.4100E+01      7.2300E+02      0.0000E+00      0.0000E+00      2.0001E+02     -7.6903E-03   
   9.4268E+01      7.2300E+02      0.0000E+00      0.0000E+00      2.0001E+02     -7.6903E-03   
   9.4437E+01      7.2300E+02      0.0000E+00      0.0000E+00      2.0001E+02     -7.6903E-03   
   9.4605E+01      7.2300E+02      0.0000E+00      0.0000E+00      2.0001E+02     -7.6903E-03   
   9.4773E+01      7.2300E+02      0.0000E+00      0.0000E+00      2.0001E+02     -7.6903E-03   
   9.4941E+01      7.2300E+02      0.0000E+00      0.0000E+00      2.0001E+02     -7.6903E-03   
   9.5110E+01      7.2300E+02      0.0000E+00      0.0000E+00      2.0001E+02     -7.6903E-03   
   9.5278E+01      7.2300E+02      0.0000E+00      0.0000E+00      2.0001E+02     -7.6903E-03   
   9.5446E+01      7.2300E+02      0.0000E+00      0.0000E+00      2.0001E+02     -7.6903E-03   
   9.5614E+01      7.2300E+02      0.0000E+00      0.0000E+00      2.0001E+02     -7.6903E-03   
   9.5783E+01      7.2300E+02      0.0000E+00      0.0000E+00      2.0001E+02     -7.6903E-03   
   9.5951E+01      7.2300E+02      0.0000E+00      0.0000E+00      2.0001E+02     -7.6903E-03   
   9.6119E+01      7.2240E+02      0.0000E+00      0.0000E+00      2.0001E+02     -7.6903E-03   
   9.6288E+01      7.2156E+02      0.0000E+00      0.0000E+00      2.0001E+02     -7.6903E-03   
   9.6456E+01      7.2072E+02      0.0000E+00      0.0000E+00      2.0001E+02     -7.6903E-03   
   9.6624E+01      7.1988E+02      0.0000E+00      0.0000E+00      2.0001E+02     -7.6903E-03   
   9.6792E+01      7.1904E+02      0.0000E+00      0.0000E+00      2.0001E+02     -7.6903E-03   
   9.6961E+01      7.1820E+02      0.0000E+00      0.0000E+00      2.0001E+02     -7.6903E-03   
   9.7129E+01      7.1736E+02      0.0000E+00      0.0000E+00      2.0001E+02     -7.6903E-03   
   9.7297E+01      7.1651E+02      0.0000E+00      0.0000E+00      2.0001E+02     -7.6903E-03   
   9.7465E+01      7.1567E+02      0.0000E+00      0.0000E+00      2.0001E+02     -7.6903E-03   
   9.7634E+01      7.1483E+02      0.0000E+00      0.0000E+00      2.0001E+02     -7.6903E-03   
   9.7802E+01      7.1399E+02      0.0000E+00      0.0000E+00      2.0001E+02     -7.6903E-03   
   9.7970E+01      7.1315E+02      0.0000E+00      0.0000E+00      2.0001E+02     -7.6903E-03   
   9.8138E+01      7.1231E+02      0.0000E+00      0.0000E+00      2.0001E+02     -7.6903E-03   
   9.8307E+01      7.1147E+02      0.0000E+00      0.0000E+00      2.0001E+02     -7.6903E-03   
   9.8475E+01      7.1063E+02      0.0000E+00      0.0000E+00      2.0001E+02     -7.6903E-03   
   9.8643E+01      7.0978E+02      0.0000E+00      0.0000E+00      2.0001E+02     -7.6903E-03   
   9.8811E+01      7.0894E+02      0.0000E+00      0.0000E+00      2.0001E+02     -7.6903E-03   
   9.8980E+01      7.0810E+02      0.0000E+00      0.0000E+00      2.0001E+02     -7.6903E-03   
   9.9148E+01      7.0726E+02      0.0000E+00      0.0000E+00      2.0001E+02     -7.6903E-03   
   9.9316E+01      7.0642E+02      0.0000E+00      0.0000E+00      2.0001E+02     -7.6903E-03   
   9.9484E+01      7.0558E+02      0.0000E+00      0.0000E+00      2.0001E+02     -7.6903E-03   
   9.9653E+01      7.0474E+02      0.0000E+00      0.0000E+00      2.0001E+02     -7.6903E-03   
   9.9821E+01      7.0390E+02      0.0000E+00      0.0000E+00      2.0001E+02     -7.6903E-03   
   9.9989E+01      7.0305E+02      0.0000E+00      0.0000E+00      2.0001E+02     -7.6903E-03   
   1.0016E+02      7.0221E+02      0.0000E+00      0.0000E+00      2.0001E+02     -7.6903E-03   
   1.0033E+02      7.0137E+02      0.0000E+00      0.0000E+00      2.0001E+02     -7.6903E-03   
   1.0049E+02      7.0053E+02      0.0000E+00      0.0000E+00      2.0001E+02     -7.6903E-03   
   1.0066E+02      6.9969E+02      0.0000E+00      0.0000E+00      2.0001E+02     -7.6903E-03   
   1.0083E+02      6.9885E+02      0.0000E+00      0.0000E+00      2.0001E+02     -7.6903E-03   
   1.0100E+02      6.9801E+02      0.0000E+00      0.0000E+00      2.0001E+02     -7.6903E-03   
   1.0117E+02      6.9717E+02      0.0000E+00      0.0000E+00      2.0001E+02     -7.6903E-03   
   1.0133E+02      6.9633E+02      0.0000E+00      0.0000E+00      2.0001E+02     -7.6903E-03   
   1.0150E+02      6.9548E+02      0.0000E+00      0.0000E+00      2.0001E+02     -7.6903E-03   
   1.0167E+02      6.9464E+02      0.0000E+00      0.0000E+00      2.0001E+02     -7.6903E-03   
   1.0184E+02      6.9380E+02      0.0000E+00      0.0000E+00      2.0001E+02     -7.6903E-03   
   1.0201E+02      6.9296E+02      0.0000E+00      0.0000E+00      2.0001E+02     -7.6903E-03   
   1.0218E+02      6.9212E+02      0.0000E+00      0.0000E+00      2.0001E+02     -7.6903E-03   
   1.0234E+02      6.9128E+02      0.0000E+00      0.0000E+00      2.0001E+02     -7.6903E-03   
   1.0251E+02      6.9044E+02      0.0000E+00      0.0000E+00      2.0001E+02     -7.6903E-03   
   1.0268E+02      6.8960E+02      0.0000E+00      0.0000E+00      2.0001E+02     -7.6903E-03   
   1.0285E+02      6.8876E+02      0.0000E+00      0.0000E+00      2.0001E+02     -7.6903E-03   
   1.0302E+02      6.8791E+02      0.0000E+00      0.0000E+00      2.0001E+02     -7.6903E-03   
   1.0319E+02      6.8707E+02      0.0000E+00      0.0000E+00      2.0001E+02     -7.6903E-03   
   1.0335E+02      6.8623E+02      0.0000E+00      0.0000E+00      2.0001E+02     -7.6903E-03   
   1.0352E+02      6.8539E+02      0.0000E+00      0.0000E+00      2.0001E+02     -7.6903E-03   
   1.0369E+02      6.8455E+02      0.0000E+00      0.0000E+00      2.0001E+02     -7.6903E-03   
   1.0386E+02      6.8368E+02      0.0000E+00      0.0000E+00      2.0001E+02     -7.6903E-03   
   1.0403E+02      6.8285E+02      0.0000E+00      0.0000E+00      2.0001E+02     -7.6903E-03   
   1.0420E+02      6.8200E+02      0.0000E+00      0.0000E+00      2.0001E+02     -7.6903E-03   
   1.0437E+02      6.8115E+02      0.0000E+00      0.0000E+00      2.0001E+02     -7.6903E-03   
   1.0454E+02      6.8029E+02      0.0000E+00      0.0000E+00      2.0001E+02     -7.6903E-03   
   1.0471E+02      6.7943E+02      0.0000E+00      0.0000E+00      2.0001E+02     -7.6903E-03   
   1.0489E+02      6.7855E+02      0.0000E+00      0.0000E+00      2.0001E+02     -7.6903E-03   
   1.0507E+02      6.7767E+02      0.0000E+00      0.0000E+00      2.0001E+02     -7.6903E-03   
   1.0525E+02      6.7677E+02      0.0000E+00      0.0000E+00      2.0001E+02     -7.6903E-03   
   1.0543E+02      6.7587E+02      0.0000E+00      0.0000E+00      2.0001E+02     -7.6903E-03   
   1.0561E+02      6.7495E+02      0.0000E+00      0.0000E+00      2.0001E+02     -7.6903E-03   
   1.0579E+02      6.7403E+02      0.0000E+00      0.0000E+00      2.0001E+02     -7.6903E-03   
   1.0598E+02      6.7310E+02      0.0000E+00      0.0000E+00      2.0001E+02     -7.6903E-03   
   1.0615E+02      6.7226E+02      0.0000E+00      0.0000E+00      2.0001E+02     -7.6903E-03   
   1.0632E+02      6.7141E+02      0.0000E+00      0.0000E+00      2.0001E+02     -7.6903E-03   
   1.0649E+02      6.7055E+02      0.0000E+00      0.0000E+00      2.0001E+02     -7.6903E-03   
   1.0666E+02      6.6969E+02      0.0000E+00      0.0000E+00      2.0001E+02     -7.6903E-03   
   1.0684E+02      6.6882E+02      0.0000E+00      0.0000E+00      2.0001E+02     -7.6903E-03   
   1.0701E+02      6.6793E+02      0.0000E+00      0.0000E+00      2.0001E+02     -7.6903E-03   
   1.0719E+02      6.6704E+02      0.0000E+00      0.0000E+00      2.0001E+02     -7.6903E-03   
   1.0737E+02      6.6614E+02      0.0000E+00      0.0000E+00      2.0001E+02     -7.6903E-03   
   1.0755E+02      6.6523E+02      0.0000E+00      0.0000E+00      2.0001E+02     -7.6903E-03   
   1.0774E+02      6.6431E+02      0.0000E+00      0.0000E+00      2.0001E+02     -7.6903E-03   
   1.0793E+02      6.6337E+02      0.0000E+00      0.0000E+00      2.0001E+02     -7.6903E-03   
   1.0811E+02      6.6243E+02      0.0000E+00      0.0000E+00      2.0001E+02     -7.6903E-03   
   1.0828E+02      6.6160E+02      0.0000E+00      0.0000E+00      2.0001E+02     -7.6903E-03   
   1.0845E+02      6.6076E+02      0.0000E+00      0.0000E+00      2.0001E+02     -7.6903E-03   
   1.0862E+02      6.5990E+02      0.0000E+00      0.0000E+00      2.0001E+02     -7.6903E-03   
   1.0879E+02      6.5904E+02      0.0000E+00      0.0000E+00      2.0001E+02     -7.6903E-03   
   1.0897E+02      6.5817E+02      0.0000E+00      0.0000E+00      2.0001E+02     -7.6903E-03   
   1.0914E+02      6.5730E+02      0.0000E+00      0.0000E+00      2.0001E+02     -7.6903E-03   
   1.0932E+02      6.5641E+02      0.0000E+00      0.0000E+00      2.0001E+02     -7.6903E-03   
   1.0950E+02      6.5551E+02      0.0000E+00      0.0000E+00      2.0001E+02     -7.6903E-03   
   1.0968E+02      6.5460E+02      0.0000E+00      0.0000E+00      2.0001E+02     -7.6903E-03   
   1.0986E+02      6.5368E+02      0.0000E+00      0.0000E+00      2.0001E+02     -7.6903E-03   
   1.1005E+02      6.5275E+02      0.0000E+00      0.0000E+00      2.0001E+02     -7.6903E-03   
   1.1024E+02      6.5181E+02      0.0000E+00      0.0000E+00      2.0001E+02     -7.6903E-03   
   1.1043E+02      6.5086E+02      0.0000E+00      0.0000E+00      2.0001E+02     -7.6903E-03   
   1.1062E+02      6.4990E+02      0.0000E+00      0.0000E+00      2.0001E+02     -7.6903E-03   
   1.1079E+02      6.4906E+02      0.0000E+00      0.0000E+00      2.0001E+02     -7.6903E-03   
   1.1096E+02      6.4822E+02      0.0000E+00      0.0000E+00      2.0001E+02     -7.6903E-03   
   1.1113E+02      6.4737E+02      0.0000E+00      0.0000E+00      2.0001E+02     -7.6903E-03   
   1.1130E+02      6.4650E+02      0.0000E+00      0.0000E+00      2.0001E+02     -7.6903E-03   
   1.1147E+02      6.4563E+02      0.0000E+00      0.0000E+00      2.0001E+02     -7.6903E-03   
   1.1165E+02      6.4475E+02      0.0000E+00      0.0000E+00      2.0001E+02     -7.6903E-03   
   1.1183E+02      6.4386E+02      0.0000E+00      0.0000E+00      2.0001E+02     -7.6903E-03   
   1.1201E+02      6.4296E+02      0.0000E+00      0.0000E+00      2.0001E+02     -7.6903E-03   
   1.1219E+02      6.4204E+02      0.0000E+00      0.0000E+00      2.0001E+02     -7.6903E-03   
   1.1238E+02      6.4112E+02      0.0000E+00      0.0000E+00      2.0001E+02     -7.6903E-03   
   1.1256E+02      6.4018E+02      0.0000E+00      0.0000E+00      2.0001E+02     -7.6903E-03   
   1.1275E+02      6.3924E+02      0.0000E+00      0.0000E+00      2.0001E+02     -7.6903E-03   
   1.1294E+02      6.3828E+02      0.0000E+00      0.0000E+00      2.0001E+02     -7.6903E-03   
   1.1314E+02      6.3731E+02      0.0000E+00      0.0000E+00      2.0001E+02     -7.6903E-03   
   1.1333E+02      6.3633E+02      0.0000E+00      0.0000E+00      2.0001E+02     -7.6903E-03   
   1.1353E+02      6.3533E+02      0.0000E+00      0.0000E+00      2.0001E+02     -7.6903E-03   
   1.1370E+02      6.3449E+02      0.0000E+00      0.0000E+00      2.0001E+02     -7.6903E-03   
   1.1387E+02      6.3364E+02      0.0000E+00      0.0000E+00      2.0001E+02     -7.6903E-03   
   1.1404E+02      6.3278E+02      0.0000E+00      0.0000E+00      2.0001E+02     -7.6903E-03   
   1.1422E+02      6.3191E+02      0.0000E+00      0.0000E+00      2.0001E+02     -7.6903E-03   
   1.1439E+02      6.3103E+02      0.0000E+00      0.0000E+00      2.0001E+02     -7.6903E-03   
   1.1457E+02      6.3014E+02      0.0000E+00      0.0000E+00      2.0001E+02     -7.6903E-03   
   1.1475E+02      6.2924E+02      0.0000E+00      0.0000E+00      2.0001E+02     -7.6903E-03   
   1.1493E+02      6.2833E+02      0.0000E+00      0.0000E+00      2.0001E+02     -7.6903E-03   
   1.1512E+02      6.2741E+02      0.0000E+00      0.0000E+00      2.0001E+02     -7.6903E-03   
   1.1531E+02      6.2647E+02      0.0000E+00      0.0000E+00      2.0001E+02     -7.6903E-03   
   1.1549E+02      6.2553E+02      0.0000E+00      0.0000E+00      2.0001E+02     -7.6903E-03   
   1.1569E+02      6.2457E+02      0.0000E+00      0.0000E+00      2.0001E+02     -7.6903E-03   
   1.1588E+02      6.2360E+02      0.0000E+00      0.0000E+00      2.0001E+02     -7.6903E-03   
   1.1608E+02      6.2261E+02      0.0000E+00      0.0000E+00      2.0001E+02     -7.6903E-03   
   1.1628E+02      6.2161E+02      0.0000E+00      0.0000E+00      2.0001E+02     -7.6903E-03   
   1.1648E+02      6.2060E+02      0.0000E+00      0.0000E+00      2.0001E+02     -7.6903E-03   
   1.1668E+02      6.1958E+02      0.0000E+00      0.0000E+00      2.0001E+02     -7.6903E-03   
   1.1689E+02      6.1853E+02      0.0000E+00      0.0000E+00      2.0001E+02     -7.6903E-03   
   1.1706E+02      6.1769E+02      0.0000E+00      0.0000E+00      2.0001E+02     -7.6903E-03   
   1.1723E+02      6.1684E+02      0.0000E+00      0.0000E+00      2.0001E+02     -7.6903E-03   
   1.1741E+02      6.1597E+02      0.0000E+00      0.0000E+00      2.0001E+02     -7.6903E-03   
   1.1758E+02      6.1510E+02      0.0000E+00      0.0000E+00      2.0001E+02     -7.6903E-03   
   1.1776E+02      6.1421E+02      0.0000E+00      0.0000E+00      2.0001E+02     -7.6903E-03   
   1.1794E+02      6.1331E+02      0.0000E+00      0.0000E+00      2.0001E+02     -7.6903E-03   
   1.1812E+02      6.1240E+02      0.0000E+00      0.0000E+00      2.0001E+02     -7.6903E-03   
   1.1830E+02      6.1148E+02      0.0000E+00      0.0000E+00      2.0001E+02     -7.6903E-03   
   1.1849E+02      6.1055E+02      0.0000E+00      0.0000E+00      2.0001E+02     -7.6903E-03   
   1.1868E+02      6.0960E+02      0.0000E+00      0.0000E+00      2.0001E+02     -7.6903E-03   
   1.1887E+02      6.0864E+02      0.0000E+00      0.0000E+00      2.0001E+02     -7.6903E-03   
   1.1907E+02      6.0767E+02      0.0000E+00      0.0000E+00      2.0001E+02     -7.6903E-03   
   1.1926E+02      6.0669E+02      0.0000E+00      0.0000E+00      2.0001E+02     -7.6903E-03   
   1.1946E+02      6.0569E+02      0.0000E+00      0.0000E+00      2.0001E+02     -7.6903E-03   
   1.1967E+02      6.0467E+02      0.0000E+00      0.0000E+00      2.0001E+02     -7.6903E-03   
   1.1987E+02      6.0364E+02      0.0000E+00      0.0000E+00      2.0001E+02     -7.6903E-03   
   1.2008E+02      6.0260E+02      0.0000E+00      1.0000E+00      2.0000E+02      1.9647E-03   
   1.2029E+02      6.0153E+02      1.9316E-02      9.8068E-01      1.9974E+02      2.6260E-01   
   1.2051E+02      6.0045E+02      2.5692E-02      9.7431E-01      1.9915E+02      8.4832E-01   
   1.2073E+02      5.9936E+02      3.0422E-02      9.6958E-01      1.9828E+02      1.7184E+00   
   1.2090E+02      5.9852E+02      3.3639E-02      9.6636E-01      1.9747E+02      2.5349E+00   
   1.2106E+02      5.9768E+02      3.6740E-02      9.6326E-01      1.9652E+02      3.4758E+00   
   1.2124E+02      5.9682E+02      3.9791E-02      9.6021E-01      1.9547E+02      4.5276E+00   
   1.2141E+02      5.9596E+02      4.2829E-02      9.5717E-01      1.9432E+02      5.6782E+00   
   1.2158E+02      5.9508E+02      4.5873E-02      9.5413E-01      1.9308E+02      6.9163E+00   
   1.2176E+02      5.9419E+02      4.8935E-02      9.5106E-01      1.9177E+02      8.2317E+00   
   1.2194E+02      5.9329E+02      5.2020E-02      9.4798E-01      1.9038E+02      9.6155E+00   
   1.2213E+02      5.9237E+02      5.5129E-02      9.4487E-01      1.8894E+02      1.1059E+01   
   1.2231E+02      5.9145E+02      5.8258E-02      9.4174E-01      1.8744E+02      1.2556E+01   
   1.2250E+02      5.9051E+02      6.1402E-02      9.3860E-01      1.8590E+02      1.4099E+01   
   1.2269E+02      5.8955E+02      6.4553E-02      9.3545E-01      1.8432E+02      1.5683E+01   
   1.2288E+02      5.8858E+02      6.7702E-02      9.3230E-01      1.8270E+02      1.7303E+01   
   1.2308E+02      5.8760E+02      7.0836E-02      9.2916E-01      1.8105E+02      1.8955E+01   
   1.2328E+02      5.8660E+02      7.3941E-02      9.2606E-01      1.7936E+02      2.0635E+01   
   1.2348E+02      5.8559E+02      7.7005E-02      9.2300E-01      1.7766E+02      2.2341E+01   
   1.2369E+02      5.8456E+02      8.0010E-02      9.1999E-01      1.7593E+02      2.4070E+01   
   1.2390E+02      5.8351E+02      8.2941E-02      9.1706E-01      1.7418E+02      2.5821E+01   
   1.2411E+02      5.8245E+02      8.5781E-02      9.1422E-01      1.7241E+02      2.7592E+01   
   1.2433E+02      5.8137E+02      8.8514E-02      9.1149E-01      1.7062E+02      2.9382E+01   
   1.2455E+02      5.8026E+02      9.1121E-02      9.0888E-01      1.6881E+02      3.1190E+01   
   1.2477E+02      5.7914E+02      9.3588E-02      9.0641E-01      1.6698E+02      3.3015E+01   
   1.2500E+02      5.7800E+02      9.5898E-02      9.0410E-01      1.6514E+02      3.4859E+01   
   1.2523E+02      5.7684E+02      9.8036E-02      9.0196E-01      1.6328E+02      3.6720E+01   
   1.2547E+02      5.7566E+02      9.9987E-02      9.0001E-01      1.6140E+02      3.8600E+01   
   1.2571E+02      5.7445E+02      1.0174E-01      8.9826E-01      1.5950E+02      4.0498E+01   
   1.2596E+02      5.7322E+02      1.0328E-01      8.9672E-01      1.5758E+02      4.2415E+01   
   1.2612E+02      5.7239E+02      1.0418E-01      8.9582E-01      1.5630E+02      4.3704E+01   
   1.2629E+02      5.7154E+02      1.0498E-01      8.9502E-01      1.5500E+02      4.5003E+01   
   1.2646E+02      5.7068E+02      1.0567E-01      8.9433E-01      1.5369E+02      4.6310E+01   
   1.2664E+02      5.6981E+02      1.0626E-01      8.9374E-01      1.5237E+02      4.7627E+01   
   1.2681E+02      5.6893E+02      1.0673E-01      8.9327E-01      1.5105E+02      4.8955E+01   
   1.2699E+02      5.6804E+02      1.0710E-01      8.9290E-01      1.4971E+02      5.0292E+01   
   1.2717E+02      5.6713E+02      1.0734E-01      8.9266E-01      1.4836E+02      5.1640E+01   
   1.2736E+02      5.6621E+02      1.0747E-01      8.9253E-01      1.4700E+02      5.2999E+01   
   1.2755E+02      5.6527E+02      1.0749E-01      8.9251E-01      1.4563E+02      5.4370E+01   
   1.2774E+02      5.6432E+02      1.0738E-01      8.9262E-01      1.4425E+02      5.5752E+01   
   1.2793E+02      5.6335E+02      1.0716E-01      8.9284E-01      1.4285E+02      5.7146E+01   
   1.2813E+02      5.6237E+02      1.0681E-01      8.9319E-01      1.4145E+02      5.8553E+01   
   1.2833E+02      5.6137E+02      1.0634E-01      8.9366E-01      1.4003E+02      5.9973E+01   
   1.2853E+02      5.6035E+02      1.0575E-01      8.9425E-01      1.3859E+02      6.1407E+01   
   1.2874E+02      5.5932E+02      1.0504E-01      8.9496E-01      1.3715E+02      6.2855E+01   
   1.2895E+02      5.5827E+02      1.0421E-01      8.9579E-01      1.3568E+02      6.4317E+01   
   1.2916E+02      5.5720E+02      1.0325E-01      8.9675E-01      1.3421E+02      6.5795E+01   
   1.2938E+02      5.5610E+02      1.0218E-01      8.9782E-01      1.3271E+02      6.7288E+01   
   1.2960E+02      5.5499E+02      1.0099E-01      8.9901E-01      1.3120E+02      6.8798E+01   
   1.2983E+02      5.5386E+02      9.9682E-02      9.0032E-01      1.2968E+02      7.0325E+01   
   1.3006E+02      5.5270E+02      9.8257E-02      9.0174E-01      1.2813E+02      7.1869E+01   
   1.3030E+02      5.5152E+02      9.6720E-02      9.0328E-01      1.2657E+02      7.3432E+01   
   1.3054E+02      5.5031E+02      9.5071E-02      9.0493E-01      1.2499E+02      7.5014E+01   
   1.3078E+02      5.4908E+02      9.3313E-02      9.0669E-01      1.2338E+02      7.6616E+01   
   1.3104E+02      5.4782E+02      9.1449E-02      9.0855E-01      1.2176E+02      7.8239E+01   
   1.3129E+02      5.4653E+02      8.9483E-02      9.1052E-01      1.2012E+02      7.9884E+01   
   1.3156E+02      5.4522E+02      8.7417E-02      9.1258E-01      1.1845E+02      8.1551E+01   
   1.3183E+02      5.4387E+02      8.5255E-02      9.1474E-01      1.1676E+02      8.3243E+01   
   1.3210E+02      5.4248E+02      8.3002E-02      9.1700E-01      1.1504E+02      8.4957E+01   
   1.3238E+02      5.4109E+02      8.0704E-02      9.1930E-01      1.1338E+02      8.6620E+01   
   1.3265E+02      5.3974E+02      7.8458E-02      9.2154E-01      1.1178E+02      8.8215E+01   
   1.3291E+02      5.3843E+02      7.6269E-02      9.2373E-01      1.1025E+02      8.9747E+01   
   1.3317E+02      5.3717E+02      7.4141E-02      9.2586E-01      1.0878E+02      9.1219E+01   
   1.3341E+02      5.3594E+02      7.2077E-02      9.2792E-01      1.0736E+02      9.2635E+01   
   1.3365E+02      5.3474E+02      7.0079E-02      9.2992E-01      1.0600E+02      9.3999E+01   
   1.3388E+02      5.3358E+02      6.8146E-02      9.3185E-01      1.0469E+02      9.5313E+01   
   1.3411E+02      5.3245E+02      6.6278E-02      9.3372E-01      1.0342E+02      9.6582E+01   
   1.3433E+02      5.3135E+02      6.4474E-02      9.3553E-01      1.0219E+02      9.7806E+01   
   1.3454E+02      5.3028E+02      6.2732E-02      9.3727E-01      1.0101E+02      9.8989E+01   
   1.3475E+02      5.2923E+02      6.1053E-02      9.3895E-01      9.9867E+01      1.0013E+02   
   1.3496E+02      5.2821E+02      5.9432E-02      9.4057E-01      9.8760E+01      1.0124E+02   
   1.3516E+02      5.2722E+02      5.7870E-02      9.4213E-01      9.7688E+01      1.0231E+02   
   1.3535E+02      5.2625E+02      5.6363E-02      9.4364E-01      9.6649E+01      1.0335E+02   
   1.3554E+02      5.2531E+02      5.4911E-02      9.4509E-01      9.5641E+01      1.0436E+02   
   1.3572E+02      5.2438E+02      5.3511E-02      9.4649E-01      9.4664E+01      1.0534E+02   
   1.3590E+02      5.2348E+02      5.2160E-02      9.4784E-01      9.3715E+01      1.0628E+02   
   1.3608E+02      5.2259E+02      5.0858E-02      9.4914E-01      9.2794E+01      1.0721E+02   
   1.3625E+02      5.2173E+02      4.9602E-02      9.5040E-01      9.1898E+01      1.0810E+02   
   1.3642E+02      5.2088E+02      4.8391E-02      9.5161E-01      9.1027E+01      1.0897E+02   
   1.3667E+02      5.1965E+02      4.6653E-02      9.5335E-01      8.9765E+01      1.1024E+02   
   1.3691E+02      5.1845E+02      4.5005E-02      9.5500E-01      8.8552E+01      1.1145E+02   
   1.3714E+02      5.1729E+02      4.3441E-02      9.5656E-01      8.7386E+01      1.1261E+02   
   1.3737E+02      5.1616E+02      4.1957E-02      9.5804E-01      8.6263E+01      1.1374E+02   
   1.3759E+02      5.1506E+02      4.0547E-02      9.5945E-01      8.5182E+01      1.1482E+02   
   1.3780E+02      5.1399E+02      3.9207E-02      9.6079E-01      8.4139E+01      1.1586E+02   
   1.3801E+02      5.1295E+02      3.7933E-02      9.6207E-01      8.3132E+01      1.1687E+02   
   1.3821E+02      5.1194E+02      3.6720E-02      9.6328E-01      8.2160E+01      1.1784E+02   
   1.3841E+02      5.1096E+02      3.5564E-02      9.6444E-01      8.1220E+01      1.1878E+02   
   1.3860E+02      5.1000E+02      3.4463E-02      9.6554E-01      8.0311E+01      1.1969E+02   
   1.3879E+02      5.0906E+02      3.3413E-02      9.6659E-01      7.9431E+01      1.2057E+02   
   1.3897E+02      5.0815E+02      3.2411E-02      9.6759E-01      7.8579E+01      1.2142E+02   
   1.3915E+02      5.0726E+02      3.1455E-02      9.6855E-01      7.7752E+01      1.2225E+02   
   1.3932E+02      5.0639E+02      3.0540E-02      9.6946E-01      7.6951E+01      1.2305E+02   
   1.3949E+02      5.0553E+02      2.9666E-02      9.7033E-01      7.6173E+01      1.2383E+02   
   1.3971E+02      5.0443E+02      2.8559E-02      9.7144E-01      7.5170E+01      1.2483E+02   
   1.3993E+02      5.0335E+02      2.7514E-02      9.7249E-01      7.4205E+01      1.2579E+02   
   1.4014E+02      5.0231E+02      2.6527E-02      9.7347E-01      7.3276E+01      1.2672E+02   
   1.4034E+02      5.0129E+02      2.5593E-02      9.7441E-01      7.2379E+01      1.2762E+02   
   1.4054E+02      5.0031E+02      2.4709E-02      9.7529E-01      7.1514E+01      1.2849E+02   
   1.4073E+02      4.9934E+02      2.3872E-02      9.7613E-01      7.0678E+01      1.2932E+02   
   1.4092E+02      4.9841E+02      2.3077E-02      9.7692E-01      6.9870E+01      1.3013E+02   
   1.4110E+02      4.9749E+02      2.2323E-02      9.7768E-01      6.9088E+01      1.3091E+02   
   1.4128E+02      4.9660E+02      2.1606E-02      9.7839E-01      6.8332E+01      1.3167E+02   
   1.4145E+02      4.9573E+02      2.0925E-02      9.7908E-01      6.7599E+01      1.3240E+02   
   1.4162E+02      4.9488E+02      2.0276E-02      9.7972E-01      6.6888E+01      1.3311E+02   
   1.4183E+02      4.9384E+02      1.9508E-02      9.8049E-01      6.6030E+01      1.3397E+02   
   1.4203E+02      4.9284E+02      1.8784E-02      9.8122E-01      6.5203E+01      1.3480E+02   
   1.4223E+02      4.9186E+02      1.8101E-02      9.8190E-01      6.4405E+01      1.3559E+02   
   1.4242E+02      4.9091E+02      1.7456E-02      9.8254E-01      6.3636E+01      1.3636E+02   
   1.4260E+02      4.8998E+02      1.6846E-02      9.8315E-01      6.2892E+01      1.3711E+02   
   1.4278E+02      4.8908E+02      1.6268E-02      9.8373E-01      6.2173E+01      1.3783E+02   
   1.4296E+02      4.8820E+02      1.5721E-02      9.8428E-01      6.1478E+01      1.3852E+02   
   1.4313E+02      4.8734E+02      1.5202E-02      9.8480E-01      6.0805E+01      1.3919E+02   
   1.4330E+02      4.8650E+02      1.4709E-02      9.8529E-01      6.0153E+01      1.3985E+02   
   1.4350E+02      4.8552E+02      1.4149E-02      9.8585E-01      5.9397E+01      1.4060E+02   
   1.4369E+02      4.8457E+02      1.3623E-02      9.8638E-01      5.8668E+01      1.4133E+02   
   1.4387E+02      4.8364E+02      1.3126E-02      9.8687E-01      5.7964E+01      1.4204E+02   
   1.4405E+02      4.8274E+02      1.2656E-02      9.8734E-01      5.7284E+01      1.4272E+02   
   1.4423E+02      4.8186E+02      1.2213E-02      9.8779E-01      5.6627E+01      1.4337E+02   
   1.4440E+02      4.8100E+02      1.1793E-02      9.8821E-01      5.5992E+01      1.4401E+02   
   1.4457E+02      4.8016E+02      1.1395E-02      9.8860E-01      5.5377E+01      1.4462E+02   
   1.4476E+02      4.7921E+02      1.0957E-02      9.8904E-01      5.4683E+01      1.4532E+02   
   1.4494E+02      4.7828E+02      1.0545E-02      9.8946E-01      5.4015E+01      1.4599E+02   
   1.4512E+02      4.7738E+02      1.0156E-02      9.8984E-01      5.3369E+01      1.4663E+02   
   1.4530E+02      4.7650E+02      9.7895E-03      9.9021E-01      5.2746E+01      1.4725E+02   
   1.4547E+02      4.7565E+02      9.4430E-03      9.9056E-01      5.2143E+01      1.4786E+02   
   1.4564E+02      4.7482E+02      9.1152E-03      9.9088E-01      5.1560E+01      1.4844E+02   
   1.4582E+02      4.7389E+02      8.7619E-03      9.9124E-01      5.0917E+01      1.4908E+02   
   1.4600E+02      4.7298E+02      8.4296E-03      9.9157E-01      5.0296E+01      1.4970E+02   
   1.4618E+02      4.7211E+02      8.1165E-03      9.9188E-01      4.9697E+01      1.5030E+02   
   1.4635E+02      4.7125E+02      7.8212E-03      9.9218E-01      4.9118E+01      1.5088E+02   
   1.4652E+02      4.7042E+02      7.5423E-03      9.9246E-01      4.8558E+01      1.5144E+02   
   1.4670E+02      4.6950E+02      7.2467E-03      9.9275E-01      4.7951E+01      1.5205E+02   
   1.4688E+02      4.6861E+02      6.9688E-03      9.9303E-01      4.7364E+01      1.5264E+02   
   1.4705E+02      4.6775E+02      6.7072E-03      9.9329E-01      4.6798E+01      1.5320E+02   
   1.4722E+02      4.6690E+02      6.4607E-03      9.9354E-01      4.6252E+01      1.5375E+02   
   1.4740E+02      4.6599E+02      6.2029E-03      9.9380E-01      4.5666E+01      1.5433E+02   
   1.4758E+02      4.6511E+02      5.9608E-03      9.9404E-01      4.5101E+01      1.5490E+02   
   1.4775E+02      4.6424E+02      5.7332E-03      9.9427E-01      4.4556E+01      1.5544E+02   
   1.4792E+02      4.6340E+02      5.5189E-03      9.9448E-01      4.4030E+01      1.5597E+02   
   1.4810E+02      4.6251E+02      5.2972E-03      9.9470E-01      4.3471E+01      1.5653E+02   
   1.4827E+02      4.6163E+02      5.0891E-03      9.9491E-01      4.2933E+01      1.5707E+02   
   1.4844E+02      4.6078E+02      4.8936E-03      9.9511E-01      4.2413E+01      1.5759E+02   
   1.4862E+02      4.5988E+02      4.6933E-03      9.9531E-01      4.1867E+01      1.5813E+02   
   1.4880E+02      4.5900E+02      4.5055E-03      9.9549E-01      4.1341E+01      1.5866E+02   
   1.4897E+02      4.5815E+02      4.3292E-03      9.9567E-01      4.0833E+01      1.5917E+02   
   1.4915E+02      4.5725E+02      4.1500E-03      9.9585E-01      4.0304E+01      1.5970E+02   
   1.4933E+02      4.5637E+02      3.9822E-03      9.9602E-01      3.9794E+01      1.6021E+02   
   1.4950E+02      4.5552E+02      3.8247E-03      9.9618E-01      3.9302E+01      1.6070E+02   
   1.4967E+02      4.5463E+02      3.6658E-03      9.9633E-01      3.8791E+01      1.6121E+02   
   1.4985E+02      4.5377E+02      3.5169E-03      9.9648E-01      3.8300E+01      1.6170E+02   
   1.5001E+02      4.5293E+02      3.3772E-03      9.9662E-01      3.7826E+01      1.6217E+02   
   1.5019E+02      4.5205E+02      3.2369E-03      9.9676E-01      3.7337E+01      1.6266E+02   
   1.5036E+02      4.5120E+02      3.1055E-03      9.9689E-01      3.6866E+01      1.6313E+02   
   1.5054E+02      4.5032E+02      2.9743E-03      9.9703E-01      3.6382E+01      1.6362E+02   
   1.5071E+02      4.4946E+02      2.8516E-03      9.9715E-01      3.5916E+01      1.6408E+02   
   1.5087E+02      4.4863E+02      2.7366E-03      9.9726E-01      3.5467E+01      1.6453E+02   
   1.5105E+02      4.4776E+02      2.6221E-03      9.9738E-01      3.5007E+01      1.6499E+02   
   1.5121E+02      4.4693E+02      2.5149E-03      9.9749E-01      3.4565E+01      1.6544E+02   
   1.5139E+02      4.4607E+02      2.4087E-03      9.9759E-01      3.4113E+01      1.6589E+02   
   1.5155E+02      4.4523E+02      2.3093E-03      9.9769E-01      3.3679E+01      1.6632E+02   
   1.5173E+02      4.4437E+02      2.2112E-03      9.9779E-01      3.3237E+01      1.6676E+02   
   1.5189E+02      4.4354E+02      2.1194E-03      9.9788E-01      3.2812E+01      1.6719E+02   
   1.5206E+02      4.4268E+02      2.0291E-03      9.9797E-01      3.2381E+01      1.6762E+02   
   1.5223E+02      4.4185E+02      1.9495E-03      9.9805E-01      3.1964E+01      1.6804E+02   
   1.5241E+02      4.4097E+02      1.8635E-03      9.9814E-01      3.1531E+01      1.6847E+02   
   1.5258E+02      4.4010E+02      1.7809E-03      9.9822E-01      3.1103E+01      1.6890E+02   
   1.5276E+02      4.3922E+02      1.7015E-03      9.9830E-01      3.0678E+01      1.6932E+02   
   1.5293E+02      4.3835E+02      1.6254E-03      9.9837E-01      3.0258E+01      1.6974E+02   
   1.5311E+02      4.3747E+02      1.5523E-03      9.9845E-01      2.9841E+01      1.7016E+02   
   1.5328E+02      4.3660E+02      1.4821E-03      9.9852E-01      2.9429E+01      1.7057E+02   
   1.5346E+02      4.3572E+02      1.4148E-03      9.9859E-01      2.9021E+01      1.7098E+02   
   1.5363E+02      4.3485E+02      1.3503E-03      9.9865E-01      2.8617E+01      1.7138E+02   
   1.5381E+02      4.3397E+02      1.2884E-03      9.9871E-01      2.8217E+01      1.7178E+02   
   1.5398E+02      4.3310E+02      1.2291E-03      9.9877E-01      2.7821E+01      1.7218E+02   
   1.5416E+02      4.3222E+02      1.1723E-03      9.9883E-01      2.7429E+01      1.7257E+02   
   1.5433E+02      4.3135E+02      1.1178E-03      9.9888E-01      2.7041E+01      1.7296E+02   
   1.5451E+02      4.3047E+02      1.0656E-03      9.9893E-01      2.6657E+01      1.7334E+02   
   1.5468E+02      4.2960E+02      1.0156E-03      9.9898E-01      2.6276E+01      1.7372E+02   
   1.5486E+02      4.2872E+02      9.6778E-04      9.9903E-01      2.5900E+01      1.7410E+02   
   1.5503E+02      4.2785E+02      9.2196E-04      9.9908E-01      2.5528E+01      1.7447E+02   
   1.5521E+02      4.2697E+02      8.7811E-04      9.9912E-01      2.5159E+01      1.7484E+02   
   1.5538E+02      4.2610E+02      8.3615E-04      9.9916E-01      2.4794E+01      1.7521E+02   
   1.5556E+02      4.2522E+02      7.9600E-04      9.9920E-01      2.4433E+01      1.7557E+02   
   1.5573E+02      4.2435E+02      7.5761E-04      9.9924E-01      2.4076E+01      1.7592E+02   
   1.5591E+02      4.2347E+02      7.2090E-04      9.9928E-01      2.3723E+01      1.7628E+02   
   1.5608E+02      4.2260E+02      6.8580E-04      9.9931E-01      2.3373E+01      1.7663E+02   
   1.5626E+02      4.2172E+02      6.5226E-04      9.9935E-01      2.3028E+01      1.7697E+02   
   1.5643E+02      4.2085E+02      6.2021E-04      9.9938E-01      2.2685E+01      1.7731E+02   
   1.5661E+02      4.1997E+02      5.8959E-04      9.9941E-01      2.2347E+01      1.7765E+02   
   1.5678E+02      4.1910E+02      5.6035E-04      9.9944E-01      2.2012E+01      1.7799E+02   
   1.5696E+02      4.1822E+02      5.3243E-04      9.9947E-01      2.1681E+01      1.7832E+02   
   1.5713E+02      4.1735E+02      5.0577E-04      9.9949E-01      2.1354E+01      1.7865E+02   
   1.5731E+02      4.1647E+02      4.8033E-04      9.9952E-01      2.1030E+01      1.7897E+02   
   1.5748E+02      4.1560E+02      4.5606E-04      9.9954E-01      2.0709E+01      1.7929E+02   
   1.5766E+02      4.1472E+02      4.3291E-04      9.9957E-01      2.0393E+01      1.7961E+02   
   1.5783E+02      4.1385E+02      4.1083E-04      9.9959E-01      2.0079E+01      1.7992E+02   
   1.5801E+02      4.1297E+02      3.8978E-04      9.9961E-01      1.9770E+01      1.8023E+02   
   1.5818E+02      4.1210E+02      3.6972E-04      9.9963E-01      1.9463E+01      1.8054E+02   
   1.5836E+02      4.1122E+02      3.5060E-04      9.9965E-01      1.9161E+01      1.8084E+02   
   1.5853E+02      4.1035E+02      3.3238E-04      9.9967E-01      1.8861E+01      1.8114E+02   
   1.5871E+02      4.0947E+02      3.1503E-04      9.9968E-01      1.8566E+01      1.8143E+02   
   1.5888E+02      4.0860E+02      2.9851E-04      9.9970E-01      1.8273E+01      1.8173E+02   
   1.5906E+02      4.0772E+02      2.8278E-04      9.9972E-01      1.7984E+01      1.8202E+02   
   1.5923E+02      4.0685E+02      2.6781E-04      9.9973E-01      1.7698E+01      1.8230E+02   
   1.5941E+02      4.0597E+02      2.5357E-04      9.9975E-01      1.7416E+01      1.8258E+02   
   1.5958E+02      4.0510E+02      2.4002E-04      9.9976E-01      1.7137E+01      1.8286E+02   
   1.5976E+02      4.0422E+02      2.2713E-04      9.9977E-01      1.6861E+01      1.8314E+02   
   1.5993E+02      4.0335E+02      2.1488E-04      9.9979E-01      1.6588E+01      1.8341E+02   
   1.6011E+02      4.0247E+02      2.0324E-04      9.9980E-01      1.6319E+01      1.8368E+02   
   1.6028E+02      4.0160E+02      1.9217E-04      9.9981E-01      1.6053E+01      1.8395E+02   
   1.6046E+02      4.0072E+02      1.8166E-04      9.9982E-01      1.5790E+01      1.8421E+02   
   1.6063E+02      3.9985E+02      1.7168E-04      9.9983E-01      1.5531E+01      1.8447E+02   
   1.6081E+02      3.9897E+02      1.6220E-04      9.9984E-01      1.5274E+01      1.8473E+02   
   1.6098E+02      3.9810E+02      1.5320E-04      9.9985E-01      1.5021E+01      1.8498E+02   
   1.6116E+02      3.9722E+02      1.4466E-04      9.9986E-01      1.4771E+01      1.8523E+02   
   1.6133E+02      3.9635E+02      1.3656E-04      9.9986E-01      1.4523E+01      1.8548E+02   
   1.6151E+02      3.9547E+02      1.2888E-04      9.9987E-01      1.4279E+01      1.8572E+02   
   1.6168E+02      3.9460E+02      1.2160E-04      9.9988E-01      1.4038E+01      1.8596E+02   
   1.6186E+02      3.9372E+02      1.1469E-04      9.9989E-01      1.3800E+01      1.8620E+02   
   1.6203E+02      3.9285E+02      1.0815E-04      9.9989E-01      1.3565E+01      1.8643E+02   
   1.6221E+02      3.9197E+02      1.0195E-04      9.9990E-01      1.3333E+01      1.8667E+02   
   1.6238E+02      3.9110E+02      9.6076E-05      9.9990E-01      1.3104E+01      1.8690E+02   
   1.6256E+02      3.9022E+02      9.0516E-05      9.9991E-01      1.2878E+01      1.8712E+02   
   1.6273E+02      3.8935E+02      8.5253E-05      9.9991E-01      1.2655E+01      1.8735E+02   
   1.6291E+02      3.8847E+02      8.0272E-05      9.9992E-01      1.2434E+01      1.8757E+02   
   1.6308E+02      3.8760E+02      7.5560E-05      9.9992E-01      1.2217E+01      1.8778E+02   
   1.6326E+02      3.8672E+02      7.1104E-05      9.9993E-01      1.2002E+01      1.8800E+02   
   1.6343E+02      3.8585E+02      6.6891E-05      9.9993E-01      1.1791E+01      1.8821E+02   
   1.6361E+02      3.8497E+02      6.2908E-05      9.9994E-01      1.1582E+01      1.8842E+02   
   1.6378E+02      3.8410E+02      5.9145E-05      9.9994E-01      1.1375E+01      1.8862E+02   
   1.6396E+02      3.8322E+02      5.5590E-05      9.9994E-01      1.1172E+01      1.8883E+02   
   1.6413E+02      3.8235E+02      5.2232E-05      9.9995E-01      1.0971E+01      1.8903E+02   
   1.6431E+02      3.8147E+02      4.9063E-05      9.9995E-01      1.0773E+01      1.8923E+02   
   1.6448E+02      3.8060E+02      4.6071E-05      9.9995E-01      1.0578E+01      1.8942E+02   
   1.6466E+02      3.7972E+02      4.3249E-05      9.9996E-01      1.0385E+01      1.8961E+02   
   1.6483E+02      3.7885E+02      4.0586E-05      9.9996E-01      1.0195E+01      1.8980E+02   
   1.6501E+02      3.7797E+02      3.8076E-05      9.9996E-01      1.0008E+01      1.8999E+02   
   1.6518E+02      3.7710E+02      3.5709E-05      9.9996E-01      9.8229E+00      1.9018E+02   
   1.6536E+02      3.7622E+02      3.3479E-05      9.9997E-01      9.6407E+00      1.9036E+02   
   1.6553E+02      3.7535E+02      3.1378E-05      9.9997E-01      9.4610E+00      1.9054E+02   
   1.6571E+02      3.7447E+02      2.9400E-05      9.9997E-01      9.2838E+00      1.9072E+02   
   1.6588E+02      3.7360E+02      2.7537E-05      9.9997E-01      9.1092E+00      1.9089E+02   
   1.6606E+02      3.7272E+02      2.5784E-05      9.9997E-01      8.9371E+00      1.9106E+02   
   1.6623E+02      3.7185E+02      2.4134E-05      9.9998E-01      8.7674E+00      1.9123E+02   
   1.6641E+02      3.7097E+02      2.2583E-05      9.9998E-01      8.6002E+00      1.9140E+02   
   1.6658E+02      3.7010E+02      2.1124E-05      9.9998E-01      8.4354E+00      1.9156E+02   
   1.6676E+02      3.6922E+02      1.9753E-05      9.9998E-01      8.2729E+00      1.9173E+02   
   1.6693E+02      3.6835E+02      1.8465E-05      9.9998E-01      8.1129E+00      1.9189E+02   
   1.6711E+02      3.6747E+02      1.7254E-05      9.9998E-01      7.9552E+00      1.9204E+02   
   1.6728E+02      3.6660E+02      1.6118E-05      9.9998E-01      7.7999E+00      1.9220E+02   
   1.6746E+02      3.6572E+02      1.5051E-05      9.9998E-01      7.6469E+00      1.9235E+02   
   1.6763E+02      3.6485E+02      1.4050E-05      9.9999E-01      7.4961E+00      1.9250E+02   
   1.6781E+02      3.6397E+02      1.3111E-05      9.9999E-01      7.3476E+00      1.9265E+02   
   1.6798E+02      3.6310E+02      1.2230E-05      9.9999E-01      7.2014E+00      1.9280E+02   
   1.6816E+02      3.6222E+02      1.1405E-05      9.9999E-01      7.0574E+00      1.9294E+02   
   1.6833E+02      3.6135E+02      1.0631E-05      9.9999E-01      6.9156E+00      1.9308E+02   
   1.6851E+02      3.6047E+02      9.9068E-06      9.9999E-01      6.7760E+00      1.9322E+02   
   1.6868E+02      3.5960E+02      9.2282E-06      9.9999E-01      6.6385E+00      1.9336E+02   
   1.6886E+02      3.5872E+02      8.5930E-06      9.9999E-01      6.5032E+00      1.9350E+02   
   1.6903E+02      3.5785E+02      7.9985E-06      9.9999E-01      6.3700E+00      1.9363E+02   
   1.6921E+02      3.5697E+02      7.4425E-06      9.9999E-01      6.2389E+00      1.9376E+02   
   1.6938E+02      3.5610E+02      6.9225E-06      9.9999E-01      6.1099E+00      1.9389E+02   
   1.6956E+02      3.5522E+02      6.4365E-06      9.9999E-01      5.9829E+00      1.9402E+02   
   1.6973E+02      3.5435E+02      5.9823E-06      9.9999E-01      5.8579E+00      1.9414E+02   
   1.6991E+02      3.5347E+02      5.5581E-06      9.9999E-01      5.7350E+00      1.9426E+02   
   1.7008E+02      3.5260E+02      5.1619E-06      9.9999E-01      5.6141E+00      1.9439E+02   
   1.7026E+02      3.5172E+02      4.7922E-06      1.0000E+00      5.4951E+00      1.9450E+02   
   1.7043E+02      3.5085E+02      4.4472E-06      1.0000E+00      5.3780E+00      1.9462E+02   
   1.7061E+02      3.4997E+02      4.1255E-06      1.0000E+00      5.2629E+00      1.9474E+02   
   1.7078E+02      3.4910E+02      3.8255E-06      1.0000E+00      5.1497E+00      1.9485E+02   
   1.7096E+02      3.4822E+02      3.5460E-06      1.0000E+00      5.0384E+00      1.9496E+02   
   1.7113E+02      3.4735E+02      3.2855E-06      1.0000E+00      4.9290E+00      1.9507E+02   
   1.7131E+02      3.4647E+02      3.0430E-06      1.0000E+00      4.8213E+00      1.9518E+02   
   1.7148E+02      3.4560E+02      2.8172E-06      1.0000E+00      4.7156E+00      1.9528E+02   
   1.7166E+02      3.4472E+02      2.6071E-06      1.0000E+00      4.6116E+00      1.9539E+02   
   1.7183E+02      3.4385E+02      2.4117E-06      1.0000E+00      4.5094E+00      1.9549E+02   
   1.7201E+02      3.4297E+02      2.2301E-06      1.0000E+00      4.4089E+00      1.9559E+02   
   1.7218E+02      3.4210E+02      2.0612E-06      1.0000E+00      4.3102E+00      1.9569E+02   
   1.7236E+02      3.4122E+02      1.9043E-06      1.0000E+00      4.2132E+00      1.9579E+02   
   1.7253E+02      3.4035E+02      1.7587E-06      1.0000E+00      4.1179E+00      1.9588E+02   
   1.7271E+02      3.3947E+02      1.6235E-06      1.0000E+00      4.0243E+00      1.9598E+02   
   1.7288E+02      3.3860E+02      1.4980E-06      1.0000E+00      3.9324E+00      1.9607E+02   
   1.7306E+02      3.3772E+02      1.3816E-06      1.0000E+00      3.8421E+00      1.9616E+02   
   1.7323E+02      3.3685E+02      1.2738E-06      1.0000E+00      3.7534E+00      1.9625E+02   
   1.7341E+02      3.3597E+02      1.1738E-06      1.0000E+00      3.6663E+00      1.9633E+02   
   1.7358E+02      3.3510E+02      1.0812E-06      1.0000E+00      3.5808E+00      1.9642E+02   
   1.7376E+02      3.3422E+02      9.9547E-07      1.0000E+00      3.4969E+00      1.9650E+02   
   1.7393E+02      3.3335E+02      9.1612E-07      1.0000E+00      3.4145E+00      1.9659E+02   
   1.7411E+02      3.3247E+02      8.4272E-07      1.0000E+00      3.3336E+00      1.9667E+02   
   1.7428E+02      3.3160E+02      7.7484E-07      1.0000E+00      3.2543E+00      1.9675E+02   
   1.7446E+02      3.3072E+02      7.1211E-07      1.0000E+00      3.1764E+00      1.9682E+02   
   1.7463E+02      3.2985E+02      6.5415E-07      1.0000E+00      3.1000E+00      1.9690E+02   
   1.7481E+02      3.2897E+02      6.0063E-07      1.0000E+00      3.0250E+00      1.9698E+02   
   1.7498E+02      3.2810E+02      5.5123E-07      1.0000E+00      2.9514E+00      1.9705E+02   
   1.7516E+02      3.2722E+02      5.0566E-07      1.0000E+00      2.8793E+00      1.9712E+02   
   1.7533E+02      3.2635E+02      4.6363E-07      1.0000E+00      2.8086E+00      1.9719E+02   
   1.7551E+02      3.2547E+02      4.2489E-07      1.0000E+00      2.7392E+00      1.9726E+02   
   1.7568E+02      3.2460E+02      3.8920E-07      1.0000E+00      2.6712E+00      1.9733E+02   
   1.7586E+02      3.2372E+02      3.5634E-07      1.0000E+00      2.6045E+00      1.9740E+02   
   1.7603E+02      3.2285E+02      3.2609E-07      1.0000E+00      2.5391E+00      1.9746E+02   
   1.7621E+02      3.2197E+02      2.9826E-07      1.0000E+00      2.4750E+00      1.9752E+02   
   1.7638E+02      3.2110E+02      2.7267E-07      1.0000E+00      2.4123E+00      1.9759E+02   
   1.7656E+02      3.2022E+02      2.4915E-07      1.0000E+00      2.3507E+00      1.9765E+02   
   1.7673E+02      3.1935E+02      2.2754E-07      1.0000E+00      2.2905E+00      1.9771E+02   
   1.7691E+02      3.1847E+02      2.0770E-07      1.0000E+00      2.2314E+00      1.9777E+02   
   1.7708E+02      3.1760E+02      1.8949E-07      1.0000E+00      2.1736E+00      1.9783E+02   
   1.7726E+02      3.1672E+02      1.7279E-07      1.0000E+00      2.1169E+00      1.9788E+02   
   1.7743E+02      3.1585E+02      1.5748E-07      1.0000E+00      2.0614E+00      1.9794E+02   
   1.7761E+02      3.1497E+02      1.4345E-07      1.0000E+00      2.0071E+00      1.9799E+02   
   1.7778E+02      3.1410E+02      1.3060E-07      1.0000E+00      1.9539E+00      1.9805E+02   
   1.7796E+02      3.1322E+02      1.1884E-07      1.0000E+00      1.9019E+00      1.9810E+02   
   1.7813E+02      3.1235E+02      1.0808E-07      1.0000E+00      1.8509E+00      1.9815E+02   
   1.7831E+02      3.1147E+02      9.8239E-08      1.0000E+00      1.8011E+00      1.9820E+02   
   1.7848E+02      3.1060E+02      8.9245E-08      1.0000E+00      1.7523E+00      1.9825E+02   
   1.7866E+02      3.0972E+02      8.1030E-08      1.0000E+00      1.7046E+00      1.9830E+02   
   1.7883E+02      3.0885E+02      7.3531E-08      1.0000E+00      1.6579E+00      1.9834E+02   
   1.7901E+02      3.0797E+02      6.6687E-08      1.0000E+00      1.6122E+00      1.9839E+02   
   1.7918E+02      3.0710E+02      6.0447E-08      1.0000E+00      1.5676E+00      1.9843E+02   
   1.7936E+02      3.0622E+02      5.4759E-08      1.0000E+00      1.5239E+00      1.9848E+02   
   1.7953E+02      3.0535E+02      4.9577E-08      1.0000E+00      1.4812E+00      1.9852E+02   
   1.7971E+02      3.0447E+02      4.4860E-08      1.0000E+00      1.4395E+00      1.9856E+02   
   1.7988E+02      3.0360E+02      4.0568E-08      1.0000E+00      1.3987E+00      1.9860E+02   
   1.8006E+02      3.0272E+02      3.6664E-08      1.0000E+00      1.3589E+00      1.9864E+02   
   1.8023E+02      3.0185E+02      3.3117E-08      1.0000E+00      1.3199E+00      1.9868E+02   
   1.8041E+02      3.0097E+02      2.9895E-08      1.0000E+00      1.2819E+00      1.9872E+02   
   1.8058E+02      3.0010E+02      2.6970E-08      1.0000E+00      1.2447E+00      1.9876E+02   
   1.8076E+02      2.9922E+02      2.4316E-08      1.0000E+00      1.2084E+00      1.9879E+02   
   1.8093E+02      2.9835E+02      2.1910E-08      1.0000E+00      1.1730E+00      1.9883E+02   
   1.8111E+02      2.9747E+02      1.9729E-08      1.0000E+00      1.1384E+00      1.9886E+02   
   1.8128E+02      2.9660E+02      1.7755E-08      1.0000E+00      1.1047E+00      1.9890E+02   
   1.8146E+02      2.9572E+02      1.5968E-08      1.0000E+00      1.0717E+00      1.9893E+02   
   1.8163E+02      2.9485E+02      1.4352E-08      1.0000E+00      1.0395E+00      1.9896E+02   
   1.8181E+02      2.9397E+02      1.2891E-08      1.0000E+00      1.0082E+00      1.9899E+02   
   1.8198E+02      2.9310E+02      1.1571E-08      1.0000E+00      9.7756E-01      1.9902E+02   
