Results for node = 1
    time [s]    temperature [K]    growth [/]    nucleation [/]   Css [wt.ppm]    Cp [wt.ppm]   
   0.0000E+00      2.9300E+02      0.0000E+00      0.0000E+00      4.8676E-02      1.9995E+02   
   5.0000E-01      2.9383E+02      0.0000E+00      0.0000E+00      4.8676E-02      1.9995E+02   
   2.0000E+00      2.9633E+02      0.0000E+00      0.0000E+00      4.8676E-02      1.9995E+02   
   3.5000E+00      2.9883E+02      0.0000E+00      0.0000E+00      4.8677E-02      1.9995E+02   
   5.0000E+00      3.0133E+02      0.0000E+00      0.0000E+00      4.8677E-02      1.9995E+02   
   6.5000E+00      3.0383E+02      0.0000E+00      0.0000E+00      4.8678E-02      1.9995E+02   
   8.0000E+00      3.0633E+02      0.0000E+00      0.0000E+00      4.8680E-02      1.9995E+02   
   9.5000E+00      3.0883E+02      0.0000E+00      0.0000E+00      4.8683E-02      1.9995E+02   
   1.1000E+01      3.1133E+02      0.0000E+00      0.0000E+00      4.8686E-02      1.9995E+02   
   1.2500E+01      3.1383E+02      0.0000E+00      0.0000E+00      4.8691E-02      1.9995E+02   
   1.4000E+01      3.1633E+02      0.0000E+00      0.0000E+00      4.8698E-02      1.9995E+02   
   1.5500E+01      3.1883E+02      0.0000E+00      0.0000E+00      4.8707E-02      1.9995E+02   
   1.7000E+01      3.2133E+02      0.0000E+00      0.0000E+00      4.8718E-02      1.9995E+02   
   1.8500E+01      3.2383E+02      0.0000E+00      0.0000E+00      4.8734E-02      1.9995E+02   
   2.0000E+01      3.2633E+02      0.0000E+00      0.0000E+00      4.8754E-02      1.9995E+02   
   2.1500E+01      3.2883E+02      0.0000E+00      0.0000E+00      4.8780E-02      1.9995E+02   
   2.3000E+01      3.3133E+02      0.0000E+00      0.0000E+00      4.8813E-02      1.9995E+02   
   2.4500E+01      3.3383E+02      0.0000E+00      0.0000E+00      4.8855E-02      1.9995E+02   
   2.6000E+01      3.3633E+02      0.0000E+00      0.0000E+00      4.8908E-02      1.9995E+02   
   2.7500E+01      3.3883E+02      0.0000E+00      0.0000E+00      4.8975E-02      1.9995E+02   
   2.9000E+01      3.4133E+02      0.0000E+00      0.0000E+00      4.9058E-02      1.9995E+02   
   3.0500E+01      3.4383E+02      0.0000E+00      0.0000E+00      4.9162E-02      1.9995E+02   
   3.2000E+01      3.4633E+02      0.0000E+00      0.0000E+00      4.9291E-02      1.9995E+02   
   3.3500E+01      3.4883E+02      0.0000E+00      0.0000E+00      4.9449E-02      1.9995E+02   
   3.5000E+01      3.5133E+02      0.0000E+00      0.0000E+00      4.9644E-02      1.9995E+02   
   3.6500E+01      3.5383E+02      0.0000E+00      0.0000E+00      4.9882E-02      1.9995E+02   
   3.8000E+01      3.5633E+02      0.0000E+00      0.0000E+00      5.0173E-02      1.9995E+02   
   3.9500E+01      3.5883E+02      0.0000E+00      0.0000E+00      5.0526E-02      1.9995E+02   
   4.1000E+01      3.6133E+02      0.0000E+00      0.0000E+00      5.0954E-02      1.9995E+02   
   4.2500E+01      3.6383E+02      0.0000E+00      0.0000E+00      5.1471E-02      1.9995E+02   
   4.4000E+01      3.6633E+02      0.0000E+00      0.0000E+00      5.2093E-02      1.9995E+02   
   4.5500E+01      3.6883E+02      0.0000E+00      0.0000E+00      5.2840E-02      1.9995E+02   
   4.7000E+01      3.7133E+02      0.0000E+00      0.0000E+00      5.3734E-02      1.9995E+02   
   4.8500E+01      3.7383E+02      0.0000E+00      0.0000E+00      5.4800E-02      1.9995E+02   
   5.0000E+01      3.7633E+02      0.0000E+00      0.0000E+00      5.6069E-02      1.9994E+02   
   5.1500E+01      3.7883E+02      0.0000E+00      0.0000E+00      5.7576E-02      1.9994E+02   
   5.3000E+01      3.8133E+02      0.0000E+00      0.0000E+00      5.9360E-02      1.9994E+02   
   5.4500E+01      3.8383E+02      0.0000E+00      0.0000E+00      6.1467E-02      1.9994E+02   
   5.6000E+01      3.8633E+02      0.0000E+00      0.0000E+00      6.3950E-02      1.9994E+02   
   5.7500E+01      3.8883E+02      0.0000E+00      0.0000E+00      6.6869E-02      1.9993E+02   
   5.9000E+01      3.9133E+02      0.0000E+00      0.0000E+00      7.0292E-02      1.9993E+02   
   6.0500E+01      3.9383E+02      0.0000E+00      0.0000E+00      7.4297E-02      1.9993E+02   
   6.2000E+01      3.9633E+02      0.0000E+00      0.0000E+00      7.8973E-02      1.9992E+02   
   6.3500E+01      3.9883E+02      0.0000E+00      0.0000E+00      8.4420E-02      1.9992E+02   
   6.5000E+01      4.0133E+02      0.0000E+00      0.0000E+00      9.0752E-02      1.9991E+02   
   6.6500E+01      4.0383E+02      0.0000E+00      0.0000E+00      9.8097E-02      1.9990E+02   
   6.8000E+01      4.0633E+02      0.0000E+00      0.0000E+00      1.0660E-01      1.9989E+02   
   6.9500E+01      4.0883E+02      0.0000E+00      0.0000E+00      1.1642E-01      1.9988E+02   
   7.1000E+01      4.1133E+02      0.0000E+00      0.0000E+00      1.2775E-01      1.9987E+02   
   7.2500E+01      4.1383E+02      0.0000E+00      0.0000E+00      1.4078E-01      1.9986E+02   
   7.4000E+01      4.1633E+02      0.0000E+00      0.0000E+00      1.5574E-01      1.9984E+02   
   7.5500E+01      4.1883E+02      0.0000E+00      0.0000E+00      1.7289E-01      1.9983E+02   
   7.7000E+01      4.2133E+02      0.0000E+00      0.0000E+00      1.9251E-01      1.9981E+02   
   7.8500E+01      4.2383E+02      0.0000E+00      0.0000E+00      2.1492E-01      1.9979E+02   
   8.0000E+01      4.2633E+02      0.0000E+00      0.0000E+00      2.4045E-01      1.9976E+02   
   8.1500E+01      4.2883E+02      0.0000E+00      0.0000E+00      2.6949E-01      1.9973E+02   
   8.3000E+01      4.3133E+02      0.0000E+00      0.0000E+00      3.0248E-01      1.9970E+02   
   8.4500E+01      4.3383E+02      0.0000E+00      0.0000E+00      3.3986E-01      1.9966E+02   
   8.6000E+01      4.3633E+02      0.0000E+00      0.0000E+00      3.8215E-01      1.9962E+02   
   8.7500E+01      4.3883E+02      0.0000E+00      0.0000E+00      4.2991E-01      1.9957E+02   
   8.9000E+01      4.4133E+02      0.0000E+00      0.0000E+00      4.8376E-01      1.9952E+02   
   9.0513E+01      4.4386E+02      0.0000E+00      0.0000E+00      5.4611E-01      1.9945E+02   
   9.1586E+01      4.4564E+02      0.0000E+00      0.0000E+00      5.9560E-01      1.9940E+02   
   9.2728E+01      4.4755E+02      0.0000E+00      0.0000E+00      6.5306E-01      1.9935E+02   
   9.3946E+01      4.4958E+02      0.0000E+00      0.0000E+00      7.2034E-01      1.9928E+02   
   9.5250E+01      4.5175E+02      0.0000E+00      0.0000E+00      7.9984E-01      1.9920E+02   
   9.6654E+01      4.5409E+02      0.0000E+00      0.0000E+00      8.9476E-01      1.9911E+02   
   9.8172E+01      4.5662E+02      0.0000E+00      0.0000E+00      1.0094E+00      1.9899E+02   
   9.9823E+01      4.5937E+02      0.0000E+00      0.0000E+00      1.1499E+00      1.9885E+02   
   1.0163E+02      4.6238E+02      0.0000E+00      0.0000E+00      1.3244E+00      1.9868E+02   
   1.0362E+02      4.6570E+02      0.0000E+00      0.0000E+00      1.5454E+00      1.9845E+02   
   1.0470E+02      4.6750E+02      0.0000E+00      0.0000E+00      1.6787E+00      1.9832E+02   
   1.0584E+02      4.6939E+02      0.0000E+00      0.0000E+00      1.8311E+00      1.9817E+02   
   1.0704E+02      4.7141E+02      0.0000E+00      0.0000E+00      2.0064E+00      1.9799E+02   
   1.0833E+02      4.7355E+02      0.0000E+00      0.0000E+00      2.2097E+00      1.9779E+02   
   1.0970E+02      4.7583E+02      0.0000E+00      0.0000E+00      2.4472E+00      1.9755E+02   
   1.1117E+02      4.7828E+02      0.0000E+00      0.0000E+00      2.7271E+00      1.9727E+02   
   1.1274E+02      4.8091E+02      0.0000E+00      0.0000E+00      3.0602E+00      1.9694E+02   
   1.1445E+02      4.8375E+02      0.0000E+00      0.0000E+00      3.4610E+00      1.9654E+02   
   1.1631E+02      4.8684E+02      0.0000E+00      0.0000E+00      3.9494E+00      1.9605E+02   
   1.1833E+02      4.9022E+02      0.0000E+00      0.0000E+00      4.5529E+00      1.9545E+02   
   1.2056E+02      4.9394E+02      0.0000E+00      0.0000E+00      5.3109E+00      1.9469E+02   
   1.2304E+02      4.9807E+02      0.0000E+00      0.0000E+00      6.2811E+00      1.9372E+02   
   1.2582E+02      5.0271E+02      0.0000E+00      0.0000E+00      7.5506E+00      1.9245E+02   
   1.2898E+02      5.0797E+02      0.0000E+00      0.0000E+00      9.2557E+00      1.9074E+02   
   1.3261E+02      5.1402E+02      0.0000E+00      0.0000E+00      1.1619E+01      1.8838E+02   
   1.3687E+02      5.2112E+02      0.0000E+00      0.0000E+00      1.5023E+01      1.8498E+02   
   1.4198E+02      5.2964E+02      0.0000E+00      0.0000E+00      2.0162E+01      1.7984E+02   
   1.4830E+02      5.4017E+02      0.0000E+00      0.0000E+00      2.8399E+01      1.7160E+02   
   1.5645E+02      5.5374E+02      0.0000E+00      0.0000E+00      3.7257E+01      1.6274E+02   
   1.6337E+02      5.6528E+02      0.0000E+00      0.0000E+00      4.5610E+01      1.5439E+02   
   1.6905E+02      5.7475E+02      0.0000E+00      0.0000E+00      5.3360E+01      1.4664E+02   
   1.7392E+02      5.8286E+02      0.0000E+00      0.0000E+00      6.0558E+01      1.3944E+02   
   1.7819E+02      5.8999E+02      0.0000E+00      0.0000E+00      6.7288E+01      1.3271E+02   
   1.8202E+02      5.9637E+02      0.0000E+00      0.0000E+00      7.3628E+01      1.2637E+02   
   1.8550E+02      6.0216E+02      0.0000E+00      0.0000E+00      7.9645E+01      1.2036E+02   
   1.8869E+02      6.0748E+02      0.0000E+00      0.0000E+00      8.5391E+01      1.1461E+02   
   1.9164E+02      6.1239E+02      0.0000E+00      0.0000E+00      9.0906E+01      1.0909E+02   
   1.9439E+02      6.1698E+02      0.0000E+00      0.0000E+00      9.6223E+01      1.0378E+02   
   1.9696E+02      6.2127E+02      0.0000E+00      0.0000E+00      1.0137E+02      9.8633E+01   
   1.9939E+02      6.2532E+02      0.0000E+00      0.0000E+00      1.0636E+02      9.3643E+01   
   2.0169E+02      6.2914E+02      0.0000E+00      0.0000E+00      1.1121E+02      8.8790E+01   
   2.0387E+02      6.3278E+02      0.0000E+00      0.0000E+00      1.1594E+02      8.4060E+01   
   2.0594E+02      6.3624E+02      0.0000E+00      0.0000E+00      1.2056E+02      7.9442E+01   
   2.0793E+02      6.3954E+02      0.0000E+00      0.0000E+00      1.2507E+02      7.4927E+01   
   2.0982E+02      6.4271E+02      0.0000E+00      0.0000E+00      1.2949E+02      7.0507E+01   
   2.1165E+02      6.4574E+02      0.0000E+00      0.0000E+00      1.3383E+02      6.6174E+01   
   2.1340E+02      6.4867E+02      0.0000E+00      0.0000E+00      1.3808E+02      6.1922E+01   
   2.1509E+02      6.5148E+02      0.0000E+00      0.0000E+00      1.4225E+02      5.7745E+01   
   2.1672E+02      6.5420E+02      0.0000E+00      0.0000E+00      1.4636E+02      5.3640E+01   
   2.1829E+02      6.5682E+02      0.0000E+00      0.0000E+00      1.5040E+02      4.9601E+01   
   2.1982E+02      6.5936E+02      0.0000E+00      0.0000E+00      1.5437E+02      4.5625E+01   
   2.2130E+02      6.6183E+02      0.0000E+00      0.0000E+00      1.5829E+02      4.1709E+01   
   2.2273E+02      6.6421E+02      0.0000E+00      0.0000E+00      1.6215E+02      3.7848E+01   
   2.2412E+02      6.6654E+02      0.0000E+00      0.0000E+00      1.6596E+02      3.4041E+01   
   2.2548E+02      6.6879E+02      0.0000E+00      0.0000E+00      1.6972E+02      3.0284E+01   
   2.2679E+02      6.7099E+02      0.0000E+00      0.0000E+00      1.7342E+02      2.6576E+01   
   2.2808E+02      6.7313E+02      0.0000E+00      0.0000E+00      1.7709E+02      2.2914E+01   
   2.2933E+02      6.7522E+02      0.0000E+00      0.0000E+00      1.8070E+02      1.9295E+01   
   2.3055E+02      6.7725E+02      0.0000E+00      0.0000E+00      1.8428E+02      1.5719E+01   
   2.3175E+02      6.7924E+02      0.0000E+00      0.0000E+00      1.8782E+02      1.2184E+01   
   2.3291E+02      6.8119E+02      0.0000E+00      0.0000E+00      1.9131E+02      8.6868E+00   
   2.3405E+02      6.8309E+02      0.0000E+00      0.0000E+00      1.9477E+02      5.2272E+00   
   2.3517E+02      6.8494E+02      0.0000E+00      0.0000E+00      1.9820E+02      1.8035E+00   
   2.3626E+02      6.8676E+02      0.0000E+00      0.0000E+00      1.9851E+02      1.4869E+00   
   2.3736E+02      6.8860E+02      0.0000E+00      0.0000E+00      2.0010E+02     -9.9653E-02   
   2.3846E+02      6.9043E+02      0.0000E+00      0.0000E+00      2.0010E+02     -9.9653E-02   
   2.3956E+02      6.9226E+02      0.0000E+00      0.0000E+00      2.0010E+02     -9.9653E-02   
   2.4066E+02      6.9409E+02      0.0000E+00      0.0000E+00      2.0010E+02     -9.9653E-02   
   2.4176E+02      6.9593E+02      0.0000E+00      0.0000E+00      2.0010E+02     -9.9653E-02   
   2.4285E+02      6.9776E+02      0.0000E+00      0.0000E+00      2.0010E+02     -9.9653E-02   
   2.4395E+02      6.9959E+02      0.0000E+00      0.0000E+00      2.0010E+02     -9.9653E-02   
   2.4505E+02      7.0142E+02      0.0000E+00      0.0000E+00      2.0010E+02     -9.9653E-02   
   2.4615E+02      7.0325E+02      0.0000E+00      0.0000E+00      2.0010E+02     -9.9653E-02   
   2.4725E+02      7.0509E+02      0.0000E+00      0.0000E+00      2.0010E+02     -9.9653E-02   
   2.4835E+02      7.0692E+02      0.0000E+00      0.0000E+00      2.0010E+02     -9.9653E-02   
   2.4945E+02      7.0875E+02      0.0000E+00      0.0000E+00      2.0010E+02     -9.9653E-02   
   2.5055E+02      7.1058E+02      0.0000E+00      0.0000E+00      2.0010E+02     -9.9653E-02   
   2.5165E+02      7.1242E+02      0.0000E+00      0.0000E+00      2.0010E+02     -9.9653E-02   
   2.5275E+02      7.1425E+02      0.0000E+00      0.0000E+00      2.0010E+02     -9.9653E-02   
   2.5385E+02      7.1608E+02      0.0000E+00      0.0000E+00      2.0010E+02     -9.9653E-02   
   2.5495E+02      7.1791E+02      0.0000E+00      0.0000E+00      2.0010E+02     -9.9653E-02   
   2.5605E+02      7.1975E+02      0.0000E+00      0.0000E+00      2.0010E+02     -9.9653E-02   
   2.5715E+02      7.2158E+02      0.0000E+00      0.0000E+00      2.0010E+02     -9.9653E-02   
   2.5825E+02      7.2300E+02      0.0000E+00      0.0000E+00      2.0010E+02     -9.9653E-02   
   2.5935E+02      7.2300E+02      0.0000E+00      0.0000E+00      2.0010E+02     -9.9653E-02   
   2.6045E+02      7.2300E+02      0.0000E+00      0.0000E+00      2.0010E+02     -9.9653E-02   
   2.6155E+02      7.2300E+02      0.0000E+00      0.0000E+00      2.0010E+02     -9.9653E-02   
   2.6265E+02      7.2300E+02      0.0000E+00      0.0000E+00      2.0010E+02     -9.9653E-02   
   2.6374E+02      7.2300E+02      0.0000E+00      0.0000E+00      2.0010E+02     -9.9653E-02   
   2.6484E+02      7.2300E+02      0.0000E+00      0.0000E+00      2.0010E+02     -9.9653E-02   
   2.6594E+02      7.2300E+02      0.0000E+00      0.0000E+00      2.0010E+02     -9.9653E-02   
   2.6704E+02      7.2300E+02      0.0000E+00      0.0000E+00      2.0010E+02     -9.9653E-02   
   2.6814E+02      7.2300E+02      0.0000E+00      0.0000E+00      2.0010E+02     -9.9653E-02   
   2.6924E+02      7.2300E+02      0.0000E+00      0.0000E+00      2.0010E+02     -9.9653E-02   
   2.7034E+02      7.2300E+02      0.0000E+00      0.0000E+00      2.0010E+02     -9.9653E-02   
   2.7144E+02      7.2300E+02      0.0000E+00      0.0000E+00      2.0010E+02     -9.9653E-02   
   2.7254E+02      7.2300E+02      0.0000E+00      0.0000E+00      2.0010E+02     -9.9653E-02   
   2.7364E+02      7.2300E+02      0.0000E+00      0.0000E+00      2.0010E+02     -9.9653E-02   
   2.7474E+02      7.2300E+02      0.0000E+00      0.0000E+00      2.0010E+02     -9.9653E-02   
   2.7584E+02      7.2300E+02      0.0000E+00      0.0000E+00      2.0010E+02     -9.9653E-02   
   2.7694E+02      7.2300E+02      0.0000E+00      0.0000E+00      2.0010E+02     -9.9653E-02   
   2.7804E+02      7.2300E+02      0.0000E+00      0.0000E+00      2.0010E+02     -9.9653E-02   
   2.7914E+02      7.2300E+02      0.0000E+00      0.0000E+00      2.0010E+02     -9.9653E-02   
   2.8024E+02      7.2300E+02      0.0000E+00      0.0000E+00      2.0010E+02     -9.9653E-02   
   2.8134E+02      7.2300E+02      0.0000E+00      0.0000E+00      2.0010E+02     -9.9653E-02   
   2.8244E+02      7.2300E+02      0.0000E+00      0.0000E+00      2.0010E+02     -9.9653E-02   
   2.8354E+02      7.2300E+02      0.0000E+00      0.0000E+00      2.0010E+02     -9.9653E-02   
   2.8464E+02      7.2300E+02      0.0000E+00      0.0000E+00      2.0010E+02     -9.9653E-02   
   2.8574E+02      7.2300E+02      0.0000E+00      0.0000E+00      2.0010E+02     -9.9653E-02   
   2.8684E+02      7.2300E+02      0.0000E+00      0.0000E+00      2.0010E+02     -9.9653E-02   
   2.8794E+02      7.2300E+02      0.0000E+00      0.0000E+00      2.0010E+02     -9.9653E-02   
   2.8903E+02      7.2300E+02      0.0000E+00      0.0000E+00      2.0010E+02     -9.9653E-02   
   2.9013E+02      7.2300E+02      0.0000E+00      0.0000E+00      2.0010E+02     -9.9653E-02   
   2.9123E+02      7.2300E+02      0.0000E+00      0.0000E+00      2.0010E+02     -9.9653E-02   
   2.9233E+02      7.2300E+02      0.0000E+00      0.0000E+00      2.0010E+02     -9.9653E-02   
   2.9343E+02      7.2300E+02      0.0000E+00      0.0000E+00      2.0010E+02     -9.9653E-02   
   2.9453E+02      7.2300E+02      0.0000E+00      0.0000E+00      2.0010E+02     -9.9653E-02   
   2.9563E+02      7.2300E+02      0.0000E+00      0.0000E+00      2.0010E+02     -9.9653E-02   
   2.9673E+02      7.2300E+02      0.0000E+00      0.0000E+00      2.0010E+02     -9.9653E-02   
   2.9783E+02      7.2300E+02      0.0000E+00      0.0000E+00      2.0010E+02     -9.9653E-02   
   2.9893E+02      7.2300E+02      0.0000E+00      0.0000E+00      2.0010E+02     -9.9653E-02   
   3.0003E+02      7.2300E+02      0.0000E+00      0.0000E+00      2.0010E+02     -9.9653E-02   
   3.0113E+02      7.2300E+02      0.0000E+00      0.0000E+00      2.0010E+02     -9.9653E-02   
   3.0223E+02      7.2300E+02      0.0000E+00      0.0000E+00      2.0010E+02     -9.9653E-02   
   3.0333E+02      7.2300E+02      0.0000E+00      0.0000E+00      2.0010E+02     -9.9653E-02   
   3.0443E+02      7.2300E+02      0.0000E+00      0.0000E+00      2.0010E+02     -9.9653E-02   
   3.0553E+02      7.2300E+02      0.0000E+00      0.0000E+00      2.0010E+02     -9.9653E-02   
   3.0663E+02      7.2300E+02      0.0000E+00      0.0000E+00      2.0010E+02     -9.9653E-02   
   3.0773E+02      7.2300E+02      0.0000E+00      0.0000E+00      2.0010E+02     -9.9653E-02   
   3.0883E+02      7.2300E+02      0.0000E+00      0.0000E+00      2.0010E+02     -9.9653E-02   
   3.0993E+02      7.2300E+02      0.0000E+00      0.0000E+00      2.0010E+02     -9.9653E-02   
   3.1103E+02      7.2300E+02      0.0000E+00      0.0000E+00      2.0010E+02     -9.9653E-02   
   3.1213E+02      7.2300E+02      0.0000E+00      0.0000E+00      2.0010E+02     -9.9653E-02   
   3.1322E+02      7.2300E+02      0.0000E+00      0.0000E+00      2.0010E+02     -9.9653E-02   
   3.1432E+02      7.2300E+02      0.0000E+00      0.0000E+00      2.0010E+02     -9.9653E-02   
   3.1542E+02      7.2300E+02      0.0000E+00      0.0000E+00      2.0010E+02     -9.9653E-02   
   3.1652E+02      7.2300E+02      0.0000E+00      0.0000E+00      2.0010E+02     -9.9653E-02   
   3.1762E+02      7.2300E+02      0.0000E+00      0.0000E+00      2.0010E+02     -9.9653E-02   
   3.1872E+02      7.2300E+02      0.0000E+00      0.0000E+00      2.0010E+02     -9.9653E-02   
   3.1982E+02      7.2300E+02      0.0000E+00      0.0000E+00      2.0010E+02     -9.9653E-02   
   3.2092E+02      7.2300E+02      0.0000E+00      0.0000E+00      2.0010E+02     -9.9653E-02   
   3.2202E+02      7.2300E+02      0.0000E+00      0.0000E+00      2.0010E+02     -9.9653E-02   
   3.2312E+02      7.2300E+02      0.0000E+00      0.0000E+00      2.0010E+02     -9.9653E-02   
   3.2422E+02      7.2300E+02      0.0000E+00      0.0000E+00      2.0010E+02     -9.9653E-02   
   3.2532E+02      7.2300E+02      0.0000E+00      0.0000E+00      2.0010E+02     -9.9653E-02   
   3.2642E+02      7.2300E+02      0.0000E+00      0.0000E+00      2.0010E+02     -9.9653E-02   
   3.2752E+02      7.2300E+02      0.0000E+00      0.0000E+00      2.0010E+02     -9.9653E-02   
   3.2862E+02      7.2300E+02      0.0000E+00      0.0000E+00      2.0010E+02     -9.9653E-02   
   3.2972E+02      7.2300E+02      0.0000E+00      0.0000E+00      2.0010E+02     -9.9653E-02   
   3.3082E+02      7.2300E+02      0.0000E+00      0.0000E+00      2.0010E+02     -9.9653E-02   
   3.3192E+02      7.2300E+02      0.0000E+00      0.0000E+00      2.0010E+02     -9.9653E-02   
   3.3302E+02      7.2300E+02      0.0000E+00      0.0000E+00      2.0010E+02     -9.9653E-02   
   3.3412E+02      7.2300E+02      0.0000E+00      0.0000E+00      2.0010E+02     -9.9653E-02   
   3.3522E+02      7.2300E+02      0.0000E+00      0.0000E+00      2.0010E+02     -9.9653E-02   
   3.3632E+02      7.2300E+02      0.0000E+00      0.0000E+00      2.0010E+02     -9.9653E-02   
   3.3742E+02      7.2300E+02      0.0000E+00      0.0000E+00      2.0010E+02     -9.9653E-02   
   3.3851E+02      7.2300E+02      0.0000E+00      0.0000E+00      2.0010E+02     -9.9653E-02   
   3.3961E+02      7.2300E+02      0.0000E+00      0.0000E+00      2.0010E+02     -9.9653E-02   
   3.4071E+02      7.2300E+02      0.0000E+00      0.0000E+00      2.0010E+02     -9.9653E-02   
   3.4181E+02      7.2300E+02      0.0000E+00      0.0000E+00      2.0010E+02     -9.9653E-02   
   3.4291E+02      7.2300E+02      0.0000E+00      0.0000E+00      2.0010E+02     -9.9653E-02   
   3.4401E+02      7.2300E+02      0.0000E+00      0.0000E+00      2.0010E+02     -9.9653E-02   
   3.4511E+02      7.2300E+02      0.0000E+00      0.0000E+00      2.0010E+02     -9.9653E-02   
   3.4621E+02      7.2300E+02      0.0000E+00      0.0000E+00      2.0010E+02     -9.9653E-02   
   3.4731E+02      7.2300E+02      0.0000E+00      0.0000E+00      2.0010E+02     -9.9653E-02   
   3.4841E+02      7.2300E+02      0.0000E+00      0.0000E+00      2.0010E+02     -9.9653E-02   
   3.4951E+02      7.2300E+02      0.0000E+00      0.0000E+00      2.0010E+02     -9.9653E-02   
   3.5061E+02      7.2300E+02      0.0000E+00      0.0000E+00      2.0010E+02     -9.9653E-02   
   3.5171E+02      7.2300E+02      0.0000E+00      0.0000E+00      2.0010E+02     -9.9653E-02   
   3.5281E+02      7.2300E+02      0.0000E+00      0.0000E+00      2.0010E+02     -9.9653E-02   
   3.5391E+02      7.2300E+02      0.0000E+00      0.0000E+00      2.0010E+02     -9.9653E-02   
   3.5501E+02      7.2300E+02      0.0000E+00      0.0000E+00      2.0010E+02     -9.9653E-02   
   3.5611E+02      7.2300E+02      0.0000E+00      0.0000E+00      2.0010E+02     -9.9653E-02   
   3.5721E+02      7.2300E+02      0.0000E+00      0.0000E+00      2.0010E+02     -9.9653E-02   
   3.5831E+02      7.2300E+02      0.0000E+00      0.0000E+00      2.0010E+02     -9.9653E-02   
   3.5941E+02      7.2300E+02      0.0000E+00      0.0000E+00      2.0010E+02     -9.9653E-02   
   3.6051E+02      7.2300E+02      0.0000E+00      0.0000E+00      2.0010E+02     -9.9653E-02   
   3.6161E+02      7.2300E+02      0.0000E+00      0.0000E+00      2.0010E+02     -9.9653E-02   
   3.6271E+02      7.2300E+02      0.0000E+00      0.0000E+00      2.0010E+02     -9.9653E-02   
   3.6380E+02      7.2300E+02      0.0000E+00      0.0000E+00      2.0010E+02     -9.9653E-02   
   3.6490E+02      7.2300E+02      0.0000E+00      0.0000E+00      2.0010E+02     -9.9653E-02   
   3.6600E+02      7.2300E+02      0.0000E+00      0.0000E+00      2.0010E+02     -9.9653E-02   
   3.6710E+02      7.2300E+02      0.0000E+00      0.0000E+00      2.0010E+02     -9.9653E-02   
   3.6820E+02      7.2300E+02      0.0000E+00      0.0000E+00      2.0010E+02     -9.9653E-02   
   3.6930E+02      7.2300E+02      0.0000E+00      0.0000E+00      2.0010E+02     -9.9653E-02   
   3.7040E+02      7.2300E+02      0.0000E+00      0.0000E+00      2.0010E+02     -9.9653E-02   
   3.7150E+02      7.2300E+02      0.0000E+00      0.0000E+00      2.0010E+02     -9.9653E-02   
   3.7260E+02      7.2300E+02      0.0000E+00      0.0000E+00      2.0010E+02     -9.9653E-02   
   3.7370E+02      7.2300E+02      0.0000E+00      0.0000E+00      2.0010E+02     -9.9653E-02   
   3.7480E+02      7.2300E+02      0.0000E+00      0.0000E+00      2.0010E+02     -9.9653E-02   
   3.7590E+02      7.2300E+02      0.0000E+00      0.0000E+00      2.0010E+02     -9.9653E-02   
   3.7700E+02      7.2300E+02      0.0000E+00      0.0000E+00      2.0010E+02     -9.9653E-02   
   3.7810E+02      7.2300E+02      0.0000E+00      0.0000E+00      2.0010E+02     -9.9653E-02   
   3.7920E+02      7.2300E+02      0.0000E+00      0.0000E+00      2.0010E+02     -9.9653E-02   
   3.8030E+02      7.2300E+02      0.0000E+00      0.0000E+00      2.0010E+02     -9.9653E-02   
   3.8140E+02      7.2300E+02      0.0000E+00      0.0000E+00      2.0010E+02     -9.9653E-02   
   3.8250E+02      7.2300E+02      0.0000E+00      0.0000E+00      2.0010E+02     -9.9653E-02   
   3.8360E+02      7.2300E+02      0.0000E+00      0.0000E+00      2.0010E+02     -9.9653E-02   
   3.8470E+02      7.2300E+02      0.0000E+00      0.0000E+00      2.0010E+02     -9.9653E-02   
   3.8580E+02      7.2300E+02      0.0000E+00      0.0000E+00      2.0010E+02     -9.9653E-02   
   3.8690E+02      7.2300E+02      0.0000E+00      0.0000E+00      2.0010E+02     -9.9653E-02   
   3.8799E+02      7.2300E+02      0.0000E+00      0.0000E+00      2.0010E+02     -9.9653E-02   
   3.8909E+02      7.2300E+02      0.0000E+00      0.0000E+00      2.0010E+02     -9.9653E-02   
   3.9019E+02      7.2300E+02      0.0000E+00      0.0000E+00      2.0010E+02     -9.9653E-02   
   3.9129E+02      7.2300E+02      0.0000E+00      0.0000E+00      2.0010E+02     -9.9653E-02   
   3.9239E+02      7.2300E+02      0.0000E+00      0.0000E+00      2.0010E+02     -9.9653E-02   
   3.9349E+02      7.2300E+02      0.0000E+00      0.0000E+00      2.0010E+02     -9.9653E-02   
   3.9459E+02      7.2300E+02      0.0000E+00      0.0000E+00      2.0010E+02     -9.9653E-02   
   3.9569E+02      7.2300E+02      0.0000E+00      0.0000E+00      2.0010E+02     -9.9653E-02   
   3.9679E+02      7.2300E+02      0.0000E+00      0.0000E+00      2.0010E+02     -9.9653E-02   
   3.9789E+02      7.2300E+02      0.0000E+00      0.0000E+00      2.0010E+02     -9.9653E-02   
   3.9899E+02      7.2300E+02      0.0000E+00      0.0000E+00      2.0010E+02     -9.9653E-02   
   4.0009E+02      7.2300E+02      0.0000E+00      0.0000E+00      2.0010E+02     -9.9653E-02   
   4.0119E+02      7.2300E+02      0.0000E+00      0.0000E+00      2.0010E+02     -9.9653E-02   
   4.0229E+02      7.2300E+02      0.0000E+00      0.0000E+00      2.0010E+02     -9.9653E-02   
   4.0339E+02      7.2300E+02      0.0000E+00      0.0000E+00      2.0010E+02     -9.9653E-02   
   4.0449E+02      7.2300E+02      0.0000E+00      0.0000E+00      2.0010E+02     -9.9653E-02   
   4.0559E+02      7.2300E+02      0.0000E+00      0.0000E+00      2.0010E+02     -9.9653E-02   
   4.0669E+02      7.2300E+02      0.0000E+00      0.0000E+00      2.0010E+02     -9.9653E-02   
   4.0779E+02      7.2300E+02      0.0000E+00      0.0000E+00      2.0010E+02     -9.9653E-02   
   4.0889E+02      7.2300E+02      0.0000E+00      0.0000E+00      2.0010E+02     -9.9653E-02   
   4.0999E+02      7.2300E+02      0.0000E+00      0.0000E+00      2.0010E+02     -9.9653E-02   
   4.1109E+02      7.2300E+02      0.0000E+00      0.0000E+00      2.0010E+02     -9.9653E-02   
   4.1219E+02      7.2300E+02      0.0000E+00      0.0000E+00      2.0010E+02     -9.9653E-02   
   4.1328E+02      7.2300E+02      0.0000E+00      0.0000E+00      2.0010E+02     -9.9653E-02   
   4.1438E+02      7.2300E+02      0.0000E+00      0.0000E+00      2.0010E+02     -9.9653E-02   
   4.1548E+02      7.2300E+02      0.0000E+00      0.0000E+00      2.0010E+02     -9.9653E-02   
   4.1658E+02      7.2300E+02      0.0000E+00      0.0000E+00      2.0010E+02     -9.9653E-02   
   4.1768E+02      7.2300E+02      0.0000E+00      0.0000E+00      2.0010E+02     -9.9653E-02   
   4.1878E+02      7.2300E+02      0.0000E+00      0.0000E+00      2.0010E+02     -9.9653E-02   
   4.1988E+02      7.2300E+02      0.0000E+00      0.0000E+00      2.0010E+02     -9.9653E-02   
   4.2098E+02      7.2300E+02      0.0000E+00      0.0000E+00      2.0010E+02     -9.9653E-02   
   4.2208E+02      7.2300E+02      0.0000E+00      0.0000E+00      2.0010E+02     -9.9653E-02   
   4.2318E+02      7.2300E+02      0.0000E+00      0.0000E+00      2.0010E+02     -9.9653E-02   
   4.2428E+02      7.2300E+02      0.0000E+00      0.0000E+00      2.0010E+02     -9.9653E-02   
   4.2538E+02      7.2300E+02      0.0000E+00      0.0000E+00      2.0010E+02     -9.9653E-02   
   4.2648E+02      7.2300E+02      0.0000E+00      0.0000E+00      2.0010E+02     -9.9653E-02   
   4.2758E+02      7.2300E+02      0.0000E+00      0.0000E+00      2.0010E+02     -9.9653E-02   
   4.2868E+02      7.2300E+02      0.0000E+00      0.0000E+00      2.0010E+02     -9.9653E-02   
   4.2978E+02      7.2300E+02      0.0000E+00      0.0000E+00      2.0010E+02     -9.9653E-02   
   4.3088E+02      7.2300E+02      0.0000E+00      0.0000E+00      2.0010E+02     -9.9653E-02   
   4.3198E+02      7.2300E+02      0.0000E+00      0.0000E+00      2.0010E+02     -9.9653E-02   
   4.3308E+02      7.2300E+02      0.0000E+00      0.0000E+00      2.0010E+02     -9.9653E-02   
   4.3418E+02      7.2300E+02      0.0000E+00      0.0000E+00      2.0010E+02     -9.9653E-02   
   4.3528E+02      7.2300E+02      0.0000E+00      0.0000E+00      2.0010E+02     -9.9653E-02   
   4.3638E+02      7.2300E+02      0.0000E+00      0.0000E+00      2.0010E+02     -9.9653E-02   
   4.3747E+02      7.2300E+02      0.0000E+00      0.0000E+00      2.0010E+02     -9.9653E-02   
   4.3857E+02      7.2300E+02      0.0000E+00      0.0000E+00      2.0010E+02     -9.9653E-02   
   4.3967E+02      7.2300E+02      0.0000E+00      0.0000E+00      2.0010E+02     -9.9653E-02   
   4.4077E+02      7.2300E+02      0.0000E+00      0.0000E+00      2.0010E+02     -9.9653E-02   
   4.4187E+02      7.2300E+02      0.0000E+00      0.0000E+00      2.0010E+02     -9.9653E-02   
   4.4297E+02      7.2300E+02      0.0000E+00      0.0000E+00      2.0010E+02     -9.9653E-02   
   4.4407E+02      7.2300E+02      0.0000E+00      0.0000E+00      2.0010E+02     -9.9653E-02   
   4.4517E+02      7.2300E+02      0.0000E+00      0.0000E+00      2.0010E+02     -9.9653E-02   
   4.4627E+02      7.2300E+02      0.0000E+00      0.0000E+00      2.0010E+02     -9.9653E-02   
   4.4737E+02      7.2300E+02      0.0000E+00      0.0000E+00      2.0010E+02     -9.9653E-02   
   4.4847E+02      7.2300E+02      0.0000E+00      0.0000E+00      2.0010E+02     -9.9653E-02   
   4.4957E+02      7.2300E+02      0.0000E+00      0.0000E+00      2.0010E+02     -9.9653E-02   
   4.5067E+02      7.2300E+02      0.0000E+00      0.0000E+00      2.0010E+02     -9.9653E-02   
   4.5177E+02      7.2300E+02      0.0000E+00      0.0000E+00      2.0010E+02     -9.9653E-02   
   4.5287E+02      7.2300E+02      0.0000E+00      0.0000E+00      2.0010E+02     -9.9653E-02   
   4.5397E+02      7.2300E+02      0.0000E+00      0.0000E+00      2.0010E+02     -9.9653E-02   
   4.5507E+02      7.2300E+02      0.0000E+00      0.0000E+00      2.0010E+02     -9.9653E-02   
   4.5617E+02      7.2300E+02      0.0000E+00      0.0000E+00      2.0010E+02     -9.9653E-02   
   4.5727E+02      7.2300E+02      0.0000E+00      0.0000E+00      2.0010E+02     -9.9653E-02   
   4.5837E+02      7.2300E+02      0.0000E+00      0.0000E+00      2.0010E+02     -9.9653E-02   
   4.5947E+02      7.2300E+02      0.0000E+00      0.0000E+00      2.0010E+02     -9.9653E-02   
   4.6057E+02      7.2300E+02      0.0000E+00      0.0000E+00      2.0010E+02     -9.9653E-02   
   4.6167E+02      7.2300E+02      0.0000E+00      0.0000E+00      2.0010E+02     -9.9653E-02   
   4.6276E+02      7.2300E+02      0.0000E+00      0.0000E+00      2.0010E+02     -9.9653E-02   
   4.6386E+02      7.2300E+02      0.0000E+00      0.0000E+00      2.0010E+02     -9.9653E-02   
   4.6496E+02      7.2300E+02      0.0000E+00      0.0000E+00      2.0010E+02     -9.9653E-02   
   4.6606E+02      7.2300E+02      0.0000E+00      0.0000E+00      2.0010E+02     -9.9653E-02   
   4.6716E+02      7.2300E+02      0.0000E+00      0.0000E+00      2.0010E+02     -9.9653E-02   
   4.6826E+02      7.2300E+02      0.0000E+00      0.0000E+00      2.0010E+02     -9.9653E-02   
   4.6936E+02      7.2300E+02      0.0000E+00      0.0000E+00      2.0010E+02     -9.9653E-02   
   4.7046E+02      7.2300E+02      0.0000E+00      0.0000E+00      2.0010E+02     -9.9653E-02   
   4.7156E+02      7.2300E+02      0.0000E+00      0.0000E+00      2.0010E+02     -9.9653E-02   
   4.7266E+02      7.2300E+02      0.0000E+00      0.0000E+00      2.0010E+02     -9.9653E-02   
   4.7376E+02      7.2300E+02      0.0000E+00      0.0000E+00      2.0010E+02     -9.9653E-02   
   4.7486E+02      7.2300E+02      0.0000E+00      0.0000E+00      2.0010E+02     -9.9653E-02   
   4.7596E+02      7.2300E+02      0.0000E+00      0.0000E+00      2.0010E+02     -9.9653E-02   
   4.7706E+02      7.2300E+02      0.0000E+00      0.0000E+00      2.0010E+02     -9.9653E-02   
   4.7816E+02      7.2300E+02      0.0000E+00      0.0000E+00      2.0010E+02     -9.9653E-02   
   4.7926E+02      7.2300E+02      0.0000E+00      0.0000E+00      2.0010E+02     -9.9653E-02   
   4.8036E+02      7.2300E+02      0.0000E+00      0.0000E+00      2.0010E+02     -9.9653E-02   
   4.8146E+02      7.2300E+02      0.0000E+00      0.0000E+00      2.0010E+02     -9.9653E-02   
   4.8256E+02      7.2300E+02      0.0000E+00      0.0000E+00      2.0010E+02     -9.9653E-02   
   4.8366E+02      7.2300E+02      0.0000E+00      0.0000E+00      2.0010E+02     -9.9653E-02   
   4.8476E+02      7.2300E+02      0.0000E+00      0.0000E+00      2.0010E+02     -9.9653E-02   
   4.8586E+02      7.2300E+02      0.0000E+00      0.0000E+00      2.0010E+02     -9.9653E-02   
   4.8696E+02      7.2300E+02      0.0000E+00      0.0000E+00      2.0010E+02     -9.9653E-02   
   4.8805E+02      7.2300E+02      0.0000E+00      0.0000E+00      2.0010E+02     -9.9653E-02   
   4.8915E+02      7.2300E+02      0.0000E+00      0.0000E+00      2.0010E+02     -9.9653E-02   
   4.9025E+02      7.2300E+02      0.0000E+00      0.0000E+00      2.0010E+02     -9.9653E-02   
   4.9135E+02      7.2300E+02      0.0000E+00      0.0000E+00      2.0010E+02     -9.9653E-02   
   4.9245E+02      7.2300E+02      0.0000E+00      0.0000E+00      2.0010E+02     -9.9653E-02   
   4.9355E+02      7.2300E+02      0.0000E+00      0.0000E+00      2.0010E+02     -9.9653E-02   
   4.9465E+02      7.2300E+02      0.0000E+00      0.0000E+00      2.0010E+02     -9.9653E-02   
   4.9575E+02      7.2300E+02      0.0000E+00      0.0000E+00      2.0010E+02     -9.9653E-02   
   4.9685E+02      7.2300E+02      0.0000E+00      0.0000E+00      2.0010E+02     -9.9653E-02   
   4.9795E+02      7.2300E+02      0.0000E+00      0.0000E+00      2.0010E+02     -9.9653E-02   
   4.9905E+02      7.2300E+02      0.0000E+00      0.0000E+00      2.0010E+02     -9.9653E-02   
   5.0015E+02      7.2300E+02      0.0000E+00      0.0000E+00      2.0010E+02     -9.9653E-02   
   5.0125E+02      7.2300E+02      0.0000E+00      0.0000E+00      2.0010E+02     -9.9653E-02   
   5.0235E+02      7.2300E+02      0.0000E+00      0.0000E+00      2.0010E+02     -9.9653E-02   
   5.0345E+02      7.2300E+02      0.0000E+00      0.0000E+00      2.0010E+02     -9.9653E-02   
   5.0455E+02      7.2300E+02      0.0000E+00      0.0000E+00      2.0010E+02     -9.9653E-02   
   5.0565E+02      7.2300E+02      0.0000E+00      0.0000E+00      2.0010E+02     -9.9653E-02   
   5.0675E+02      7.2300E+02      0.0000E+00      0.0000E+00      2.0010E+02     -9.9653E-02   
   5.0785E+02      7.2300E+02      0.0000E+00      0.0000E+00      2.0010E+02     -9.9653E-02   
   5.0895E+02      7.2300E+02      0.0000E+00      0.0000E+00      2.0010E+02     -9.9653E-02   
   5.1005E+02      7.2300E+02      0.0000E+00      0.0000E+00      2.0010E+02     -9.9653E-02   
   5.1115E+02      7.2300E+02      0.0000E+00      0.0000E+00      2.0010E+02     -9.9653E-02   
   5.1224E+02      7.2300E+02      0.0000E+00      0.0000E+00      2.0010E+02     -9.9653E-02   
   5.1334E+02      7.2300E+02      0.0000E+00      0.0000E+00      2.0010E+02     -9.9653E-02   
   5.1444E+02      7.2300E+02      0.0000E+00      0.0000E+00      2.0010E+02     -9.9653E-02   
   5.1554E+02      7.2300E+02      0.0000E+00      0.0000E+00      2.0010E+02     -9.9653E-02   
   5.1664E+02      7.2300E+02      0.0000E+00      0.0000E+00      2.0010E+02     -9.9653E-02   
   5.1774E+02      7.2300E+02      0.0000E+00      0.0000E+00      2.0010E+02     -9.9653E-02   
   5.1884E+02      7.2300E+02      0.0000E+00      0.0000E+00      2.0010E+02     -9.9653E-02   
   5.1994E+02      7.2300E+02      0.0000E+00      0.0000E+00      2.0010E+02     -9.9653E-02   
   5.2104E+02      7.2300E+02      0.0000E+00      0.0000E+00      2.0010E+02     -9.9653E-02   
   5.2214E+02      7.2300E+02      0.0000E+00      0.0000E+00      2.0010E+02     -9.9653E-02   
   5.2324E+02      7.2300E+02      0.0000E+00      0.0000E+00      2.0010E+02     -9.9653E-02   
   5.2434E+02      7.2300E+02      0.0000E+00      0.0000E+00      2.0010E+02     -9.9653E-02   
   5.2544E+02      7.2300E+02      0.0000E+00      0.0000E+00      2.0010E+02     -9.9653E-02   
   5.2654E+02      7.2300E+02      0.0000E+00      0.0000E+00      2.0010E+02     -9.9653E-02   
   5.2764E+02      7.2300E+02      0.0000E+00      0.0000E+00      2.0010E+02     -9.9653E-02   
   5.2874E+02      7.2300E+02      0.0000E+00      0.0000E+00      2.0010E+02     -9.9653E-02   
   5.2984E+02      7.2300E+02      0.0000E+00      0.0000E+00      2.0010E+02     -9.9653E-02   
   5.3094E+02      7.2300E+02      0.0000E+00      0.0000E+00      2.0010E+02     -9.9653E-02   
   5.3204E+02      7.2300E+02      0.0000E+00      0.0000E+00      2.0010E+02     -9.9653E-02   
   5.3314E+02      7.2300E+02      0.0000E+00      0.0000E+00      2.0010E+02     -9.9653E-02   
   5.3424E+02      7.2300E+02      0.0000E+00      0.0000E+00      2.0010E+02     -9.9653E-02   
   5.3534E+02      7.2300E+02      0.0000E+00      0.0000E+00      2.0010E+02     -9.9653E-02   
   5.3644E+02      7.2300E+02      0.0000E+00      0.0000E+00      2.0010E+02     -9.9653E-02   
   5.3753E+02      7.2300E+02      0.0000E+00      0.0000E+00      2.0010E+02     -9.9653E-02   
   5.3863E+02      7.2300E+02      0.0000E+00      0.0000E+00      2.0010E+02     -9.9653E-02   
   5.3973E+02      7.2300E+02      0.0000E+00      0.0000E+00      2.0010E+02     -9.9653E-02   
   5.4083E+02      7.2300E+02      0.0000E+00      0.0000E+00      2.0010E+02     -9.9653E-02   
   5.4193E+02      7.2300E+02      0.0000E+00      0.0000E+00      2.0010E+02     -9.9653E-02   
   5.4303E+02      7.2300E+02      0.0000E+00      0.0000E+00      2.0010E+02     -9.9653E-02   
   5.4413E+02      7.2300E+02      0.0000E+00      0.0000E+00      2.0010E+02     -9.9653E-02   
   5.4523E+02      7.2300E+02      0.0000E+00      0.0000E+00      2.0010E+02     -9.9653E-02   
   5.4633E+02      7.2300E+02      0.0000E+00      0.0000E+00      2.0010E+02     -9.9653E-02   
   5.4743E+02      7.2300E+02      0.0000E+00      0.0000E+00      2.0010E+02     -9.9653E-02   
   5.4853E+02      7.2300E+02      0.0000E+00      0.0000E+00      2.0010E+02     -9.9653E-02   
   5.4963E+02      7.2300E+02      0.0000E+00      0.0000E+00      2.0010E+02     -9.9653E-02   
   5.5073E+02      7.2300E+02      0.0000E+00      0.0000E+00      2.0010E+02     -9.9653E-02   
   5.5183E+02      7.2300E+02      0.0000E+00      0.0000E+00      2.0010E+02     -9.9653E-02   
   5.5293E+02      7.2300E+02      0.0000E+00      0.0000E+00      2.0010E+02     -9.9653E-02   
   5.5403E+02      7.2300E+02      0.0000E+00      0.0000E+00      2.0010E+02     -9.9653E-02   
   5.5513E+02      7.2300E+02      0.0000E+00      0.0000E+00      2.0010E+02     -9.9653E-02   
   5.5623E+02      7.2300E+02      0.0000E+00      0.0000E+00      2.0010E+02     -9.9653E-02   
   5.5733E+02      7.2300E+02      0.0000E+00      0.0000E+00      2.0010E+02     -9.9653E-02   
   5.5843E+02      7.2300E+02      0.0000E+00      0.0000E+00      2.0010E+02     -9.9653E-02   
   5.5953E+02      7.2300E+02      0.0000E+00      0.0000E+00      2.0010E+02     -9.9653E-02   
   5.6063E+02      7.2300E+02      0.0000E+00      0.0000E+00      2.0010E+02     -9.9653E-02   
   5.6172E+02      7.2300E+02      0.0000E+00      0.0000E+00      2.0010E+02     -9.9653E-02   
   5.6282E+02      7.2300E+02      0.0000E+00      0.0000E+00      2.0010E+02     -9.9653E-02   
   5.6392E+02      7.2300E+02      0.0000E+00      0.0000E+00      2.0010E+02     -9.9653E-02   
   5.6502E+02      7.2300E+02      0.0000E+00      0.0000E+00      2.0010E+02     -9.9653E-02   
   5.6612E+02      7.2300E+02      0.0000E+00      0.0000E+00      2.0010E+02     -9.9653E-02   
   5.6722E+02      7.2300E+02      0.0000E+00      0.0000E+00      2.0010E+02     -9.9653E-02   
   5.6832E+02      7.2300E+02      0.0000E+00      0.0000E+00      2.0010E+02     -9.9653E-02   
   5.6942E+02      7.2300E+02      0.0000E+00      0.0000E+00      2.0010E+02     -9.9653E-02   
   5.7052E+02      7.2300E+02      0.0000E+00      0.0000E+00      2.0010E+02     -9.9653E-02   
   5.7162E+02      7.2300E+02      0.0000E+00      0.0000E+00      2.0010E+02     -9.9653E-02   
   5.7272E+02      7.2300E+02      0.0000E+00      0.0000E+00      2.0010E+02     -9.9653E-02   
   5.7382E+02      7.2300E+02      0.0000E+00      0.0000E+00      2.0010E+02     -9.9653E-02   
   5.7492E+02      7.2300E+02      0.0000E+00      0.0000E+00      2.0010E+02     -9.9653E-02   
   5.7602E+02      7.2300E+02      0.0000E+00      0.0000E+00      2.0010E+02     -9.9653E-02   
   5.7712E+02      7.2300E+02      0.0000E+00      0.0000E+00      2.0010E+02     -9.9653E-02   
   5.7822E+02      7.2300E+02      0.0000E+00      0.0000E+00      2.0010E+02     -9.9653E-02   
   5.7932E+02      7.2300E+02      0.0000E+00      0.0000E+00      2.0010E+02     -9.9653E-02   
   5.8042E+02      7.2300E+02      0.0000E+00      0.0000E+00      2.0010E+02     -9.9653E-02   
   5.8152E+02      7.2300E+02      0.0000E+00      0.0000E+00      2.0010E+02     -9.9653E-02   
   5.8262E+02      7.2300E+02      0.0000E+00      0.0000E+00      2.0010E+02     -9.9653E-02   
   5.8372E+02      7.2300E+02      0.0000E+00      0.0000E+00      2.0010E+02     -9.9653E-02   
   5.8482E+02      7.2300E+02      0.0000E+00      0.0000E+00      2.0010E+02     -9.9653E-02   
   5.8592E+02      7.2300E+02      0.0000E+00      0.0000E+00      2.0010E+02     -9.9653E-02   
   5.8701E+02      7.2300E+02      0.0000E+00      0.0000E+00      2.0010E+02     -9.9653E-02   
   5.8811E+02      7.2300E+02      0.0000E+00      0.0000E+00      2.0010E+02     -9.9653E-02   
   5.8921E+02      7.2300E+02      0.0000E+00      0.0000E+00      2.0010E+02     -9.9653E-02   
   5.9031E+02      7.2300E+02      0.0000E+00      0.0000E+00      2.0010E+02     -9.9653E-02   
   5.9141E+02      7.2300E+02      0.0000E+00      0.0000E+00      2.0010E+02     -9.9653E-02   
   5.9251E+02      7.2300E+02      0.0000E+00      0.0000E+00      2.0010E+02     -9.9653E-02   
   5.9361E+02      7.2300E+02      0.0000E+00      0.0000E+00      2.0010E+02     -9.9653E-02   
   5.9471E+02      7.2300E+02      0.0000E+00      0.0000E+00      2.0010E+02     -9.9653E-02   
   5.9581E+02      7.2300E+02      0.0000E+00      0.0000E+00      2.0010E+02     -9.9653E-02   
   5.9691E+02      7.2300E+02      0.0000E+00      0.0000E+00      2.0010E+02     -9.9653E-02   
   5.9801E+02      7.2300E+02      0.0000E+00      0.0000E+00      2.0010E+02     -9.9653E-02   
   5.9911E+02      7.2300E+02      0.0000E+00      0.0000E+00      2.0010E+02     -9.9653E-02   
   6.0021E+02      7.2300E+02      0.0000E+00      0.0000E+00      2.0010E+02     -9.9653E-02   
   6.0131E+02      7.2300E+02      0.0000E+00      0.0000E+00      2.0010E+02     -9.9653E-02   
   6.0241E+02      7.2300E+02      0.0000E+00      0.0000E+00      2.0010E+02     -9.9653E-02   
   6.0351E+02      7.2300E+02      0.0000E+00      0.0000E+00      2.0010E+02     -9.9653E-02   
   6.0461E+02      7.2300E+02      0.0000E+00      0.0000E+00      2.0010E+02     -9.9653E-02   
   6.0571E+02      7.2300E+02      0.0000E+00      0.0000E+00      2.0010E+02     -9.9653E-02   
   6.0681E+02      7.2300E+02      0.0000E+00      0.0000E+00      2.0010E+02     -9.9653E-02   
   6.0791E+02      7.2300E+02      0.0000E+00      0.0000E+00      2.0010E+02     -9.9653E-02   
   6.0901E+02      7.2300E+02      0.0000E+00      0.0000E+00      2.0010E+02     -9.9653E-02   
   6.1011E+02      7.2300E+02      0.0000E+00      0.0000E+00      2.0010E+02     -9.9653E-02   
   6.1121E+02      7.2300E+02      0.0000E+00      0.0000E+00      2.0010E+02     -9.9653E-02   
   6.1230E+02      7.2300E+02      0.0000E+00      0.0000E+00      2.0010E+02     -9.9653E-02   
   6.1340E+02      7.2300E+02      0.0000E+00      0.0000E+00      2.0010E+02     -9.9653E-02   
   6.1450E+02      7.2300E+02      0.0000E+00      0.0000E+00      2.0010E+02     -9.9653E-02   
   6.1560E+02      7.2300E+02      0.0000E+00      0.0000E+00      2.0010E+02     -9.9653E-02   
   6.1670E+02      7.2300E+02      0.0000E+00      0.0000E+00      2.0010E+02     -9.9653E-02   
   6.1780E+02      7.2300E+02      0.0000E+00      0.0000E+00      2.0010E+02     -9.9653E-02   
   6.1890E+02      7.2300E+02      0.0000E+00      0.0000E+00      2.0010E+02     -9.9653E-02   
   6.2000E+02      7.2300E+02      0.0000E+00      0.0000E+00      2.0010E+02     -9.9653E-02   
   6.2110E+02      7.2300E+02      0.0000E+00      0.0000E+00      2.0010E+02     -9.9653E-02   
   6.2220E+02      7.2300E+02      0.0000E+00      0.0000E+00      2.0010E+02     -9.9653E-02   
   6.2330E+02      7.2300E+02      0.0000E+00      0.0000E+00      2.0010E+02     -9.9653E-02   
   6.2440E+02      7.2300E+02      0.0000E+00      0.0000E+00      2.0010E+02     -9.9653E-02   
   6.2550E+02      7.2300E+02      0.0000E+00      0.0000E+00      2.0010E+02     -9.9653E-02   
   6.2660E+02      7.2300E+02      0.0000E+00      0.0000E+00      2.0010E+02     -9.9653E-02   
   6.2770E+02      7.2300E+02      0.0000E+00      0.0000E+00      2.0010E+02     -9.9653E-02   
   6.2880E+02      7.2300E+02      0.0000E+00      0.0000E+00      2.0010E+02     -9.9653E-02   
   6.2990E+02      7.2300E+02      0.0000E+00      0.0000E+00      2.0010E+02     -9.9653E-02   
   6.3100E+02      7.2300E+02      0.0000E+00      0.0000E+00      2.0010E+02     -9.9653E-02   
   6.3210E+02      7.2300E+02      0.0000E+00      0.0000E+00      2.0010E+02     -9.9653E-02   
   6.3320E+02      7.2300E+02      0.0000E+00      0.0000E+00      2.0010E+02     -9.9653E-02   
   6.3430E+02      7.2300E+02      0.0000E+00      0.0000E+00      2.0010E+02     -9.9653E-02   
   6.3540E+02      7.2300E+02      0.0000E+00      0.0000E+00      2.0010E+02     -9.9653E-02   
   6.3649E+02      7.2300E+02      0.0000E+00      0.0000E+00      2.0010E+02     -9.9653E-02   
   6.3759E+02      7.2300E+02      0.0000E+00      0.0000E+00      2.0010E+02     -9.9653E-02   
   6.3869E+02      7.2300E+02      0.0000E+00      0.0000E+00      2.0010E+02     -9.9653E-02   
   6.3979E+02      7.2300E+02      0.0000E+00      0.0000E+00      2.0010E+02     -9.9653E-02   
   6.4089E+02      7.2300E+02      0.0000E+00      0.0000E+00      2.0010E+02     -9.9653E-02   
   6.4199E+02      7.2300E+02      0.0000E+00      0.0000E+00      2.0010E+02     -9.9653E-02   
   6.4309E+02      7.2300E+02      0.0000E+00      0.0000E+00      2.0010E+02     -9.9653E-02   
   6.4419E+02      7.2300E+02      0.0000E+00      0.0000E+00      2.0010E+02     -9.9653E-02   
   6.4529E+02      7.2300E+02      0.0000E+00      0.0000E+00      2.0010E+02     -9.9653E-02   
   6.4639E+02      7.2300E+02      0.0000E+00      0.0000E+00      2.0010E+02     -9.9653E-02   
   6.4749E+02      7.2300E+02      0.0000E+00      0.0000E+00      2.0010E+02     -9.9653E-02   
   6.4859E+02      7.2300E+02      0.0000E+00      0.0000E+00      2.0010E+02     -9.9653E-02   
   6.4969E+02      7.2300E+02      0.0000E+00      0.0000E+00      2.0010E+02     -9.9653E-02   
   6.5079E+02      7.2300E+02      0.0000E+00      0.0000E+00      2.0010E+02     -9.9653E-02   
   6.5189E+02      7.2300E+02      0.0000E+00      0.0000E+00      2.0010E+02     -9.9653E-02   
   6.5299E+02      7.2300E+02      0.0000E+00      0.0000E+00      2.0010E+02     -9.9653E-02   
   6.5409E+02      7.2300E+02      0.0000E+00      0.0000E+00      2.0010E+02     -9.9653E-02   
   6.5519E+02      7.2300E+02      0.0000E+00      0.0000E+00      2.0010E+02     -9.9653E-02   
   6.5629E+02      7.2300E+02      0.0000E+00      0.0000E+00      2.0010E+02     -9.9653E-02   
   6.5739E+02      7.2300E+02      0.0000E+00      0.0000E+00      2.0010E+02     -9.9653E-02   
   6.5849E+02      7.2300E+02      0.0000E+00      0.0000E+00      2.0010E+02     -9.9653E-02   
   6.5959E+02      7.2300E+02      0.0000E+00      0.0000E+00      2.0010E+02     -9.9653E-02   
   6.6069E+02      7.2300E+02      0.0000E+00      0.0000E+00      2.0010E+02     -9.9653E-02   
   6.6178E+02      7.2300E+02      0.0000E+00      0.0000E+00      2.0010E+02     -9.9653E-02   
   6.6288E+02      7.2300E+02      0.0000E+00      0.0000E+00      2.0010E+02     -9.9653E-02   
   6.6398E+02      7.2300E+02      0.0000E+00      0.0000E+00      2.0010E+02     -9.9653E-02   
   6.6508E+02      7.2300E+02      0.0000E+00      0.0000E+00      2.0010E+02     -9.9653E-02   
   6.6618E+02      7.2300E+02      0.0000E+00      0.0000E+00      2.0010E+02     -9.9653E-02   
   6.6728E+02      7.2300E+02      0.0000E+00      0.0000E+00      2.0010E+02     -9.9653E-02   
   6.6838E+02      7.2300E+02      0.0000E+00      0.0000E+00      2.0010E+02     -9.9653E-02   
   6.6948E+02      7.2300E+02      0.0000E+00      0.0000E+00      2.0010E+02     -9.9653E-02   
   6.7058E+02      7.2300E+02      0.0000E+00      0.0000E+00      2.0010E+02     -9.9653E-02   
   6.7168E+02      7.2300E+02      0.0000E+00      0.0000E+00      2.0010E+02     -9.9653E-02   
   6.7278E+02      7.2300E+02      0.0000E+00      0.0000E+00      2.0010E+02     -9.9653E-02   
   6.7388E+02      7.2300E+02      0.0000E+00      0.0000E+00      2.0010E+02     -9.9653E-02   
   6.7498E+02      7.2300E+02      0.0000E+00      0.0000E+00      2.0010E+02     -9.9653E-02   
   6.7608E+02      7.2300E+02      0.0000E+00      0.0000E+00      2.0010E+02     -9.9653E-02   
   6.7718E+02      7.2300E+02      0.0000E+00      0.0000E+00      2.0010E+02     -9.9653E-02   
   6.7828E+02      7.2300E+02      0.0000E+00      0.0000E+00      2.0010E+02     -9.9653E-02   
   6.7938E+02      7.2300E+02      0.0000E+00      0.0000E+00      2.0010E+02     -9.9653E-02   
   6.8048E+02      7.2300E+02      0.0000E+00      0.0000E+00      2.0010E+02     -9.9653E-02   
   6.8158E+02      7.2300E+02      0.0000E+00      0.0000E+00      2.0010E+02     -9.9653E-02   
   6.8268E+02      7.2300E+02      0.0000E+00      0.0000E+00      2.0010E+02     -9.9653E-02   
   6.8378E+02      7.2300E+02      0.0000E+00      0.0000E+00      2.0010E+02     -9.9653E-02   
   6.8488E+02      7.2300E+02      0.0000E+00      0.0000E+00      2.0010E+02     -9.9653E-02   
   6.8597E+02      7.2300E+02      0.0000E+00      0.0000E+00      2.0010E+02     -9.9653E-02   
   6.8707E+02      7.2300E+02      0.0000E+00      0.0000E+00      2.0010E+02     -9.9653E-02   
   6.8817E+02      7.2300E+02      0.0000E+00      0.0000E+00      2.0010E+02     -9.9653E-02   
   6.8927E+02      7.2300E+02      0.0000E+00      0.0000E+00      2.0010E+02     -9.9653E-02   
   6.9037E+02      7.2300E+02      0.0000E+00      0.0000E+00      2.0010E+02     -9.9653E-02   
   6.9147E+02      7.2300E+02      0.0000E+00      0.0000E+00      2.0010E+02     -9.9653E-02   
   6.9257E+02      7.2300E+02      0.0000E+00      0.0000E+00      2.0010E+02     -9.9653E-02   
   6.9367E+02      7.2300E+02      0.0000E+00      0.0000E+00      2.0010E+02     -9.9653E-02   
   6.9477E+02      7.2300E+02      0.0000E+00      0.0000E+00      2.0010E+02     -9.9653E-02   
   6.9587E+02      7.2300E+02      0.0000E+00      0.0000E+00      2.0010E+02     -9.9653E-02   
   6.9697E+02      7.2300E+02      0.0000E+00      0.0000E+00      2.0010E+02     -9.9653E-02   
   6.9807E+02      7.2300E+02      0.0000E+00      0.0000E+00      2.0010E+02     -9.9653E-02   
   6.9917E+02      7.2300E+02      0.0000E+00      0.0000E+00      2.0010E+02     -9.9653E-02   
   7.0027E+02      7.2300E+02      0.0000E+00      0.0000E+00      2.0010E+02     -9.9653E-02   
   7.0137E+02      7.2300E+02      0.0000E+00      0.0000E+00      2.0010E+02     -9.9653E-02   
   7.0247E+02      7.2300E+02      0.0000E+00      0.0000E+00      2.0010E+02     -9.9653E-02   
   7.0357E+02      7.2300E+02      0.0000E+00      0.0000E+00      2.0010E+02     -9.9653E-02   
   7.0467E+02      7.2300E+02      0.0000E+00      0.0000E+00      2.0010E+02     -9.9653E-02   
   7.0577E+02      7.2300E+02      0.0000E+00      0.0000E+00      2.0010E+02     -9.9653E-02   
   7.0687E+02      7.2300E+02      0.0000E+00      0.0000E+00      2.0010E+02     -9.9653E-02   
   7.0797E+02      7.2300E+02      0.0000E+00      0.0000E+00      2.0010E+02     -9.9653E-02   
   7.0907E+02      7.2300E+02      0.0000E+00      0.0000E+00      2.0010E+02     -9.9653E-02   
   7.1017E+02      7.2300E+02      0.0000E+00      0.0000E+00      2.0010E+02     -9.9653E-02   
   7.1126E+02      7.2300E+02      0.0000E+00      0.0000E+00      2.0010E+02     -9.9653E-02   
   7.1236E+02      7.2300E+02      0.0000E+00      0.0000E+00      2.0010E+02     -9.9653E-02   
   7.1346E+02      7.2300E+02      0.0000E+00      0.0000E+00      2.0010E+02     -9.9653E-02   
   7.1456E+02      7.2300E+02      0.0000E+00      0.0000E+00      2.0010E+02     -9.9653E-02   
   7.1566E+02      7.2300E+02      0.0000E+00      0.0000E+00      2.0010E+02     -9.9653E-02   
   7.1676E+02      7.2300E+02      0.0000E+00      0.0000E+00      2.0010E+02     -9.9653E-02   
   7.1786E+02      7.2300E+02      0.0000E+00      0.0000E+00      2.0010E+02     -9.9653E-02   
   7.1896E+02      7.2300E+02      0.0000E+00      0.0000E+00      2.0010E+02     -9.9653E-02   
   7.2006E+02      7.2300E+02      0.0000E+00      0.0000E+00      2.0010E+02     -9.9653E-02   
   7.2116E+02      7.2300E+02      0.0000E+00      0.0000E+00      2.0010E+02     -9.9653E-02   
   7.2226E+02      7.2300E+02      0.0000E+00      0.0000E+00      2.0010E+02     -9.9653E-02   
   7.2336E+02      7.2300E+02      0.0000E+00      0.0000E+00      2.0010E+02     -9.9653E-02   
   7.2446E+02      7.2300E+02      0.0000E+00      0.0000E+00      2.0010E+02     -9.9653E-02   
   7.2556E+02      7.2300E+02      0.0000E+00      0.0000E+00      2.0010E+02     -9.9653E-02   
   7.2666E+02      7.2300E+02      0.0000E+00      0.0000E+00      2.0010E+02     -9.9653E-02   
   7.2776E+02      7.2300E+02      0.0000E+00      0.0000E+00      2.0010E+02     -9.9653E-02   
   7.2886E+02      7.2300E+02      0.0000E+00      0.0000E+00      2.0010E+02     -9.9653E-02   
   7.2996E+02      7.2300E+02      0.0000E+00      0.0000E+00      2.0010E+02     -9.9653E-02   
   7.3106E+02      7.2300E+02      0.0000E+00      0.0000E+00      2.0010E+02     -9.9653E-02   
   7.3216E+02      7.2300E+02      0.0000E+00      0.0000E+00      2.0010E+02     -9.9653E-02   
   7.3326E+02      7.2300E+02      0.0000E+00      0.0000E+00      2.0010E+02     -9.9653E-02   
   7.3436E+02      7.2300E+02      0.0000E+00      0.0000E+00      2.0010E+02     -9.9653E-02   
   7.3546E+02      7.2300E+02      0.0000E+00      0.0000E+00      2.0010E+02     -9.9653E-02   
   7.3655E+02      7.2300E+02      0.0000E+00      0.0000E+00      2.0010E+02     -9.9653E-02   
   7.3765E+02      7.2300E+02      0.0000E+00      0.0000E+00      2.0010E+02     -9.9653E-02   
   7.3875E+02      7.2300E+02      0.0000E+00      0.0000E+00      2.0010E+02     -9.9653E-02   
   7.3985E+02      7.2300E+02      0.0000E+00      0.0000E+00      2.0010E+02     -9.9653E-02   
   7.4095E+02      7.2300E+02      0.0000E+00      0.0000E+00      2.0010E+02     -9.9653E-02   
   7.4205E+02      7.2300E+02      0.0000E+00      0.0000E+00      2.0010E+02     -9.9653E-02   
   7.4315E+02      7.2300E+02      0.0000E+00      0.0000E+00      2.0010E+02     -9.9653E-02   
   7.4425E+02      7.2300E+02      0.0000E+00      0.0000E+00      2.0010E+02     -9.9653E-02   
   7.4535E+02      7.2300E+02      0.0000E+00      0.0000E+00      2.0010E+02     -9.9653E-02   
   7.4645E+02      7.2300E+02      0.0000E+00      0.0000E+00      2.0010E+02     -9.9653E-02   
   7.4755E+02      7.2300E+02      0.0000E+00      0.0000E+00      2.0010E+02     -9.9653E-02   
   7.4865E+02      7.2300E+02      0.0000E+00      0.0000E+00      2.0010E+02     -9.9653E-02   
   7.4975E+02      7.2300E+02      0.0000E+00      0.0000E+00      2.0010E+02     -9.9653E-02   
   7.5085E+02      7.2300E+02      0.0000E+00      0.0000E+00      2.0010E+02     -9.9653E-02   
   7.5195E+02      7.2300E+02      0.0000E+00      0.0000E+00      2.0010E+02     -9.9653E-02   
   7.5305E+02      7.2300E+02      0.0000E+00      0.0000E+00      2.0010E+02     -9.9653E-02   
   7.5415E+02      7.2300E+02      0.0000E+00      0.0000E+00      2.0010E+02     -9.9653E-02   
   7.5525E+02      7.2300E+02      0.0000E+00      0.0000E+00      2.0010E+02     -9.9653E-02   
   7.5635E+02      7.2300E+02      0.0000E+00      0.0000E+00      2.0010E+02     -9.9653E-02   
   7.5745E+02      7.2300E+02      0.0000E+00      0.0000E+00      2.0010E+02     -9.9653E-02   
   7.5855E+02      7.2300E+02      0.0000E+00      0.0000E+00      2.0010E+02     -9.9653E-02   
   7.5965E+02      7.2300E+02      0.0000E+00      0.0000E+00      2.0010E+02     -9.9653E-02   
   7.6074E+02      7.2300E+02      0.0000E+00      0.0000E+00      2.0010E+02     -9.9653E-02   
   7.6184E+02      7.2300E+02      0.0000E+00      0.0000E+00      2.0010E+02     -9.9653E-02   
   7.6294E+02      7.2300E+02      0.0000E+00      0.0000E+00      2.0010E+02     -9.9653E-02   
   7.6404E+02      7.2300E+02      0.0000E+00      0.0000E+00      2.0010E+02     -9.9653E-02   
   7.6514E+02      7.2300E+02      0.0000E+00      0.0000E+00      2.0010E+02     -9.9653E-02   
   7.6624E+02      7.2300E+02      0.0000E+00      0.0000E+00      2.0010E+02     -9.9653E-02   
   7.6734E+02      7.2300E+02      0.0000E+00      0.0000E+00      2.0010E+02     -9.9653E-02   
   7.6844E+02      7.2300E+02      0.0000E+00      0.0000E+00      2.0010E+02     -9.9653E-02   
   7.6954E+02      7.2300E+02      0.0000E+00      0.0000E+00      2.0010E+02     -9.9653E-02   
   7.7064E+02      7.2300E+02      0.0000E+00      0.0000E+00      2.0010E+02     -9.9653E-02   
   7.7174E+02      7.2300E+02      0.0000E+00      0.0000E+00      2.0010E+02     -9.9653E-02   
   7.7284E+02      7.2300E+02      0.0000E+00      0.0000E+00      2.0010E+02     -9.9653E-02   
   7.7394E+02      7.2300E+02      0.0000E+00      0.0000E+00      2.0010E+02     -9.9653E-02   
   7.7504E+02      7.2300E+02      0.0000E+00      0.0000E+00      2.0010E+02     -9.9653E-02   
   7.7614E+02      7.2300E+02      0.0000E+00      0.0000E+00      2.0010E+02     -9.9653E-02   
   7.7724E+02      7.2300E+02      0.0000E+00      0.0000E+00      2.0010E+02     -9.9653E-02   
   7.7834E+02      7.2300E+02      0.0000E+00      0.0000E+00      2.0010E+02     -9.9653E-02   
   7.7944E+02      7.2300E+02      0.0000E+00      0.0000E+00      2.0010E+02     -9.9653E-02   
   7.8054E+02      7.2300E+02      0.0000E+00      0.0000E+00      2.0010E+02     -9.9653E-02   
   7.8164E+02      7.2300E+02      0.0000E+00      0.0000E+00      2.0010E+02     -9.9653E-02   
   7.8274E+02      7.2300E+02      0.0000E+00      0.0000E+00      2.0010E+02     -9.9653E-02   
   7.8384E+02      7.2300E+02      0.0000E+00      0.0000E+00      2.0010E+02     -9.9653E-02   
   7.8494E+02      7.2300E+02      0.0000E+00      0.0000E+00      2.0010E+02     -9.9653E-02   
   7.8603E+02      7.2300E+02      0.0000E+00      0.0000E+00      2.0010E+02     -9.9653E-02   
   7.8713E+02      7.2300E+02      0.0000E+00      0.0000E+00      2.0010E+02     -9.9653E-02   
   7.8823E+02      7.2300E+02      0.0000E+00      0.0000E+00      2.0010E+02     -9.9653E-02   
   7.8933E+02      7.2300E+02      0.0000E+00      0.0000E+00      2.0010E+02     -9.9653E-02   
   7.9043E+02      7.2300E+02      0.0000E+00      0.0000E+00      2.0010E+02     -9.9653E-02   
   7.9153E+02      7.2300E+02      0.0000E+00      0.0000E+00      2.0010E+02     -9.9653E-02   
   7.9263E+02      7.2300E+02      0.0000E+00      0.0000E+00      2.0010E+02     -9.9653E-02   
   7.9373E+02      7.2300E+02      0.0000E+00      0.0000E+00      2.0010E+02     -9.9653E-02   
   7.9483E+02      7.2300E+02      0.0000E+00      0.0000E+00      2.0010E+02     -9.9653E-02   
   7.9593E+02      7.2300E+02      0.0000E+00      0.0000E+00      2.0010E+02     -9.9653E-02   
   7.9703E+02      7.2300E+02      0.0000E+00      0.0000E+00      2.0010E+02     -9.9653E-02   
   7.9813E+02      7.2300E+02      0.0000E+00      0.0000E+00      2.0010E+02     -9.9653E-02   
   7.9923E+02      7.2300E+02      0.0000E+00      0.0000E+00      2.0010E+02     -9.9653E-02   
   8.0033E+02      7.2300E+02      0.0000E+00      0.0000E+00      2.0010E+02     -9.9653E-02   
   8.0143E+02      7.2300E+02      0.0000E+00      0.0000E+00      2.0010E+02     -9.9653E-02   
   8.0253E+02      7.2300E+02      0.0000E+00      0.0000E+00      2.0010E+02     -9.9653E-02   
   8.0363E+02      7.2300E+02      0.0000E+00      0.0000E+00      2.0010E+02     -9.9653E-02   
   8.0473E+02      7.2300E+02      0.0000E+00      0.0000E+00      2.0010E+02     -9.9653E-02   
   8.0583E+02      7.2300E+02      0.0000E+00      0.0000E+00      2.0010E+02     -9.9653E-02   
   8.0693E+02      7.2300E+02      0.0000E+00      0.0000E+00      2.0010E+02     -9.9653E-02   
   8.0803E+02      7.2300E+02      0.0000E+00      0.0000E+00      2.0010E+02     -9.9653E-02   
   8.0913E+02      7.2300E+02      0.0000E+00      0.0000E+00      2.0010E+02     -9.9653E-02   
   8.1022E+02      7.2300E+02      0.0000E+00      0.0000E+00      2.0010E+02     -9.9653E-02   
   8.1132E+02      7.2300E+02      0.0000E+00      0.0000E+00      2.0010E+02     -9.9653E-02   
   8.1242E+02      7.2300E+02      0.0000E+00      0.0000E+00      2.0010E+02     -9.9653E-02   
   8.1352E+02      7.2300E+02      0.0000E+00      0.0000E+00      2.0010E+02     -9.9653E-02   
   8.1462E+02      7.2300E+02      0.0000E+00      0.0000E+00      2.0010E+02     -9.9653E-02   
   8.1572E+02      7.2300E+02      0.0000E+00      0.0000E+00      2.0010E+02     -9.9653E-02   
   8.1682E+02      7.2300E+02      0.0000E+00      0.0000E+00      2.0010E+02     -9.9653E-02   
   8.1792E+02      7.2300E+02      0.0000E+00      0.0000E+00      2.0010E+02     -9.9653E-02   
   8.1902E+02      7.2300E+02      0.0000E+00      0.0000E+00      2.0010E+02     -9.9653E-02   
   8.2012E+02      7.2300E+02      0.0000E+00      0.0000E+00      2.0010E+02     -9.9653E-02   
   8.2122E+02      7.2300E+02      0.0000E+00      0.0000E+00      2.0010E+02     -9.9653E-02   
   8.2232E+02      7.2300E+02      0.0000E+00      0.0000E+00      2.0010E+02     -9.9653E-02   
   8.2342E+02      7.2300E+02      0.0000E+00      0.0000E+00      2.0010E+02     -9.9653E-02   
   8.2452E+02      7.2300E+02      0.0000E+00      0.0000E+00      2.0010E+02     -9.9653E-02   
   8.2562E+02      7.2300E+02      0.0000E+00      0.0000E+00      2.0010E+02     -9.9653E-02   
   8.2672E+02      7.2300E+02      0.0000E+00      0.0000E+00      2.0010E+02     -9.9653E-02   
   8.2782E+02      7.2300E+02      0.0000E+00      0.0000E+00      2.0010E+02     -9.9653E-02   
   8.2892E+02      7.2300E+02      0.0000E+00      0.0000E+00      2.0010E+02     -9.9653E-02   
   8.3002E+02      7.2300E+02      0.0000E+00      0.0000E+00      2.0010E+02     -9.9653E-02   
   8.3112E+02      7.2300E+02      0.0000E+00      0.0000E+00      2.0010E+02     -9.9653E-02   
   8.3222E+02      7.2300E+02      0.0000E+00      0.0000E+00      2.0010E+02     -9.9653E-02   
   8.3332E+02      7.2300E+02      0.0000E+00      0.0000E+00      2.0010E+02     -9.9653E-02   
   8.3442E+02      7.2300E+02      0.0000E+00      0.0000E+00      2.0010E+02     -9.9653E-02   
   8.3551E+02      7.2300E+02      0.0000E+00      0.0000E+00      2.0010E+02     -9.9653E-02   
   8.3661E+02      7.2300E+02      0.0000E+00      0.0000E+00      2.0010E+02     -9.9653E-02   
   8.3771E+02      7.2300E+02      0.0000E+00      0.0000E+00      2.0010E+02     -9.9653E-02   
   8.3881E+02      7.2300E+02      0.0000E+00      0.0000E+00      2.0010E+02     -9.9653E-02   
   8.3991E+02      7.2300E+02      0.0000E+00      0.0000E+00      2.0010E+02     -9.9653E-02   
   8.4101E+02      7.2300E+02      0.0000E+00      0.0000E+00      2.0010E+02     -9.9653E-02   
   8.4211E+02      7.2300E+02      0.0000E+00      0.0000E+00      2.0010E+02     -9.9653E-02   
   8.4321E+02      7.2300E+02      0.0000E+00      0.0000E+00      2.0010E+02     -9.9653E-02   
   8.4431E+02      7.2300E+02      0.0000E+00      0.0000E+00      2.0010E+02     -9.9653E-02   
   8.4541E+02      7.2300E+02      0.0000E+00      0.0000E+00      2.0010E+02     -9.9653E-02   
   8.4651E+02      7.2300E+02      0.0000E+00      0.0000E+00      2.0010E+02     -9.9653E-02   
   8.4761E+02      7.2300E+02      0.0000E+00      0.0000E+00      2.0010E+02     -9.9653E-02   
   8.4871E+02      7.2300E+02      0.0000E+00      0.0000E+00      2.0010E+02     -9.9653E-02   
   8.4981E+02      7.2300E+02      0.0000E+00      0.0000E+00      2.0010E+02     -9.9653E-02   
   8.5091E+02      7.2300E+02      0.0000E+00      0.0000E+00      2.0010E+02     -9.9653E-02   
   8.5201E+02      7.2300E+02      0.0000E+00      0.0000E+00      2.0010E+02     -9.9653E-02   
   8.5311E+02      7.2300E+02      0.0000E+00      0.0000E+00      2.0010E+02     -9.9653E-02   
   8.5421E+02      7.2300E+02      0.0000E+00      0.0000E+00      2.0010E+02     -9.9653E-02   
   8.5531E+02      7.2300E+02      0.0000E+00      0.0000E+00      2.0010E+02     -9.9653E-02   
   8.5641E+02      7.2300E+02      0.0000E+00      0.0000E+00      2.0010E+02     -9.9653E-02   
   8.5751E+02      7.2300E+02      0.0000E+00      0.0000E+00      2.0010E+02     -9.9653E-02   
   8.5861E+02      7.2199E+02      0.0000E+00      0.0000E+00      2.0010E+02     -9.9653E-02   
   8.5970E+02      7.2016E+02      0.0000E+00      0.0000E+00      2.0010E+02     -9.9653E-02   
   8.6080E+02      7.1833E+02      0.0000E+00      0.0000E+00      2.0010E+02     -9.9653E-02   
   8.6190E+02      7.1649E+02      0.0000E+00      0.0000E+00      2.0010E+02     -9.9653E-02   
   8.6300E+02      7.1466E+02      0.0000E+00      0.0000E+00      2.0010E+02     -9.9653E-02   
   8.6410E+02      7.1283E+02      0.0000E+00      0.0000E+00      2.0010E+02     -9.9653E-02   
   8.6520E+02      7.1100E+02      0.0000E+00      0.0000E+00      2.0010E+02     -9.9653E-02   
   8.6630E+02      7.0916E+02      0.0000E+00      0.0000E+00      2.0010E+02     -9.9653E-02   
   8.6740E+02      7.0733E+02      0.0000E+00      0.0000E+00      2.0010E+02     -9.9653E-02   
   8.6850E+02      7.0550E+02      0.0000E+00      0.0000E+00      2.0010E+02     -9.9653E-02   
   8.6960E+02      7.0367E+02      0.0000E+00      0.0000E+00      2.0010E+02     -9.9653E-02   
   8.7070E+02      7.0183E+02      0.0000E+00      0.0000E+00      2.0010E+02     -9.9653E-02   
   8.7180E+02      7.0000E+02      0.0000E+00      0.0000E+00      2.0010E+02     -9.9653E-02   
   8.7290E+02      6.9817E+02      0.0000E+00      0.0000E+00      2.0010E+02     -9.9653E-02   
   8.7400E+02      6.9634E+02      0.0000E+00      0.0000E+00      2.0010E+02     -9.9653E-02   
   8.7510E+02      6.9450E+02      0.0000E+00      0.0000E+00      2.0010E+02     -9.9653E-02   
   8.7620E+02      6.9267E+02      0.0000E+00      0.0000E+00      2.0010E+02     -9.9653E-02   
   8.7730E+02      6.9084E+02      0.0000E+00      0.0000E+00      2.0010E+02     -9.9653E-02   
   8.7839E+02      6.8901E+02      0.0000E+00      0.0000E+00      2.0010E+02     -9.9653E-02   
   8.7949E+02      6.8718E+02      0.0000E+00      0.0000E+00      2.0010E+02     -9.9653E-02   
   8.8059E+02      6.8534E+02      0.0000E+00      0.0000E+00      2.0010E+02     -9.9653E-02   
   8.8260E+02      6.8200E+02      0.0000E+00      0.0000E+00      2.0010E+02     -9.9653E-02   
   8.8373E+02      6.8012E+02      0.0000E+00      0.0000E+00      2.0010E+02     -9.9653E-02   
   8.8488E+02      6.7820E+02      0.0000E+00      0.0000E+00      2.0010E+02     -9.9653E-02   
   8.8606E+02      6.7623E+02      0.0000E+00      0.0000E+00      2.0010E+02     -9.9653E-02   
   8.8727E+02      6.7422E+02      0.0000E+00      0.0000E+00      2.0010E+02     -9.9653E-02   
   8.8851E+02      6.7216E+02      0.0000E+00      0.0000E+00      2.0010E+02     -9.9653E-02   
   8.8977E+02      6.7005E+02      0.0000E+00      0.0000E+00      2.0010E+02     -9.9653E-02   
   8.9107E+02      6.6788E+02      0.0000E+00      0.0000E+00      2.0010E+02     -9.9653E-02   
   8.9240E+02      6.6566E+02      0.0000E+00      0.0000E+00      2.0010E+02     -9.9653E-02   
   8.9377E+02      6.6338E+02      0.0000E+00      0.0000E+00      2.0010E+02     -9.9653E-02   
   8.9518E+02      6.6103E+02      0.0000E+00      0.0000E+00      2.0010E+02     -9.9653E-02   
   8.9663E+02      6.5862E+02      0.0000E+00      0.0000E+00      2.0010E+02     -9.9653E-02   
   8.9812E+02      6.5614E+02      0.0000E+00      0.0000E+00      2.0010E+02     -9.9653E-02   
   8.9966E+02      6.5357E+02      0.0000E+00      0.0000E+00      2.0010E+02     -9.9653E-02   
   9.0124E+02      6.5093E+02      0.0000E+00      0.0000E+00      2.0010E+02     -9.9653E-02   
   9.0288E+02      6.4819E+02      0.0000E+00      0.0000E+00      2.0010E+02     -9.9653E-02   
   9.0458E+02      6.4536E+02      0.0000E+00      0.0000E+00      2.0010E+02     -9.9653E-02   
   9.0634E+02      6.4243E+02      0.0000E+00      0.0000E+00      2.0010E+02     -9.9653E-02   
   9.0817E+02      6.3938E+02      0.0000E+00      0.0000E+00      2.0010E+02     -9.9653E-02   
   9.1008E+02      6.3621E+02      0.0000E+00      0.0000E+00      2.0010E+02     -9.9653E-02   
   9.1206E+02      6.3290E+02      0.0000E+00      0.0000E+00      2.0010E+02     -9.9653E-02   
   9.1413E+02      6.2944E+02      0.0000E+00      0.0000E+00      2.0010E+02     -9.9653E-02   
   9.1630E+02      6.2583E+02      0.0000E+00      0.0000E+00      2.0010E+02     -9.9653E-02   
   9.1859E+02      6.2202E+02      0.0000E+00      0.0000E+00      2.0010E+02     -9.9653E-02   
   9.2099E+02      6.1802E+02      0.0000E+00      0.0000E+00      2.0010E+02     -9.9653E-02   
   9.2353E+02      6.1379E+02      0.0000E+00      0.0000E+00      2.0010E+02     -9.9653E-02   
   9.2622E+02      6.0930E+02      0.0000E+00      0.0000E+00      2.0010E+02     -9.9653E-02   
   9.2910E+02      6.0451E+02      0.0000E+00      0.0000E+00      2.0010E+02     -9.9653E-02   
   9.3218E+02      5.9937E+02      0.0000E+00      1.0000E+00      1.9978E+02      2.2452E-01   
   9.3550E+02      5.9383E+02      2.6272E-03      9.9737E-01      1.9877E+02      1.2275E+00   
   9.3911E+02      5.8782E+02      4.1350E-03      9.9586E-01      1.9679E+02      3.2125E+00   
   9.4307E+02      5.8122E+02      4.6819E-03      9.9532E-01      1.9337E+02      6.6335E+00   
   9.4746E+02      5.7391E+02      4.7149E-03      9.9529E-01      1.8781E+02      1.2189E+01   
   9.5239E+02      5.6569E+02      4.3412E-03      9.9566E-01      1.7902E+02      2.0975E+01   
   9.5804E+02      5.5627E+02      3.6496E-03      9.9635E-01      1.6526E+02      3.4743E+01   
   9.6466E+02      5.4523E+02      2.7688E-03      9.9723E-01      1.4376E+02      5.6241E+01   
   9.7271E+02      5.3182E+02      1.8676E-03      9.9813E-01      1.2298E+02      7.7016E+01   
   9.7920E+02      5.2101E+02      1.3929E-03      9.9861E-01      1.0687E+02      9.3130E+01   
   9.8417E+02      5.1271E+02      1.1232E-03      9.9888E-01      9.4726E+01      1.0527E+02   
   9.8821E+02      5.0599E+02      9.4798E-04      9.9905E-01      8.5530E+01      1.1447E+02   
   9.9159E+02      5.0035E+02      8.2364E-04      9.9918E-01      7.8435E+01      1.2157E+02   
   9.9450E+02      4.9550E+02      7.2845E-04      9.9927E-01      7.2830E+01      1.2717E+02   
   9.9705E+02      4.9125E+02      6.5118E-04      9.9935E-01      6.8293E+01      1.3171E+02   
   9.9932E+02      4.8747E+02      5.8598E-04      9.9941E-01      6.4534E+01      1.3547E+02   
   1.0014E+03      4.8408E+02      5.2972E-04      9.9947E-01      6.1356E+01      1.3864E+02   
   1.0032E+03      4.8100E+02      4.8062E-04      9.9952E-01      5.8622E+01      1.4138E+02   
   1.0049E+03      4.7818E+02      4.3754E-04      9.9956E-01      5.6235E+01      1.4376E+02   
   1.0064E+03      4.7559E+02      3.9964E-04      9.9960E-01      5.4125E+01      1.4587E+02   
   1.0079E+03      4.7319E+02      3.6621E-04      9.9963E-01      5.2241E+01      1.4776E+02   
   1.0092E+03      4.7095E+02      3.3666E-04      9.9966E-01      5.0544E+01      1.4946E+02   
   1.0105E+03      4.6886E+02      3.1047E-04      9.9969E-01      4.9004E+01      1.5100E+02   
   1.0117E+03      4.6690E+02      2.8720E-04      9.9971E-01      4.7598E+01      1.5240E+02   
   1.0128E+03      4.6506E+02      2.6645E-04      9.9973E-01      4.6306E+01      1.5369E+02   
   1.0138E+03      4.6332E+02      2.4789E-04      9.9975E-01      4.5114E+01      1.5489E+02   
   1.0157E+03      4.6010E+02      2.1622E-04      9.9978E-01      4.2983E+01      1.5702E+02   
   1.0175E+03      4.5719E+02      1.9037E-04      9.9981E-01      4.1125E+01      1.5887E+02   
   1.0191E+03      4.5453E+02      1.6900E-04      9.9983E-01      3.9488E+01      1.6051E+02   
   1.0206E+03      4.5208E+02      1.5114E-04      9.9985E-01      3.8030E+01      1.6197E+02   
   1.0219E+03      4.4982E+02      1.3604E-04      9.9986E-01      3.6721E+01      1.6328E+02   
   1.0232E+03      4.4772E+02      1.2317E-04      9.9988E-01      3.5536E+01      1.6446E+02   
   1.0243E+03      4.4576E+02      1.1210E-04      9.9989E-01      3.4458E+01      1.6554E+02   
   1.0254E+03      4.4392E+02      1.0251E-04      9.9990E-01      3.3471E+01      1.6653E+02   
   1.0265E+03      4.4220E+02      9.4891E-05      9.9991E-01      3.2562E+01      1.6744E+02   
   1.0280E+03      4.3970E+02      8.7324E-05      9.9991E-01      3.1301E+01      1.6870E+02   
   1.0295E+03      4.3720E+02      7.7075E-05      9.9992E-01      3.0091E+01      1.6991E+02   
   1.0310E+03      4.3470E+02      6.7548E-05      9.9993E-01      2.8916E+01      1.7108E+02   
   1.0325E+03      4.3220E+02      5.9050E-05      9.9994E-01      2.7776E+01      1.7222E+02   
   1.0340E+03      4.2970E+02      5.1520E-05      9.9995E-01      2.6667E+01      1.7333E+02   
   1.0355E+03      4.2720E+02      4.4866E-05      9.9996E-01      2.5591E+01      1.7441E+02   
   1.0370E+03      4.2470E+02      3.8997E-05      9.9996E-01      2.4546E+01      1.7545E+02   
   1.0385E+03      4.2220E+02      3.3831E-05      9.9997E-01      2.3533E+01      1.7647E+02   
   1.0400E+03      4.1970E+02      2.9291E-05      9.9997E-01      2.2550E+01      1.7745E+02   
   1.0415E+03      4.1720E+02      2.5311E-05      9.9997E-01      2.1597E+01      1.7840E+02   
   1.0430E+03      4.1470E+02      2.1828E-05      9.9998E-01      2.0673E+01      1.7933E+02   
   1.0445E+03      4.1220E+02      1.8785E-05      9.9998E-01      1.9779E+01      1.8022E+02   
   1.0460E+03      4.0970E+02      1.6134E-05      9.9998E-01      1.8913E+01      1.8109E+02   
   1.0475E+03      4.0720E+02      1.3827E-05      9.9999E-01      1.8075E+01      1.8193E+02   
   1.0490E+03      4.0470E+02      1.1825E-05      9.9999E-01      1.7264E+01      1.8274E+02   
   1.0505E+03      4.0220E+02      1.0091E-05      9.9999E-01      1.6481E+01      1.8352E+02   
   1.0520E+03      3.9970E+02      8.5928E-06      9.9999E-01      1.5724E+01      1.8428E+02   
   1.0535E+03      3.9720E+02      7.3005E-06      9.9999E-01      1.4992E+01      1.8501E+02   
   1.0550E+03      3.9470E+02      6.1885E-06      9.9999E-01      1.4287E+01      1.8571E+02   
   1.0565E+03      3.9220E+02      5.2338E-06      9.9999E-01      1.3606E+01      1.8639E+02   
   1.0580E+03      3.8970E+02      4.4160E-06      1.0000E+00      1.2949E+01      1.8705E+02   
   1.0595E+03      3.8720E+02      3.7171E-06      1.0000E+00      1.2317E+01      1.8768E+02   
   1.0610E+03      3.8470E+02      3.1212E-06      1.0000E+00      1.1707E+01      1.8829E+02   
   1.0625E+03      3.8220E+02      2.6144E-06      1.0000E+00      1.1121E+01      1.8888E+02   
   1.0640E+03      3.7970E+02      2.1844E-06      1.0000E+00      1.0556E+01      1.8944E+02   
   1.0655E+03      3.7720E+02      1.8205E-06      1.0000E+00      1.0014E+01      1.8999E+02   
   1.0670E+03      3.7470E+02      1.5133E-06      1.0000E+00      9.4922E+00      1.9051E+02   
   1.0685E+03      3.7220E+02      1.2546E-06      1.0000E+00      8.9915E+00      1.9101E+02   
   1.0700E+03      3.6970E+02      1.0373E-06      1.0000E+00      8.5110E+00      1.9149E+02   
   1.0715E+03      3.6720E+02      8.5526E-07      1.0000E+00      8.0502E+00      1.9195E+02   
   1.0730E+03      3.6470E+02      7.0322E-07      1.0000E+00      7.6085E+00      1.9239E+02   
   1.0745E+03      3.6220E+02      5.7656E-07      1.0000E+00      7.1855E+00      1.9281E+02   
   1.0760E+03      3.5970E+02      4.7134E-07      1.0000E+00      6.7806E+00      1.9322E+02   
   1.0775E+03      3.5720E+02      3.8418E-07      1.0000E+00      6.3933E+00      1.9361E+02   
   1.0790E+03      3.5470E+02      3.1219E-07      1.0000E+00      6.0232E+00      1.9398E+02   
   1.0805E+03      3.5220E+02      2.5291E-07      1.0000E+00      5.6697E+00      1.9433E+02   
   1.0820E+03      3.4970E+02      2.0425E-07      1.0000E+00      5.3324E+00      1.9467E+02   
   1.0835E+03      3.4720E+02      1.6442E-07      1.0000E+00      5.0107E+00      1.9499E+02   
   1.0850E+03      3.4470E+02      1.3192E-07      1.0000E+00      4.7042E+00      1.9530E+02   
   1.0865E+03      3.4220E+02      1.0549E-07      1.0000E+00      4.4124E+00      1.9559E+02   
   1.0880E+03      3.3970E+02      8.4074E-08      1.0000E+00      4.1348E+00      1.9587E+02   
   1.0895E+03      3.3720E+02      6.6769E-08      1.0000E+00      3.8709E+00      1.9613E+02   
   1.0910E+03      3.3470E+02      5.2838E-08      1.0000E+00      3.6203E+00      1.9638E+02   
   1.0925E+03      3.3220E+02      4.1662E-08      1.0000E+00      3.3826E+00      1.9662E+02   
   1.0940E+03      3.2970E+02      3.2728E-08      1.0000E+00      3.1572E+00      1.9684E+02   
   1.0955E+03      3.2720E+02      2.5612E-08      1.0000E+00      2.9437E+00      1.9706E+02   
   1.0970E+03      3.2470E+02      1.9966E-08      1.0000E+00      2.7417E+00      1.9726E+02   
   1.0985E+03      3.2220E+02      1.5503E-08      1.0000E+00      2.5508E+00      1.9745E+02   
   1.1000E+03      3.1970E+02      1.1988E-08      1.0000E+00      2.3705E+00      1.9763E+02   
   1.1015E+03      3.1720E+02      9.2324E-09      1.0000E+00      2.2004E+00      1.9780E+02   
   1.1030E+03      3.1470E+02      7.0798E-09      1.0000E+00      2.0401E+00      1.9796E+02   
   1.1045E+03      3.1220E+02      5.4056E-09      1.0000E+00      1.8892E+00      1.9811E+02   
   1.1060E+03      3.0970E+02      4.1090E-09      1.0000E+00      1.7473E+00      1.9825E+02   
   1.1075E+03      3.0720E+02      3.1092E-09      1.0000E+00      1.6140E+00      1.9839E+02   
   1.1090E+03      3.0470E+02      2.3417E-09      1.0000E+00      1.4889E+00      1.9851E+02   
   1.1105E+03      3.0220E+02      1.7553E-09      1.0000E+00      1.3717E+00      1.9863E+02   
   1.1120E+03      2.9970E+02      1.3093E-09      1.0000E+00      1.2621E+00      1.9874E+02   
   1.1135E+03      2.9720E+02      9.7172E-10      1.0000E+00      1.1595E+00      1.9884E+02   
   1.1150E+03      2.9470E+02      7.1750E-10      1.0000E+00      1.0638E+00      1.9894E+02   
