Results for node = 1
    time [h]    temperature [K]    growth [/]    nucleation [/]   Css [wt.ppm]    Cp [wt.ppm]   
   0.0000E+00      2.9300E+02      0.0000E+00      0.0000E+00      4.8676E-02      1.9995E+02   
   3.3472E-02      2.9501E+02      0.0000E+00      0.0000E+00      4.8681E-02      1.9995E+02   
   6.6944E-02      2.9702E+02      0.0000E+00      0.0000E+00      4.8696E-02      1.9995E+02   
   1.0042E-01      2.9902E+02      0.0000E+00      0.0000E+00      4.8726E-02      1.9995E+02   
   1.3389E-01      3.0103E+02      0.0000E+00      0.0000E+00      4.8776E-02      1.9995E+02   
   1.6736E-01      3.0304E+02      0.0000E+00      0.0000E+00      4.8851E-02      1.9995E+02   
   2.0083E-01      3.0505E+02      0.0000E+00      0.0000E+00      4.8958E-02      1.9995E+02   
   2.3431E-01      3.0706E+02      0.0000E+00      0.0000E+00      4.9107E-02      1.9995E+02   
   2.4431E-01      3.0766E+02      0.0000E+00      0.0000E+00      4.9161E-02      1.9995E+02   
   2.7778E-01      3.0967E+02      0.0000E+00      0.0000E+00      4.9378E-02      1.9995E+02   
   3.1125E-01      3.1167E+02      0.0000E+00      0.0000E+00      4.9665E-02      1.9995E+02   
   3.4472E-01      3.1368E+02      0.0000E+00      0.0000E+00      5.0036E-02      1.9995E+02   
   3.7819E-01      3.1569E+02      0.0000E+00      0.0000E+00      5.0511E-02      1.9995E+02   
   4.1167E-01      3.1770E+02      0.0000E+00      0.0000E+00      5.1113E-02      1.9995E+02   
   4.4514E-01      3.1971E+02      0.0000E+00      0.0000E+00      5.1869E-02      1.9995E+02   
   4.7861E-01      3.2172E+02      0.0000E+00      0.0000E+00      5.2810E-02      1.9995E+02   
   5.1208E-01      3.2372E+02      0.0000E+00      0.0000E+00      5.3975E-02      1.9995E+02   
   5.4556E-01      3.2573E+02      0.0000E+00      0.0000E+00      5.5407E-02      1.9994E+02   
   5.7903E-01      3.2774E+02      0.0000E+00      0.0000E+00      5.7156E-02      1.9994E+02   
   6.1250E-01      3.2975E+02      0.0000E+00      0.0000E+00      5.9282E-02      1.9994E+02   
   6.4597E-01      3.3176E+02      0.0000E+00      0.0000E+00      6.1852E-02      1.9994E+02   
   6.7944E-01      3.3377E+02      0.0000E+00      0.0000E+00      6.4944E-02      1.9994E+02   
   7.1292E-01      3.3577E+02      0.0000E+00      0.0000E+00      6.8647E-02      1.9993E+02   
   7.4639E-01      3.3778E+02      0.0000E+00      0.0000E+00      7.3061E-02      1.9993E+02   
   7.7986E-01      3.3979E+02      0.0000E+00      0.0000E+00      7.8302E-02      1.9992E+02   
   8.1333E-01      3.4180E+02      0.0000E+00      0.0000E+00      8.4498E-02      1.9992E+02   
   8.4681E-01      3.4381E+02      0.0000E+00      0.0000E+00      9.1793E-02      1.9991E+02   
   8.8028E-01      3.4582E+02      0.0000E+00      0.0000E+00      1.0035E-01      1.9990E+02   
   9.1375E-01      3.4782E+02      0.0000E+00      0.0000E+00      1.1034E-01      1.9989E+02   
   9.4722E-01      3.4983E+02      0.0000E+00      0.0000E+00      1.2196E-01      1.9988E+02   
   9.8069E-01      3.5184E+02      0.0000E+00      0.0000E+00      1.3544E-01      1.9986E+02   
   1.0142E+00      3.5385E+02      0.0000E+00      0.0000E+00      1.5099E-01      1.9985E+02   
   1.0476E+00      3.5586E+02      0.0000E+00      0.0000E+00      1.6888E-01      1.9983E+02   
   1.0811E+00      3.5787E+02      0.0000E+00      0.0000E+00      1.8936E-01      1.9981E+02   
   1.1146E+00      3.5987E+02      0.0000E+00      0.0000E+00      2.1273E-01      1.9979E+02   
   1.1481E+00      3.6188E+02      0.0000E+00      0.0000E+00      2.3929E-01      1.9976E+02   
   1.1815E+00      3.6389E+02      0.0000E+00      0.0000E+00      2.6935E-01      1.9973E+02   
   1.2150E+00      3.6590E+02      0.0000E+00      0.0000E+00      3.0323E-01      1.9970E+02   
   1.2485E+00      3.6791E+02      0.0000E+00      0.0000E+00      3.4127E-01      1.9966E+02   
   1.2819E+00      3.6992E+02      0.0000E+00      0.0000E+00      3.8379E-01      1.9962E+02   
   1.3154E+00      3.7192E+02      0.0000E+00      0.0000E+00      4.3112E-01      1.9957E+02   
   1.3489E+00      3.7393E+02      0.0000E+00      0.0000E+00      4.8360E-01      1.9952E+02   
   1.3824E+00      3.7594E+02      0.0000E+00      0.0000E+00      5.4152E-01      1.9946E+02   
   1.4158E+00      3.7795E+02      0.0000E+00      0.0000E+00      6.0519E-01      1.9939E+02   
   1.4493E+00      3.7996E+02      0.0000E+00      0.0000E+00      6.7486E-01      1.9933E+02   
   1.4828E+00      3.8197E+02      0.0000E+00      0.0000E+00      7.5079E-01      1.9925E+02   
   1.5162E+00      3.8397E+02      0.0000E+00      0.0000E+00      8.3317E-01      1.9917E+02   
   1.5497E+00      3.8598E+02      0.0000E+00      0.0000E+00      9.2219E-01      1.9908E+02   
   1.5832E+00      3.8799E+02      0.0000E+00      0.0000E+00      1.0180E+00      1.9898E+02   
   1.6167E+00      3.9000E+02      0.0000E+00      0.0000E+00      1.1206E+00      1.9888E+02   
   1.6501E+00      3.9201E+02      0.0000E+00      0.0000E+00      1.2302E+00      1.9877E+02   
   1.6836E+00      3.9402E+02      0.0000E+00      0.0000E+00      1.3466E+00      1.9865E+02   
   1.7171E+00      3.9602E+02      0.0000E+00      0.0000E+00      1.4700E+00      1.9853E+02   
   1.7506E+00      3.9803E+02      0.0000E+00      0.0000E+00      1.6003E+00      1.9840E+02   
   1.7840E+00      4.0004E+02      0.0000E+00      0.0000E+00      1.7374E+00      1.9826E+02   
   1.8175E+00      4.0205E+02      0.0000E+00      0.0000E+00      1.8812E+00      1.9812E+02   
   1.8510E+00      4.0406E+02      0.0000E+00      0.0000E+00      2.0317E+00      1.9797E+02   
   1.8844E+00      4.0607E+02      0.0000E+00      0.0000E+00      2.1888E+00      1.9781E+02   
   1.9179E+00      4.0807E+02      0.0000E+00      0.0000E+00      2.3525E+00      1.9765E+02   
   1.9514E+00      4.1008E+02      0.0000E+00      0.0000E+00      2.5226E+00      1.9748E+02   
   1.9849E+00      4.1209E+02      0.0000E+00      0.0000E+00      2.6993E+00      1.9730E+02   
   2.0183E+00      4.1410E+02      0.0000E+00      0.0000E+00      2.8826E+00      1.9712E+02   
   2.0518E+00      4.1611E+02      0.0000E+00      0.0000E+00      3.0725E+00      1.9693E+02   
   2.0853E+00      4.1812E+02      0.0000E+00      0.0000E+00      3.2691E+00      1.9673E+02   
   2.1187E+00      4.2012E+02      0.0000E+00      0.0000E+00      3.4725E+00      1.9653E+02   
   2.1522E+00      4.2213E+02      0.0000E+00      0.0000E+00      3.6830E+00      1.9632E+02   
   2.1857E+00      4.2414E+02      0.0000E+00      0.0000E+00      3.9007E+00      1.9610E+02   
   2.2192E+00      4.2615E+02      0.0000E+00      0.0000E+00      4.1258E+00      1.9587E+02   
   2.2526E+00      4.2816E+02      0.0000E+00      0.0000E+00      4.3585E+00      1.9564E+02   
   2.2861E+00      4.3017E+02      0.0000E+00      0.0000E+00      4.5991E+00      1.9540E+02   
   2.3196E+00      4.3217E+02      0.0000E+00      0.0000E+00      4.8479E+00      1.9515E+02   
   2.3531E+00      4.3418E+02      0.0000E+00      0.0000E+00      5.1051E+00      1.9489E+02   
   2.3865E+00      4.3619E+02      0.0000E+00      0.0000E+00      5.3709E+00      1.9463E+02   
   2.4200E+00      4.3820E+02      0.0000E+00      0.0000E+00      5.6457E+00      1.9435E+02   
   2.4535E+00      4.4021E+02      0.0000E+00      0.0000E+00      5.9297E+00      1.9407E+02   
   2.4869E+00      4.4222E+02      0.0000E+00      0.0000E+00      6.2231E+00      1.9378E+02   
   2.5204E+00      4.4422E+02      0.0000E+00      0.0000E+00      6.5259E+00      1.9347E+02   
   2.5538E+00      4.4623E+02      0.0000E+00      0.0000E+00      6.8392E+00      1.9316E+02   
   2.5872E+00      4.4823E+02      0.0000E+00      0.0000E+00      7.1615E+00      1.9284E+02   
   2.6206E+00      4.5023E+02      0.0000E+00      0.0000E+00      7.4946E+00      1.9251E+02   
   2.6540E+00      4.5224E+02      0.0000E+00      0.0000E+00      7.8389E+00      1.9216E+02   
   2.6875E+00      4.5425E+02      0.0000E+00      0.0000E+00      8.1950E+00      1.9180E+02   
   2.7209E+00      4.5625E+02      0.0000E+00      0.0000E+00      8.5615E+00      1.9144E+02   
   2.7542E+00      4.5825E+02      0.0000E+00      0.0000E+00      8.9390E+00      1.9106E+02   
   2.7876E+00      4.6026E+02      0.0000E+00      0.0000E+00      9.3286E+00      1.9067E+02   
   2.8211E+00      4.6227E+02      0.0000E+00      0.0000E+00      9.7318E+00      1.9027E+02   
   2.8546E+00      4.6427E+02      0.0000E+00      0.0000E+00      1.0147E+01      1.8985E+02   
   2.8881E+00      4.6629E+02      0.0000E+00      0.0000E+00      1.0577E+01      1.8942E+02   
   2.9217E+00      4.6830E+02      0.0000E+00      0.0000E+00      1.1019E+01      1.8898E+02   
   2.9551E+00      4.7030E+02      0.0000E+00      0.0000E+00      1.1472E+01      1.8853E+02   
   2.9884E+00      4.7230E+02      0.0000E+00      0.0000E+00      1.1939E+01      1.8806E+02   
   3.0220E+00      4.7432E+02      0.0000E+00      0.0000E+00      1.2422E+01      1.8758E+02   
   3.0556E+00      4.7634E+02      0.0000E+00      0.0000E+00      1.2921E+01      1.8708E+02   
   3.0892E+00      4.7835E+02      0.0000E+00      0.0000E+00      1.3434E+01      1.8657E+02   
   3.1226E+00      4.8036E+02      0.0000E+00      0.0000E+00      1.3959E+01      1.8604E+02   
   3.1561E+00      4.8237E+02      0.0000E+00      0.0000E+00      1.4500E+01      1.8550E+02   
   3.1896E+00      4.8438E+02      0.0000E+00      0.0000E+00      1.5057E+01      1.8494E+02   
   3.2230E+00      4.8638E+02      0.0000E+00      0.0000E+00      1.5628E+01      1.8437E+02   
   3.2567E+00      4.8840E+02      0.0000E+00      0.0000E+00      1.6219E+01      1.8378E+02   
   3.2905E+00      4.9043E+02      0.0000E+00      0.0000E+00      1.6830E+01      1.8317E+02   
   3.3244E+00      4.9246E+02      0.0000E+00      0.0000E+00      1.7459E+01      1.8254E+02   
   3.3583E+00      4.9450E+02      0.0000E+00      0.0000E+00      1.8105E+01      1.8189E+02   
   3.3920E+00      4.9652E+02      0.0000E+00      0.0000E+00      1.8765E+01      1.8123E+02   
   3.4253E+00      4.9852E+02      0.0000E+00      0.0000E+00      1.9436E+01      1.8056E+02   
   3.4589E+00      5.0054E+02      0.0000E+00      0.0000E+00      2.0131E+01      1.7987E+02   
   3.4928E+00      5.0257E+02      0.0000E+00      0.0000E+00      2.0848E+01      1.7915E+02   
   3.5268E+00      5.0461E+02      0.0000E+00      0.0000E+00      2.1588E+01      1.7841E+02   
   3.5608E+00      5.0665E+02      0.0000E+00      0.0000E+00      2.2347E+01      1.7765E+02   
   3.5947E+00      5.0868E+02      0.0000E+00      0.0000E+00      2.3124E+01      1.7688E+02   
   3.6283E+00      5.1070E+02      0.0000E+00      0.0000E+00      2.3915E+01      1.7608E+02   
   3.6627E+00      5.1276E+02      0.0000E+00      0.0000E+00      2.4745E+01      1.7526E+02   
   3.6967E+00      5.1480E+02      0.0000E+00      0.0000E+00      2.5584E+01      1.7442E+02   
   3.7312E+00      5.1687E+02      0.0000E+00      0.0000E+00      2.6460E+01      1.7354E+02   
   3.7651E+00      5.1891E+02      0.0000E+00      0.0000E+00      2.7339E+01      1.7266E+02   
   3.7994E+00      5.2096E+02      0.0000E+00      0.0000E+00      2.8252E+01      1.7175E+02   
   3.8340E+00      5.2304E+02      0.0000E+00      0.0000E+00      2.9198E+01      1.7080E+02   
   3.8675E+00      5.2505E+02      0.0000E+00      0.0000E+00      3.0133E+01      1.6987E+02   
   3.9011E+00      5.2706E+02      0.0000E+00      0.0000E+00      3.1094E+01      1.6891E+02   
   3.9347E+00      5.2908E+02      0.0000E+00      0.0000E+00      3.2079E+01      1.6792E+02   
   3.9682E+00      5.3109E+02      0.0000E+00      0.0000E+00      3.3085E+01      1.6692E+02   
   4.0016E+00      5.3310E+02      0.0000E+00      0.0000E+00      3.4109E+01      1.6589E+02   
   4.0367E+00      5.3520E+02      0.0000E+00      0.0000E+00      3.5210E+01      1.6479E+02   
   4.0716E+00      5.3729E+02      0.0000E+00      0.0000E+00      3.6329E+01      1.6367E+02   
   4.1060E+00      5.3936E+02      0.0000E+00      0.0000E+00      3.7463E+01      1.6254E+02   
   4.1399E+00      5.4140E+02      0.0000E+00      0.0000E+00      3.8603E+01      1.6140E+02   
   4.1750E+00      5.4350E+02      0.0000E+00      0.0000E+00      3.9804E+01      1.6020E+02   
   4.2090E+00      5.4554E+02      0.0000E+00      0.0000E+00      4.0993E+01      1.5901E+02   
   4.2439E+00      5.4764E+02      0.0000E+00      0.0000E+00      4.2242E+01      1.5776E+02   
   4.2776E+00      5.4966E+02      0.0000E+00      0.0000E+00      4.3472E+01      1.5653E+02   
   4.3121E+00      5.5173E+02      0.0000E+00      0.0000E+00      4.4760E+01      1.5524E+02   
   4.3473E+00      5.5384E+02      0.0000E+00      0.0000E+00      4.6103E+01      1.5390E+02   
   4.3813E+00      5.5588E+02      0.0000E+00      0.0000E+00      4.7427E+01      1.5257E+02   
   4.4159E+00      5.5796E+02      0.0000E+00      0.0000E+00      4.8804E+01      1.5120E+02   
   4.4493E+00      5.5996E+02      0.0000E+00      0.0000E+00      5.0161E+01      1.4984E+02   
   4.4833E+00      5.6200E+02      0.0000E+00      0.0000E+00      5.1569E+01      1.4843E+02   
   4.5178E+00      5.6407E+02      0.0000E+00      0.0000E+00      5.3027E+01      1.4697E+02   
   4.5526E+00      5.6616E+02      0.0000E+00      0.0000E+00      5.4532E+01      1.4547E+02   
   4.5863E+00      5.6818E+02      0.0000E+00      0.0000E+00      5.6016E+01      1.4398E+02   
   4.6204E+00      5.7022E+02      0.0000E+00      0.0000E+00      5.7546E+01      1.4245E+02   
   4.6548E+00      5.7229E+02      0.0000E+00      0.0000E+00      5.9120E+01      1.4088E+02   
   4.6894E+00      5.7436E+02      0.0000E+00      0.0000E+00      6.0737E+01      1.3926E+02   
   4.7228E+00      5.7637E+02      0.0000E+00      0.0000E+00      6.2332E+01      1.3767E+02   
   4.7565E+00      5.7839E+02      0.0000E+00      0.0000E+00      6.3968E+01      1.3603E+02   
   4.7904E+00      5.8043E+02      0.0000E+00      0.0000E+00      6.5644E+01      1.3436E+02   
   4.8245E+00      5.8247E+02      0.0000E+00      0.0000E+00      6.7359E+01      1.3264E+02   
   4.8586E+00      5.8452E+02      0.0000E+00      0.0000E+00      6.9112E+01      1.3089E+02   
   4.8928E+00      5.8657E+02      0.0000E+00      0.0000E+00      7.0900E+01      1.2910E+02   
   4.9270E+00      5.8862E+02      0.0000E+00      0.0000E+00      7.2724E+01      1.2728E+02   
   4.9612E+00      5.9067E+02      0.0000E+00      0.0000E+00      7.4581E+01      1.2542E+02   
   4.9954E+00      5.9272E+02      0.0000E+00      0.0000E+00      7.6471E+01      1.2353E+02   
   5.0296E+00      5.9477E+02      0.0000E+00      0.0000E+00      7.8392E+01      1.2161E+02   
   5.0637E+00      5.9682E+02      0.0000E+00      0.0000E+00      8.0345E+01      1.1966E+02   
   5.0977E+00      5.9886E+02      0.0000E+00      0.0000E+00      8.2327E+01      1.1767E+02   
   5.1316E+00      6.0089E+02      0.0000E+00      0.0000E+00      8.4338E+01      1.1566E+02   
   5.1654E+00      6.0292E+02      0.0000E+00      0.0000E+00      8.6377E+01      1.1362E+02   
   5.1990E+00      6.0494E+02      0.0000E+00      0.0000E+00      8.8443E+01      1.1156E+02   
   5.2326E+00      6.0695E+02      0.0000E+00      0.0000E+00      9.0536E+01      1.0946E+02   
   5.2659E+00      6.0896E+02      0.0000E+00      0.0000E+00      9.2655E+01      1.0735E+02   
   5.2999E+00      6.1100E+02      0.0000E+00      0.0000E+00      9.4849E+01      1.0515E+02   
   5.3337E+00      6.1302E+02      0.0000E+00      0.0000E+00      9.7066E+01      1.0293E+02   
   5.3673E+00      6.1504E+02      0.0000E+00      0.0000E+00      9.9306E+01      1.0069E+02   
   5.4007E+00      6.1704E+02      0.0000E+00      0.0000E+00      1.0157E+02      9.8433E+01   
   5.4346E+00      6.1907E+02      0.0000E+00      0.0000E+00      1.0390E+02      9.6101E+01   
   5.4682E+00      6.2109E+02      0.0000E+00      0.0000E+00      1.0625E+02      9.3751E+01   
   5.5015E+00      6.2309E+02      0.0000E+00      0.0000E+00      1.0862E+02      9.1380E+01   
   5.5352E+00      6.2511E+02      0.0000E+00      0.0000E+00      1.1105E+02      8.8945E+01   
   5.5687E+00      6.2712E+02      0.0000E+00      0.0000E+00      1.1351E+02      8.6492E+01   
   5.6024E+00      6.2915E+02      0.0000E+00      0.0000E+00      1.1602E+02      8.3978E+01   
   5.6359E+00      6.3115E+02      0.0000E+00      0.0000E+00      1.1855E+02      8.1447E+01   
   5.6696E+00      6.3318E+02      0.0000E+00      0.0000E+00      1.2114E+02      7.8857E+01   
   5.7030E+00      6.3518E+02      0.0000E+00      0.0000E+00      1.2375E+02      7.6253E+01   
   5.7367E+00      6.3720E+02      0.0000E+00      0.0000E+00      1.2641E+02      7.3593E+01   
   5.7705E+00      6.3923E+02      0.0000E+00      0.0000E+00      1.2912E+02      7.0877E+01   
   5.8040E+00      6.4124E+02      0.0000E+00      0.0000E+00      1.3185E+02      6.8150E+01   
   5.8376E+00      6.4325E+02      0.0000E+00      0.0000E+00      1.3463E+02      6.5370E+01   
   5.8713E+00      6.4528E+02      0.0000E+00      0.0000E+00      1.3746E+02      6.2538E+01   
   5.9047E+00      6.4728E+02      0.0000E+00      0.0000E+00      1.4030E+02      5.9698E+01   
   5.9382E+00      6.4929E+02      0.0000E+00      0.0000E+00      1.4319E+02      5.6808E+01   
   5.9717E+00      6.5130E+02      0.0000E+00      0.0000E+00      1.4613E+02      5.3870E+01   
   6.0053E+00      6.5332E+02      0.0000E+00      0.0000E+00      1.4911E+02      5.0886E+01   
   6.0390E+00      6.5534E+02      0.0000E+00      0.0000E+00      1.5214E+02      4.7856E+01   
   6.0726E+00      6.5736E+02      0.0000E+00      0.0000E+00      1.5522E+02      4.4782E+01   
   6.1063E+00      6.5938E+02      0.0000E+00      0.0000E+00      1.5833E+02      4.1666E+01   
   6.1399E+00      6.6140E+02      0.0000E+00      0.0000E+00      1.6149E+02      3.8508E+01   
   6.1735E+00      6.6341E+02      0.0000E+00      0.0000E+00      1.6469E+02      3.5309E+01   
   6.2071E+00      6.6543E+02      0.0000E+00      0.0000E+00      1.6793E+02      3.2071E+01   
   6.2406E+00      6.6744E+02      0.0000E+00      0.0000E+00      1.7121E+02      2.8795E+01   
   6.2741E+00      6.6945E+02      0.0000E+00      0.0000E+00      1.7452E+02      2.5481E+01   
   6.3075E+00      6.7145E+02      0.0000E+00      0.0000E+00      1.7787E+02      2.2131E+01   
   6.3412E+00      6.7347E+02      0.0000E+00      0.0000E+00      1.8129E+02      1.8709E+01   
   6.3747E+00      6.7548E+02      0.0000E+00      0.0000E+00      1.8475E+02      1.5254E+01   
   6.4082E+00      6.7749E+02      0.0000E+00      0.0000E+00      1.8823E+02      1.1766E+01   
   6.4418E+00      6.7951E+02      0.0000E+00      0.0000E+00      1.9179E+02      8.2113E+00   
   6.4753E+00      6.8152E+02      0.0000E+00      0.0000E+00      1.9537E+02      4.6258E+00   
   6.5087E+00      6.8352E+02      0.0000E+00      0.0000E+00      1.9899E+02      1.0103E+00   
   6.5420E+00      6.8552E+02      0.0000E+00      0.0000E+00      2.0000E+02     -2.7045E-03   
   6.5754E+00      6.8752E+02      0.0000E+00      0.0000E+00      2.0000E+02     -2.7045E-03   
   6.6087E+00      6.8952E+02      0.0000E+00      0.0000E+00      2.0000E+02     -2.7045E-03   
   6.6421E+00      6.9152E+02      0.0000E+00      0.0000E+00      2.0000E+02     -2.7045E-03   
   6.6754E+00      6.9352E+02      0.0000E+00      0.0000E+00      2.0000E+02     -2.7045E-03   
   6.7087E+00      6.9552E+02      0.0000E+00      0.0000E+00      2.0000E+02     -2.7045E-03   
   6.7421E+00      6.9752E+02      0.0000E+00      0.0000E+00      2.0000E+02     -2.7045E-03   
   6.7754E+00      6.9952E+02      0.0000E+00      0.0000E+00      2.0000E+02     -2.7045E-03   
   6.8088E+00      7.0153E+02      0.0000E+00      0.0000E+00      2.0000E+02     -2.7045E-03   
   6.8421E+00      7.0353E+02      0.0000E+00      0.0000E+00      2.0000E+02     -2.7045E-03   
   6.8754E+00      7.0553E+02      0.0000E+00      0.0000E+00      2.0000E+02     -2.7045E-03   
   6.9088E+00      7.0753E+02      0.0000E+00      0.0000E+00      2.0000E+02     -2.7045E-03   
   6.9421E+00      7.0953E+02      0.0000E+00      0.0000E+00      2.0000E+02     -2.7045E-03   
   6.9755E+00      7.1153E+02      0.0000E+00      0.0000E+00      2.0000E+02     -2.7045E-03   
   7.0088E+00      7.1353E+02      0.0000E+00      0.0000E+00      2.0000E+02     -2.7045E-03   
   7.0422E+00      7.1553E+02      0.0000E+00      0.0000E+00      2.0000E+02     -2.7045E-03   
   7.0755E+00      7.1753E+02      0.0000E+00      0.0000E+00      2.0000E+02     -2.7045E-03   
   7.1089E+00      7.1953E+02      0.0000E+00      0.0000E+00      2.0000E+02     -2.7045E-03   
   7.1422E+00      7.2153E+02      0.0000E+00      0.0000E+00      2.0000E+02     -2.7045E-03   
   7.1756E+00      7.2300E+02      0.0000E+00      0.0000E+00      2.0000E+02     -2.7045E-03   
   7.2089E+00      7.2300E+02      0.0000E+00      0.0000E+00      2.0000E+02     -2.7045E-03   
   7.2422E+00      7.2300E+02      0.0000E+00      0.0000E+00      2.0000E+02     -2.7045E-03   
   7.2756E+00      7.2300E+02      0.0000E+00      0.0000E+00      2.0000E+02     -2.7045E-03   
   7.3089E+00      7.2300E+02      0.0000E+00      0.0000E+00      2.0000E+02     -2.7045E-03   
   7.3423E+00      7.2246E+02      0.0000E+00      0.0000E+00      2.0000E+02     -2.7045E-03   
   7.3756E+00      7.2046E+02      0.0000E+00      0.0000E+00      2.0000E+02     -2.7045E-03   
   7.4090E+00      7.1846E+02      0.0000E+00      0.0000E+00      2.0000E+02     -2.7045E-03   
   7.4423E+00      7.1646E+02      0.0000E+00      0.0000E+00      2.0000E+02     -2.7045E-03   
   7.4757E+00      7.1446E+02      0.0000E+00      0.0000E+00      2.0000E+02     -2.7045E-03   
   7.5090E+00      7.1246E+02      0.0000E+00      0.0000E+00      2.0000E+02     -2.7045E-03   
   7.5424E+00      7.1046E+02      0.0000E+00      0.0000E+00      2.0000E+02     -2.7045E-03   
   7.5757E+00      7.0846E+02      0.0000E+00      0.0000E+00      2.0000E+02     -2.7045E-03   
   7.6091E+00      7.0646E+02      0.0000E+00      0.0000E+00      2.0000E+02     -2.7045E-03   
   7.6424E+00      7.0446E+02      0.0000E+00      0.0000E+00      2.0000E+02     -2.7045E-03   
   7.6757E+00      7.0246E+02      0.0000E+00      0.0000E+00      2.0000E+02     -2.7045E-03   
   7.7091E+00      7.0045E+02      0.0000E+00      0.0000E+00      2.0000E+02     -2.7045E-03   
   7.7424E+00      6.9845E+02      0.0000E+00      0.0000E+00      2.0000E+02     -2.7045E-03   
   7.7758E+00      6.9645E+02      0.0000E+00      0.0000E+00      2.0000E+02     -2.7045E-03   
   7.8091E+00      6.9445E+02      0.0000E+00      0.0000E+00      2.0000E+02     -2.7045E-03   
   7.8425E+00      6.9245E+02      0.0000E+00      0.0000E+00      2.0000E+02     -2.7045E-03   
   7.8758E+00      6.9045E+02      0.0000E+00      0.0000E+00      2.0000E+02     -2.7045E-03   
   7.9091E+00      6.8845E+02      0.0000E+00      0.0000E+00      2.0000E+02     -2.7045E-03   
   7.9425E+00      6.8645E+02      0.0000E+00      0.0000E+00      2.0000E+02     -2.7045E-03   
   7.9758E+00      6.8445E+02      0.0000E+00      0.0000E+00      2.0000E+02     -2.7045E-03   
   8.0093E+00      6.8244E+02      0.0000E+00      0.0000E+00      2.0000E+02     -2.7045E-03   
   8.0428E+00      6.8043E+02      0.0000E+00      0.0000E+00      2.0000E+02     -2.7045E-03   
   8.0764E+00      6.7842E+02      0.0000E+00      0.0000E+00      2.0000E+02     -2.7045E-03   
   8.1098E+00      6.7641E+02      0.0000E+00      0.0000E+00      2.0000E+02     -2.7045E-03   
   8.1433E+00      6.7440E+02      0.0000E+00      0.0000E+00      2.0000E+02     -2.7045E-03   
   8.1769E+00      6.7238E+02      0.0000E+00      0.0000E+00      2.0000E+02     -2.7045E-03   
   8.2103E+00      6.7038E+02      0.0000E+00      0.0000E+00      2.0000E+02     -2.7045E-03   
   8.2438E+00      6.6837E+02      0.0000E+00      0.0000E+00      2.0000E+02     -2.7045E-03   
   8.2773E+00      6.6636E+02      0.0000E+00      0.0000E+00      2.0000E+02     -2.7045E-03   
   8.3109E+00      6.6435E+02      0.0000E+00      0.0000E+00      2.0000E+02     -2.7045E-03   
   8.3445E+00      6.6233E+02      0.0000E+00      0.0000E+00      2.0000E+02     -2.7045E-03   
   8.3781E+00      6.6031E+02      0.0000E+00      0.0000E+00      2.0000E+02     -2.7045E-03   
   8.4118E+00      6.5829E+02      0.0000E+00      0.0000E+00      2.0000E+02     -2.7045E-03   
   8.4455E+00      6.5627E+02      0.0000E+00      0.0000E+00      2.0000E+02     -2.7045E-03   
   8.4792E+00      6.5425E+02      0.0000E+00      0.0000E+00      2.0000E+02     -2.7045E-03   
   8.5128E+00      6.5223E+02      0.0000E+00      0.0000E+00      2.0000E+02     -2.7045E-03   
   8.5464E+00      6.5022E+02      0.0000E+00      0.0000E+00      2.0000E+02     -2.7045E-03   
   8.5799E+00      6.4820E+02      0.0000E+00      0.0000E+00      2.0000E+02     -2.7045E-03   
   8.6134E+00      6.4620E+02      0.0000E+00      0.0000E+00      2.0000E+02     -2.7045E-03   
   8.6472E+00      6.4417E+02      0.0000E+00      0.0000E+00      2.0000E+02     -2.7045E-03   
   8.6809E+00      6.4214E+02      0.0000E+00      0.0000E+00      2.0000E+02     -2.7045E-03   
   8.7145E+00      6.4013E+02      0.0000E+00      0.0000E+00      2.0000E+02     -2.7045E-03   
   8.7479E+00      6.3812E+02      0.0000E+00      0.0000E+00      2.0000E+02     -2.7045E-03   
   8.7817E+00      6.3610E+02      0.0000E+00      0.0000E+00      2.0000E+02     -2.7045E-03   
   8.8152E+00      6.3409E+02      0.0000E+00      0.0000E+00      2.0000E+02     -2.7045E-03   
   8.8491E+00      6.3205E+02      0.0000E+00      0.0000E+00      2.0000E+02     -2.7045E-03   
   8.8827E+00      6.3004E+02      0.0000E+00      0.0000E+00      2.0000E+02     -2.7045E-03   
   8.9161E+00      6.2803E+02      0.0000E+00      0.0000E+00      2.0000E+02     -2.7045E-03   
   8.9497E+00      6.2602E+02      0.0000E+00      0.0000E+00      2.0000E+02     -2.7045E-03   
   8.9837E+00      6.2398E+02      0.0000E+00      0.0000E+00      2.0000E+02     -2.7045E-03   
   9.0173E+00      6.2196E+02      0.0000E+00      0.0000E+00      2.0000E+02     -2.7045E-03   
   9.0511E+00      6.1993E+02      0.0000E+00      0.0000E+00      2.0000E+02     -2.7045E-03   
   9.0845E+00      6.1793E+02      0.0000E+00      0.0000E+00      2.0000E+02     -2.7045E-03   
   9.1182E+00      6.1591E+02      0.0000E+00      0.0000E+00      2.0000E+02     -2.7045E-03   
   9.1521E+00      6.1387E+02      0.0000E+00      0.0000E+00      2.0000E+02     -2.7045E-03   
   9.1854E+00      6.1187E+02      0.0000E+00      0.0000E+00      2.0000E+02     -2.7045E-03   
   9.2190E+00      6.0986E+02      0.0000E+00      0.0000E+00      2.0000E+02     -2.7045E-03   
   9.2527E+00      6.0784E+02      0.0000E+00      0.0000E+00      2.0000E+02     -2.7045E-03   
   9.2866E+00      6.0580E+02      0.0000E+00      0.0000E+00      2.0000E+02     -2.7045E-03   
   9.3207E+00      6.0376E+02      0.0000E+00      0.0000E+00      2.0000E+02     -2.7045E-03   
   9.3541E+00      6.0176E+02      6.6836E-02      9.3316E-01      1.9938E+02      6.1731E-01   
   9.3875E+00      5.9975E+02      1.3189E-01      8.6811E-01      1.9641E+02      3.5929E+00   
   9.4210E+00      5.9774E+02      1.9403E-01      8.0597E-01      1.9299E+02      7.0145E+00   
   9.4546E+00      5.9572E+02      2.4991E-01      7.5009E-01      1.8956E+02      1.0435E+01   
   9.4883E+00      5.9370E+02      2.9949E-01      7.0051E-01      1.8619E+02      1.3808E+01   
   9.5219E+00      5.9169E+02      3.4382E-01      6.5618E-01      1.8287E+02      1.7130E+01   
   9.5556E+00      5.8967E+02      3.8364E-01      6.1636E-01      1.7960E+02      2.0402E+01   
   9.5892E+00      5.8765E+02      4.1936E-01      5.8064E-01      1.7637E+02      2.3625E+01   
   9.6228E+00      5.8563E+02      4.5117E-01      5.4883E-01      1.7320E+02      2.6798E+01   
   9.6562E+00      5.8363E+02      4.7917E-01      5.2083E-01      1.7008E+02      2.9919E+01   
   9.6896E+00      5.8162E+02      5.0343E-01      4.9657E-01      1.6701E+02      3.2986E+01   
   9.7241E+00      5.7956E+02      5.2471E-01      4.7529E-01      1.6389E+02      3.6111E+01   
   9.7584E+00      5.7750E+02      5.4218E-01      4.5782E-01      1.6082E+02      3.9182E+01   
   9.7925E+00      5.7545E+02      5.5592E-01      4.4408E-01      1.5780E+02      4.2198E+01   
   9.8265E+00      5.7341E+02      5.6608E-01      4.3392E-01      1.5485E+02      4.5155E+01   
   9.8602E+00      5.7139E+02      5.7285E-01      4.2715E-01      1.5195E+02      4.8050E+01   
   9.8935E+00      5.6939E+02      5.7645E-01      4.2355E-01      1.4912E+02      5.0881E+01   
   9.9280E+00      5.6732E+02      5.7712E-01      4.2288E-01      1.4623E+02      5.3771E+01   
   9.9621E+00      5.6527E+02      5.7491E-01      4.2509E-01      1.4341E+02      5.6594E+01   
   9.9958E+00      5.6325E+02      5.7017E-01      4.2983E-01      1.4065E+02      5.9346E+01   
   1.0031E+01      5.6116E+02      5.6282E-01      4.3718E-01      1.3784E+02      6.2158E+01   
   1.0065E+01      5.5909E+02      5.5339E-01      4.4661E-01      1.3510E+02      6.4896E+01   
   1.0099E+01      5.5706E+02      5.4224E-01      4.5776E-01      1.3244E+02      6.7555E+01   
   1.0134E+01      5.5495E+02      5.2900E-01      4.7100E-01      1.2972E+02      7.0275E+01   
   1.0169E+01      5.5289E+02      5.1457E-01      4.8543E-01      1.2709E+02      7.2912E+01   
   1.0202E+01      5.5086E+02      4.9930E-01      5.0070E-01      1.2454E+02      7.5459E+01   
   1.0237E+01      5.4876E+02      4.8251E-01      5.1749E-01      1.2193E+02      7.8065E+01   
   1.0271E+01      5.4671E+02      4.6537E-01      5.3463E-01      1.1942E+02      8.0576E+01   
   1.0307E+01      5.4459E+02      4.4701E-01      5.5299E-01      1.1685E+02      8.3148E+01   
   1.0341E+01      5.4252E+02      4.2877E-01      5.7123E-01      1.1438E+02      8.5617E+01   
   1.0376E+01      5.4045E+02      4.1038E-01      5.8962E-01      1.1197E+02      8.8030E+01   
   1.0411E+01      5.3836E+02      3.9163E-01      6.0837E-01      1.0955E+02      9.0448E+01   
   1.0446E+01      5.3624E+02      3.7274E-01      6.2726E-01      1.0714E+02      9.2858E+01   
   1.0480E+01      5.3423E+02      3.5492E-01      6.4508E-01      1.0488E+02      9.5121E+01   
   1.0513E+01      5.3219E+02      3.3720E-01      6.6280E-01      1.0263E+02      9.7371E+01   
   1.0548E+01      5.3015E+02      3.1973E-01      6.8027E-01      1.0040E+02      9.9601E+01   
   1.0582E+01      5.2810E+02      3.0263E-01      6.9737E-01      9.8198E+01      1.0180E+02   
   1.0616E+01      5.2606E+02      2.8602E-01      7.1398E-01      9.6030E+01      1.0397E+02   
   1.0650E+01      5.2402E+02      2.6996E-01      7.3004E-01      9.3903E+01      1.0610E+02   
   1.0683E+01      5.2200E+02      2.5452E-01      7.4548E-01      9.1819E+01      1.0818E+02   
   1.0717E+01      5.2000E+02      2.3974E-01      7.6026E-01      8.9782E+01      1.1022E+02   
   1.0751E+01      5.1793E+02      2.2512E-01      7.7488E-01      8.7716E+01      1.1228E+02   
   1.0785E+01      5.1590E+02      2.1130E-01      7.8870E-01      8.5712E+01      1.1429E+02   
   1.0818E+01      5.1389E+02      1.9826E-01      8.0174E-01      8.3767E+01      1.1623E+02   
   1.0852E+01      5.1186E+02      1.8560E-01      8.1440E-01      8.1820E+01      1.1818E+02   
   1.0887E+01      5.0980E+02      1.7340E-01      8.2660E-01      7.9881E+01      1.2012E+02   
   1.0920E+01      5.0778E+02      1.6206E-01      8.3794E-01      7.8016E+01      1.2198E+02   
   1.0954E+01      5.0576E+02      1.5122E-01      8.4878E-01      7.6170E+01      1.2383E+02   
   1.0988E+01      5.0373E+02      1.4093E-01      8.5907E-01      7.4350E+01      1.2565E+02   
   1.1022E+01      5.0171E+02      1.3121E-01      8.6879E-01      7.2563E+01      1.2744E+02   
   1.1055E+01      4.9969E+02      1.2206E-01      8.7794E-01      7.0813E+01      1.2919E+02   
   1.1088E+01      4.9769E+02      1.1349E-01      8.8651E-01      6.9103E+01      1.3090E+02   
   1.1122E+01      4.9567E+02      1.0531E-01      8.9469E-01      6.7401E+01      1.3260E+02   
   1.1156E+01      4.9363E+02      9.7559E-02      9.0244E-01      6.5716E+01      1.3428E+02   
   1.1190E+01      4.9162E+02      9.0396E-02      9.0960E-01      6.4086E+01      1.3591E+02   
   1.1223E+01      4.8961E+02      8.3665E-02      9.1633E-01      6.2482E+01      1.3752E+02   
   1.1256E+01      4.8761E+02      7.7371E-02      9.2263E-01      6.0910E+01      1.3909E+02   
   1.1290E+01      4.8559E+02      7.1416E-02      9.2858E-01      5.9349E+01      1.4065E+02   
   1.1324E+01      4.8358E+02      6.5903E-02      9.3410E-01      5.7830E+01      1.4217E+02   
   1.1357E+01      4.8158E+02      6.0740E-02      9.3926E-01      5.6334E+01      1.4367E+02   
   1.1390E+01      4.7957E+02      5.5930E-02      9.4407E-01      5.4867E+01      1.4513E+02   
   1.1424E+01      4.7755E+02      5.1413E-02      9.4859E-01      5.3415E+01      1.4658E+02   
   1.1458E+01      4.7554E+02      4.7248E-02      9.5275E-01      5.2003E+01      1.4800E+02   
   1.1491E+01      4.7354E+02      4.3375E-02      9.5663E-01      5.0616E+01      1.4938E+02   
   1.1525E+01      4.7152E+02      3.9754E-02      9.6025E-01      4.9245E+01      1.5076E+02   
   1.1558E+01      4.6952E+02      3.6423E-02      9.6358E-01      4.7911E+01      1.5209E+02   
   1.1592E+01      4.6750E+02      3.3312E-02      9.6669E-01      4.6591E+01      1.5341E+02   
   1.1625E+01      4.6550E+02      3.0451E-02      9.6955E-01      4.5305E+01      1.5470E+02   
   1.1658E+01      4.6349E+02      2.7808E-02      9.7219E-01      4.4044E+01      1.5596E+02   
   1.1692E+01      4.6148E+02      2.5360E-02      9.7464E-01      4.2804E+01      1.5720E+02   
   1.1725E+01      4.5947E+02      2.3105E-02      9.7689E-01      4.1590E+01      1.5841E+02   
   1.1759E+01      4.5746E+02      2.1026E-02      9.7897E-01      4.0398E+01      1.5960E+02   
   1.1792E+01      4.5546E+02      1.9119E-02      9.8088E-01      3.9234E+01      1.6077E+02   
   1.1826E+01      4.5345E+02      1.7367E-02      9.8263E-01      3.8095E+01      1.6191E+02   
   1.1859E+01      4.5145E+02      1.5757E-02      9.8424E-01      3.6978E+01      1.6302E+02   
   1.1893E+01      4.4944E+02      1.4279E-02      9.8572E-01      3.5883E+01      1.6412E+02   
   1.1926E+01      4.4744E+02      1.2930E-02      9.8707E-01      3.4815E+01      1.6519E+02   
   1.1959E+01      4.4544E+02      1.1693E-02      9.8831E-01      3.3767E+01      1.6623E+02   
   1.1993E+01      4.4343E+02      1.0561E-02      9.8944E-01      3.2741E+01      1.6726E+02   
   1.2026E+01      4.4143E+02      9.5364E-03      9.9046E-01      3.1740E+01      1.6826E+02   
   1.2060E+01      4.3942E+02      8.5929E-03      9.9141E-01      3.0758E+01      1.6924E+02   
   1.2093E+01      4.3741E+02      7.7339E-03      9.9227E-01      2.9797E+01      1.7020E+02   
   1.2127E+01      4.3540E+02      6.9526E-03      9.9305E-01      2.8858E+01      1.7114E+02   
   1.2160E+01      4.3340E+02      6.2429E-03      9.9376E-01      2.7940E+01      1.7206E+02   
   1.2194E+01      4.3139E+02      5.5990E-03      9.9440E-01      2.7043E+01      1.7296E+02   
   1.2227E+01      4.2938E+02      5.0155E-03      9.9498E-01      2.6167E+01      1.7383E+02   
   1.2260E+01      4.2737E+02      4.4873E-03      9.9551E-01      2.5312E+01      1.7469E+02   
   1.2294E+01      4.2536E+02      4.0099E-03      9.9599E-01      2.4477E+01      1.7552E+02   
   1.2327E+01      4.2335E+02      3.5788E-03      9.9642E-01      2.3662E+01      1.7634E+02   
   1.2361E+01      4.2135E+02      3.1901E-03      9.9681E-01      2.2867E+01      1.7713E+02   
   1.2394E+01      4.1934E+02      2.8399E-03      9.9716E-01      2.2091E+01      1.7791E+02   
   1.2428E+01      4.1733E+02      2.5250E-03      9.9747E-01      2.1334E+01      1.7867E+02   
   1.2461E+01      4.1532E+02      2.2421E-03      9.9776E-01      2.0597E+01      1.7940E+02   
   1.2495E+01      4.1331E+02      1.9883E-03      9.9801E-01      1.9878E+01      1.8012E+02   
   1.2528E+01      4.1130E+02      1.7609E-03      9.9824E-01      1.9177E+01      1.8082E+02   
   1.2562E+01      4.0930E+02      1.5574E-03      9.9844E-01      1.8495E+01      1.8151E+02   
   1.2595E+01      4.0729E+02      1.3756E-03      9.9862E-01      1.7830E+01      1.8217E+02   
   1.2629E+01      4.0528E+02      1.2133E-03      9.9879E-01      1.7184E+01      1.8282E+02   
   1.2662E+01      4.0327E+02      1.0687E-03      9.9893E-01      1.6554E+01      1.8345E+02   
   1.2696E+01      4.0126E+02      9.3997E-04      9.9906E-01      1.5942E+01      1.8406E+02   
   1.2729E+01      3.9925E+02      8.2559E-04      9.9917E-01      1.5347E+01      1.8465E+02   
   1.2763E+01      3.9725E+02      7.2408E-04      9.9928E-01      1.4768E+01      1.8523E+02   
   1.2796E+01      3.9524E+02      6.3412E-04      9.9937E-01      1.4205E+01      1.8580E+02   
   1.2830E+01      3.9323E+02      5.5452E-04      9.9945E-01      1.3658E+01      1.8634E+02   
   1.2863E+01      3.9122E+02      4.8418E-04      9.9952E-01      1.3127E+01      1.8687E+02   
   1.2896E+01      3.8921E+02      4.2212E-04      9.9958E-01      1.2612E+01      1.8739E+02   
   1.2930E+01      3.8720E+02      3.6744E-04      9.9963E-01      1.2112E+01      1.8789E+02   
   1.2963E+01      3.8520E+02      3.1935E-04      9.9968E-01      1.1627E+01      1.8837E+02   
   1.2997E+01      3.8319E+02      2.7711E-04      9.9972E-01      1.1156E+01      1.8884E+02   
   1.3030E+01      3.8118E+02      2.4008E-04      9.9976E-01      1.0700E+01      1.8930E+02   
   1.3064E+01      3.7917E+02      2.0765E-04      9.9979E-01      1.0258E+01      1.8974E+02   
   1.3097E+01      3.7716E+02      1.7931E-04      9.9982E-01      9.8294E+00      1.9017E+02   
   1.3131E+01      3.7515E+02      1.5457E-04      9.9985E-01      9.4148E+00      1.9059E+02   
   1.3164E+01      3.7315E+02      1.3302E-04      9.9987E-01      9.0134E+00      1.9099E+02   
   1.3198E+01      3.7114E+02      1.1428E-04      9.9989E-01      8.6251E+00      1.9137E+02   
   1.3231E+01      3.6913E+02      9.8004E-05      9.9990E-01      8.2496E+00      1.9175E+02   
   1.3265E+01      3.6712E+02      8.3897E-05      9.9992E-01      7.8865E+00      1.9211E+02   
   1.3298E+01      3.6511E+02      7.1692E-05      9.9993E-01      7.5357E+00      1.9246E+02   
   1.3332E+01      3.6310E+02      6.1149E-05      9.9994E-01      7.1969E+00      1.9280E+02   
   1.3365E+01      3.6110E+02      5.2060E-05      9.9995E-01      6.8698E+00      1.9313E+02   
   1.3399E+01      3.5909E+02      4.4238E-05      9.9996E-01      6.5542E+00      1.9345E+02   
   1.3432E+01      3.5708E+02      3.7519E-05      9.9996E-01      6.2498E+00      1.9375E+02   
   1.3465E+01      3.5507E+02      3.1758E-05      9.9997E-01      5.9562E+00      1.9404E+02   
   1.3499E+01      3.5306E+02      2.6829E-05      9.9997E-01      5.6734E+00      1.9433E+02   
   1.3532E+01      3.5105E+02      2.2619E-05      9.9998E-01      5.4010E+00      1.9460E+02   
   1.3566E+01      3.4905E+02      1.9030E-05      9.9998E-01      5.1388E+00      1.9486E+02   
   1.3599E+01      3.4704E+02      1.5978E-05      9.9998E-01      4.8865E+00      1.9511E+02   
   1.3633E+01      3.4503E+02      1.3387E-05      9.9999E-01      4.6438E+00      1.9536E+02   
   1.3666E+01      3.4302E+02      1.1192E-05      9.9999E-01      4.4106E+00      1.9559E+02   
   1.3700E+01      3.4101E+02      9.3360E-06      9.9999E-01      4.1865E+00      1.9581E+02   
   1.3733E+01      3.3900E+02      7.7707E-06      9.9999E-01      3.9714E+00      1.9603E+02   
   1.3767E+01      3.3700E+02      6.4532E-06      9.9999E-01      3.7649E+00      1.9624E+02   
   1.3800E+01      3.3499E+02      5.3467E-06      9.9999E-01      3.5669E+00      1.9643E+02   
   1.3834E+01      3.3298E+02      4.4196E-06      1.0000E+00      3.3771E+00      1.9662E+02   
   1.3867E+01      3.3097E+02      3.6446E-06      1.0000E+00      3.1953E+00      1.9680E+02   
   1.3901E+01      3.2896E+02      2.9982E-06      1.0000E+00      3.0213E+00      1.9698E+02   
   1.3934E+01      3.2695E+02      2.4603E-06      1.0000E+00      2.8547E+00      1.9715E+02   
   1.3968E+01      3.2495E+02      2.0139E-06      1.0000E+00      2.6955E+00      1.9730E+02   
   1.4001E+01      3.2294E+02      1.6443E-06      1.0000E+00      2.5433E+00      1.9746E+02   
   1.4035E+01      3.2093E+02      1.3390E-06      1.0000E+00      2.3979E+00      1.9760E+02   
   1.4068E+01      3.1892E+02      1.0875E-06      1.0000E+00      2.2592E+00      1.9774E+02   
   1.4101E+01      3.1691E+02      8.8085E-07      1.0000E+00      2.1269E+00      1.9787E+02   
   1.4135E+01      3.1490E+02      7.1152E-07      1.0000E+00      2.0008E+00      1.9800E+02   
   1.4168E+01      3.1290E+02      5.7313E-07      1.0000E+00      1.8808E+00      1.9812E+02   
   1.4202E+01      3.1089E+02      4.6034E-07      1.0000E+00      1.7665E+00      1.9823E+02   
   1.4235E+01      3.0888E+02      3.6867E-07      1.0000E+00      1.6578E+00      1.9834E+02   
   1.4269E+01      3.0687E+02      2.9438E-07      1.0000E+00      1.5545E+00      1.9845E+02   
   1.4302E+01      3.0486E+02      2.3436E-07      1.0000E+00      1.4564E+00      1.9854E+02   
   1.4336E+01      3.0285E+02      1.8600E-07      1.0000E+00      1.3633E+00      1.9864E+02   
   1.4369E+01      3.0085E+02      1.4715E-07      1.0000E+00      1.2750E+00      1.9872E+02   
   1.4403E+01      2.9884E+02      1.1605E-07      1.0000E+00      1.1914E+00      1.9881E+02   
   1.4436E+01      2.9683E+02      9.1220E-08      1.0000E+00      1.1122E+00      1.9889E+02   
   1.4470E+01      2.9482E+02      7.1466E-08      1.0000E+00      1.0374E+00      1.9896E+02   
