      Position [m]           Temperature [K]            Css [wt.ppm]             Cp [wt.ppm]       
0.000000000000000000e+00 4.030000000000000000e+02 5.181472108047207037e+00 1.617301213032784517e+02
2.500000000000000052e-04 4.064700000000000273e+02 5.310728946990002086e+00 1.439665879944998323e+02
5.000000000000000104e-04 4.099399999999999977e+02 5.361031565134316779e+00 1.384035595165102279e+02
7.500000000000000156e-04 4.134100000000000250e+02 5.753459654691631009e+00 1.373420334219764243e+02
1.000000000000000021e-03 4.168799999999999955e+02 6.054747612825675418e+00 1.381279486227678319e+02
1.250000000000000026e-03 4.203500000000000227e+02 5.868095386973075200e+00 1.406195631656684384e+02
1.500000000000000031e-03 4.238199999999999932e+02 6.815663881719052242e+00 1.429197063682925659e+02
1.750000000000000036e-03 4.272900000000000205e+02 7.159563807484849107e+00 1.456527203761977773e+02
2.000000000000000042e-03 4.307599999999999909e+02 7.688115671285141950e+00 1.487030392100365077e+02
2.250000000000000264e-03 4.342300000000000182e+02 8.171831602194593813e+00 1.527551509094528228e+02
2.499999999999999618e-03 4.376999999999999886e+02 8.595893862700551225e+00 1.572787350357791070e+02
2.749999999999999840e-03 4.411700000000000159e+02 9.261443482249287484e+00 1.621996628896775974e+02
3.000000000000000062e-03 4.446399999999999864e+02 9.859318670396174156e+00 1.676540781513276954e+02
3.250000000000000284e-03 4.481100000000000136e+02 1.047363981861581372e+01 1.737927841691370361e+02
3.499999999999999639e-03 4.515799999999999841e+02 1.118374810612278836e+01 1.808418701730439011e+02
3.749999999999999861e-03 4.550500000000000114e+02 1.174291041271496283e+01 1.890740233637415031e+02
4.000000000000000083e-03 4.585199999999999818e+02 1.270986290703668864e+01 1.982277981132170623e+02
4.250000000000000305e-03 4.619900000000000091e+02 1.353052422387996856e+01 2.087183465014118156e+02
4.499999999999999660e-03 4.654599999999999795e+02 1.416770160904049725e+01 2.207192052324903102e+02
4.749999999999999882e-03 4.689300000000000068e+02 1.542808734406163751e+01 2.337821326118813943e+02
5.000000000000000104e-03 4.723999999999999773e+02 1.642616189558422235e+01 2.488509539041565120e+02
5.249999999999999459e-03 4.758700000000000045e+02 1.756342245573913630e+01 2.655617346708003765e+02
5.499999999999999681e-03 4.793399999999999750e+02 1.867901007905052424e+01 2.844341627508969168e+02
5.749999999999999903e-03 4.828100000000000023e+02 1.999059226170522763e+01 3.052203056592021539e+02
6.000000000000000125e-03 4.862799999999999727e+02 2.130851080686192134e+01 3.284435189391878680e+02
6.250000000000000347e-03 4.897500000000000000e+02 2.265616305750667436e+01 3.540195967416811982e+02
6.499999999999999702e-03 4.932200000000000273e+02 2.379856816501743566e+01 3.821681784327692526e+02
6.749999999999999924e-03 4.966899999999999977e+02 2.577872678745991308e+01 4.117390140713522442e+02
7.000000000000000146e-03 5.001599999999999682e+02 2.739886991463833610e+01 4.432678744189921076e+02
7.249999999999999500e-03 5.036299999999999955e+02 2.904004606467589866e+01 4.755496590649744917e+02
7.499999999999999722e-03 5.071000000000000227e+02 3.051016481854837181e+01 5.067618469290709413e+02
7.749999999999999944e-03 5.105699999999999932e+02 3.255188484450123809e+01 5.337509226956107113e+02
8.000000000000000167e-03 5.140399999999999636e+02 3.423672576679100388e+01 5.539621625283418780e+02
8.250000000000000389e-03 5.175099999999999909e+02 3.570082772884460809e+01 5.624116516129790853e+02
8.500000000000000611e-03 5.209800000000000182e+02 3.715812193712223177e+01 5.496975854109534794e+02
8.750000000000000833e-03 5.244500000000000455e+02 3.828866047477175982e+01 5.171848250471932715e+02
8.999999999999999320e-03 5.279199999999999591e+02 3.907097475637671380e+01 4.566756222363054576e+02
9.249999999999999542e-03 5.313899999999999864e+02 3.942843248356148678e+01 3.653699935654227033e+02
9.499999999999999764e-03 5.348600000000000136e+02 3.929721210721299940e+01 2.432076949290332948e+02
9.749999999999999986e-03 5.383300000000000409e+02 3.865129186770104042e+01 9.394987971634374446e+01
1.000000000000000021e-02 5.417999999999999545e+02 3.753227298269850820e+01 0.000000000000000000e+00
1.025000000000000043e-02 5.452699999999999818e+02 3.644597448091316494e+01 0.000000000000000000e+00
1.050000000000000065e-02 5.487400000000000091e+02 3.539208922713208949e+01 0.000000000000000000e+00
1.074999999999999914e-02 5.522100000000000364e+02 3.437022094856121868e+01 0.000000000000000000e+00
1.099999999999999936e-02 5.556799999999999500e+02 3.337989561803505723e+01 0.000000000000000000e+00
1.124999999999999958e-02 5.591499999999999773e+02 3.242057234063365456e+01 0.000000000000000000e+00
1.149999999999999981e-02 5.626200000000000045e+02 3.149165361323265699e+01 0.000000000000000000e+00
1.175000000000000003e-02 5.660900000000000318e+02 3.059249487253969590e+01 0.000000000000000000e+00
1.200000000000000025e-02 5.695599999999999454e+02 2.972241328396019355e+01 0.000000000000000000e+00
1.225000000000000047e-02 5.730299999999999727e+02 2.888069575251994081e+01 0.000000000000000000e+00
1.250000000000000069e-02 5.765000000000000000e+02 2.806660615926509550e+01 0.000000000000000000e+00
1.275000000000000092e-02 5.799700000000000273e+02 2.727939184315977172e+01 0.000000000000000000e+00
1.299999999999999940e-02 5.834400000000000546e+02 2.651828936048690011e+01 0.000000000000000000e+00
1.324999999999999963e-02 5.869099999999999682e+02 2.578252956198895873e+01 0.000000000000000000e+00
1.349999999999999985e-02 5.903799999999999955e+02 2.507134203320525856e+01 0.000000000000000000e+00
1.375000000000000007e-02 5.938500000000000227e+02 2.438395894631376493e+01 0.000000000000000000e+00
1.400000000000000029e-02 5.973199999999999363e+02 2.371961837280033691e+01 0.000000000000000000e+00
1.425000000000000051e-02 6.007899999999999636e+02 2.307756710590901861e+01 0.000000000000000000e+00
1.450000000000000074e-02 6.042599999999999909e+02 2.245706304044014701e+01 0.000000000000000000e+00
1.474999999999999922e-02 6.077300000000000182e+02 2.185737715535450576e+01 0.000000000000000000e+00
1.499999999999999944e-02 6.112000000000000455e+02 2.127779514205371214e+01 0.000000000000000000e+00
1.524999999999999967e-02 6.146699999999999591e+02 2.071761871832577029e+01 0.000000000000000000e+00
1.549999999999999989e-02 6.181399999999999864e+02 2.017616666491041144e+01 0.000000000000000000e+00
1.575000000000000011e-02 6.216100000000000136e+02 1.965277561857178057e+01 0.000000000000000000e+00
1.600000000000000033e-02 6.250800000000000409e+02 1.914680065253644514e+01 0.000000000000000000e+00
1.625000000000000056e-02 6.285499999999999545e+02 1.865761567223036366e+01 0.000000000000000000e+00
1.650000000000000078e-02 6.320199999999999818e+02 1.818461365146280073e+01 0.000000000000000000e+00
1.675000000000000100e-02 6.354900000000000091e+02 1.772720673158948657e+01 0.000000000000000000e+00
1.700000000000000122e-02 6.389600000000000364e+02 1.728482620375172729e+01 0.000000000000000000e+00
1.725000000000000144e-02 6.424300000000000637e+02 1.685692239204422549e+01 0.000000000000000000e+00
1.750000000000000167e-02 6.459000000000000909e+02 1.644296445340651047e+01 0.000000000000000000e+00
1.775000000000000189e-02 6.493700000000000045e+02 1.604244010816267973e+01 0.000000000000000000e+00
1.799999999999999864e-02 6.528399999999999181e+02 1.565485531343957781e+01 0.000000000000000000e+00
1.824999999999999886e-02 6.563099999999999454e+02 1.527973389016731254e+01 0.000000000000000000e+00
1.849999999999999908e-02 6.597799999999999727e+02 1.491661711299735593e+01 0.000000000000000000e+00
1.874999999999999931e-02 6.632500000000000000e+02 1.456506327124916567e+01 0.000000000000000000e+00
1.899999999999999953e-02 6.667200000000000273e+02 1.422464720790704718e+01 0.000000000000000000e+00
1.924999999999999975e-02 6.701900000000000546e+02 1.389495984272115159e+01 0.000000000000000000e+00
1.949999999999999997e-02 6.736600000000000819e+02 1.357560768460998446e+01 0.000000000000000000e+00
1.975000000000000019e-02 6.771299999999999955e+02 1.326621233780599063e+01 0.000000000000000000e+00
2.000000000000000042e-02 6.806000000000000227e+02 1.296641000551971956e+01 0.000000000000000000e+00
2.025000000000000064e-02 6.840699999999999363e+02 1.267585099431411422e+01 0.000000000000000000e+00
2.050000000000000086e-02 6.875399999999999636e+02 1.239419922186767309e+01 0.000000000000000000e+00
2.075000000000000108e-02 6.910099999999999909e+02 1.212113173035864833e+01 0.000000000000000000e+00
2.100000000000000130e-02 6.944800000000000182e+02 1.185633820731169585e+01 0.000000000000000000e+00
2.125000000000000153e-02 6.979500000000000455e+02 1.159952051540996543e+01 0.000000000000000000e+00
2.150000000000000175e-02 7.014200000000000728e+02 1.135039223248133844e+01 0.000000000000000000e+00
2.174999999999999850e-02 7.048899999999999864e+02 1.110867820261355199e+01 0.000000000000000000e+00
2.199999999999999872e-02 7.083599999999999000e+02 1.087411409913379678e+01 0.000000000000000000e+00
2.224999999999999895e-02 7.118299999999999272e+02 1.064644600000023011e+01 0.000000000000000000e+00
2.249999999999999917e-02 7.152999999999999545e+02 1.042542997599178101e+01 0.000000000000000000e+00
2.274999999999999939e-02 7.187699999999999818e+02 1.021083169194487361e+01 0.000000000000000000e+00
2.299999999999999961e-02 7.222400000000000091e+02 1.000242602116970581e+01 0.000000000000000000e+00
2.324999999999999983e-02 7.257100000000000364e+02 9.799996673079574450e+00 0.000000000000000000e+00
2.350000000000000006e-02 7.291800000000000637e+02 9.603335833984480985e+00 0.000000000000000000e+00
2.375000000000000028e-02 7.326499999999999773e+02 9.412243820931015748e+00 0.000000000000000000e+00
2.400000000000000050e-02 7.361200000000000045e+02 9.226528748413809211e+00 0.000000000000000000e+00
2.425000000000000072e-02 7.395900000000000318e+02 9.046006207736908777e+00 0.000000000000000000e+00
2.450000000000000094e-02 7.430599999999999454e+02 8.870498958765841380e+00 0.000000000000000000e+00
2.475000000000000117e-02 7.465299999999999727e+02 8.699836633781181661e+00 0.000000000000000000e+00
2.500000000000000139e-02 7.500000000000000000e+02 8.533855453121020673e+00 0.000000000000000000e+00
