      Position [m]           Temperature [K]            Css [wt.ppm]             Cp [wt.ppm]       
0.000000000000000000e+00 4.300000000000000000e+02 7.389102500462155554e+00 1.483013666262884840e+02
2.500000000000000052e-04 4.329700000000000273e+02 7.457690412348562781e+00 1.195191312542099382e+02
5.000000000000000104e-04 4.359399999999999977e+02 7.542888121110720157e+00 1.045529203812505870e+02
7.500000000000000156e-04 4.389100000000000250e+02 7.317975117478020763e+00 9.847238606680113548e+01
1.000000000000000021e-03 4.418799999999999955e+02 8.250082802067341348e+00 9.636947600567337702e+01
1.250000000000000026e-03 4.448500000000000227e+02 8.703762871765754028e+00 9.807633801670306184e+01
1.500000000000000031e-03 4.478199999999999932e+02 9.037529127373446158e+00 1.017562974775356537e+02
1.750000000000000036e-03 4.507900000000000205e+02 9.797590802504632990e+00 1.060963113279622263e+02
2.000000000000000042e-03 4.537599999999999909e+02 1.038226365952155206e+01 1.114242409821731457e+02
2.250000000000000264e-03 4.567300000000000182e+02 1.077725556824364617e+01 1.181142732385014682e+02
2.499999999999999618e-03 4.596999999999999886e+02 1.171816581891110687e+01 1.249914388155253420e+02
2.749999999999999840e-03 4.626700000000000159e+02 1.241746929164021118e+01 1.328789481499204044e+02
3.000000000000000062e-03 4.656399999999999864e+02 1.288774509369514121e+01 1.419760031601566652e+02
3.250000000000000284e-03 4.686100000000000136e+02 1.400519906444414175e+01 1.514166596054978129e+02
3.499999999999999639e-03 4.715799999999999841e+02 1.483561700059395783e+01 1.622642225494245736e+02
3.749999999999999861e-03 4.745500000000000114e+02 1.556464842769229229e+01 1.742334057427458731e+02
4.000000000000000083e-03 4.775199999999999818e+02 1.670673531300242232e+01 1.869187052099555046e+02
4.250000000000000305e-03 4.804900000000000091e+02 1.769582113739990703e+01 2.009825949198003912e+02
4.499999999999999660e-03 4.834599999999999795e+02 1.856430940579040723e+01 2.160722258239417499e+02
4.749999999999999882e-03 4.864300000000000068e+02 1.982790571966675230e+01 2.313281266199339541e+02
5.000000000000000104e-03 4.893999999999999773e+02 2.091939275663293074e+01 2.468887200665354840e+02
5.249999999999999459e-03 4.923700000000000045e+02 2.167013782623885376e+01 2.614994884153651356e+02
5.499999999999999681e-03 4.953399999999999750e+02 2.320797832309535380e+01 2.728869885649395997e+02
5.749999999999999903e-03 4.983100000000000023e+02 2.430585754408334509e+01 2.799011620631059714e+02
6.000000000000000125e-03 5.012799999999999727e+02 2.509243020697377347e+01 2.785075261673196678e+02
6.250000000000000347e-03 5.042500000000000000e+02 2.615556799186547821e+01 2.654031727923736526e+02
6.499999999999999702e-03 5.072200000000000273e+02 2.684181228231129523e+01 2.394805412273615275e+02
6.749999999999999924e-03 5.101899999999999977e+02 2.726854718457467897e+01 1.955949104178135087e+02
7.000000000000000146e-03 5.131599999999999682e+02 2.737344900751181953e+01 1.310534493374402416e+02
7.249999999999999500e-03 5.161299999999999955e+02 2.711379240994124729e+01 4.526884627762949265e+01
7.499999999999999722e-03 5.191000000000000227e+02 2.649422763496596289e+01 0.000000000000000000e+00
7.749999999999999944e-03 5.220699999999999363e+02 2.588276675847527031e+01 0.000000000000000000e+00
8.000000000000000167e-03 5.250399999999999636e+02 2.528019710369597561e+01 0.000000000000000000e+00
8.250000000000000389e-03 5.280099999999999909e+02 2.468719962610823515e+01 0.000000000000000000e+00
8.500000000000000611e-03 5.309800000000000182e+02 2.410435493141442009e+01 0.000000000000000000e+00
8.750000000000000833e-03 5.339500000000000455e+02 2.353214984696468903e+01 0.000000000000000000e+00
8.999999999999999320e-03 5.369199999999999591e+02 2.297098429556907107e+01 0.000000000000000000e+00
9.249999999999999542e-03 5.398899999999999864e+02 2.242117827301735389e+01 0.000000000000000000e+00
9.499999999999999764e-03 5.428600000000000136e+02 2.188297877497159050e+01 0.000000000000000000e+00
9.749999999999999986e-03 5.458300000000000409e+02 2.135656655605530574e+01 0.000000000000000000e+00
1.000000000000000021e-02 5.487999999999999545e+02 2.084206263478890264e+01 0.000000000000000000e+00
1.025000000000000043e-02 5.517699999999999818e+02 2.033953448331275737e+01 0.000000000000000000e+00
1.050000000000000065e-02 5.547400000000000091e+02 1.984900186135004674e+01 0.000000000000000000e+00
1.074999999999999914e-02 5.577100000000000364e+02 1.937044227027995191e+01 0.000000000000000000e+00
1.099999999999999936e-02 5.606799999999999500e+02 1.890379601614225535e+01 0.000000000000000000e+00
1.124999999999999958e-02 5.636499999999999773e+02 1.844897088043789779e+01 0.000000000000000000e+00
1.149999999999999981e-02 5.666200000000000045e+02 1.800584640521815416e+01 0.000000000000000000e+00
1.175000000000000003e-02 5.695900000000000318e+02 1.757427780459074640e+01 0.000000000000000000e+00
1.200000000000000025e-02 5.725599999999999454e+02 1.715409951879751915e+01 0.000000000000000000e+00
1.225000000000000047e-02 5.755299999999999727e+02 1.674512842973530269e+01 0.000000000000000000e+00
1.250000000000000069e-02 5.785000000000000000e+02 1.634716675847827716e+01 0.000000000000000000e+00
1.275000000000000092e-02 5.814700000000000273e+02 1.596000466623229919e+01 0.000000000000000000e+00
1.299999999999999940e-02 5.844400000000000546e+02 1.558342258039919592e+01 0.000000000000000000e+00
1.324999999999999963e-02 5.874099999999999682e+02 1.521719326720018373e+01 0.000000000000000000e+00
1.349999999999999985e-02 5.903799999999999955e+02 1.486108367172904821e+01 0.000000000000000000e+00
1.375000000000000007e-02 5.933500000000000227e+02 1.451485654547748894e+01 0.000000000000000000e+00
1.400000000000000029e-02 5.963199999999999363e+02 1.417827188037387565e+01 0.000000000000000000e+00
1.425000000000000051e-02 5.992899999999999636e+02 1.385108816727003500e+01 0.000000000000000000e+00
1.450000000000000074e-02 6.022599999999999909e+02 1.353306349564405942e+01 0.000000000000000000e+00
1.474999999999999922e-02 6.052300000000000182e+02 1.322395651009936834e+01 0.000000000000000000e+00
1.499999999999999944e-02 6.082000000000000455e+02 1.292352723806091674e+01 0.000000000000000000e+00
1.524999999999999967e-02 6.111699999999999591e+02 1.263153780191748687e+01 0.000000000000000000e+00
1.549999999999999989e-02 6.141399999999999864e+02 1.234775302775029893e+01 0.000000000000000000e+00
1.575000000000000011e-02 6.171100000000000136e+02 1.207194096173388509e+01 0.000000000000000000e+00
1.600000000000000033e-02 6.200800000000000409e+02 1.180387330429936910e+01 0.000000000000000000e+00
1.625000000000000056e-02 6.230499999999999545e+02 1.154332577121882331e+01 0.000000000000000000e+00
1.650000000000000078e-02 6.260199999999999818e+02 1.129007838990351686e+01 0.000000000000000000e+00
1.675000000000000100e-02 6.289900000000000091e+02 1.104391573840576690e+01 0.000000000000000000e+00
1.700000000000000122e-02 6.319600000000000364e+02 1.080462713387591123e+01 0.000000000000000000e+00
1.725000000000000144e-02 6.349300000000000637e+02 1.057200677654828702e+01 0.000000000000000000e+00
1.750000000000000167e-02 6.378999999999999773e+02 1.034585385470986907e+01 0.000000000000000000e+00
1.775000000000000189e-02 6.408700000000000045e+02 1.012597261554050654e+01 0.000000000000000000e+00
1.799999999999999864e-02 6.438399999999999181e+02 9.912172406199852404e+00 0.000000000000000000e+00
1.824999999999999886e-02 6.468099999999999454e+02 9.704267689070070091e+00 0.000000000000000000e+00
1.849999999999999908e-02 6.497799999999999727e+02 9.502078034641654014e+00 0.000000000000000000e+00
1.874999999999999931e-02 6.527500000000000000e+02 9.305428095148686296e+00 0.000000000000000000e+00
1.899999999999999953e-02 6.557200000000000273e+02 9.114147561715968848e+00 0.000000000000000000e+00
1.924999999999999975e-02 6.586900000000000546e+02 8.928071107471319934e+00 0.000000000000000000e+00
1.949999999999999997e-02 6.616599999999999682e+02 8.747038318797725864e+00 0.000000000000000000e+00
1.975000000000000019e-02 6.646299999999999955e+02 8.570893616650321789e+00 0.000000000000000000e+00
2.000000000000000042e-02 6.676000000000000227e+02 8.399486169639144961e+00 0.000000000000000000e+00
2.025000000000000064e-02 6.705700000000000500e+02 8.232669800377493630e+00 0.000000000000000000e+00
2.050000000000000086e-02 6.735399999999999636e+02 8.070302886416701682e+00 0.000000000000000000e+00
2.075000000000000108e-02 6.765099999999999909e+02 7.912248256926771361e+00 0.000000000000000000e+00
2.100000000000000130e-02 6.794800000000000182e+02 7.758373086139753738e+00 0.000000000000000000e+00
2.125000000000000153e-02 6.824500000000000455e+02 7.608548784444183255e+00 0.000000000000000000e+00
2.150000000000000175e-02 6.854200000000000728e+02 7.462650887905390107e+00 0.000000000000000000e+00
2.174999999999999850e-02 6.883899999999999864e+02 7.320558946884874629e+00 0.000000000000000000e+00
2.199999999999999872e-02 6.913599999999999000e+02 7.182156414341653416e+00 0.000000000000000000e+00
2.224999999999999895e-02 6.943299999999999272e+02 7.047330534318588136e+00 0.000000000000000000e+00
2.249999999999999917e-02 6.972999999999999545e+02 6.915972231045429908e+00 0.000000000000000000e+00
2.274999999999999939e-02 7.002699999999999818e+02 6.787975999027286989e+00 0.000000000000000000e+00
2.299999999999999961e-02 7.032400000000000091e+02 6.663239794431637719e+00 0.000000000000000000e+00
2.324999999999999983e-02 7.062100000000000364e+02 6.541664928037484117e+00 0.000000000000000000e+00
2.350000000000000006e-02 7.091800000000000637e+02 6.423155959966888595e+00 0.000000000000000000e+00
2.375000000000000028e-02 7.121499999999999773e+02 6.307620596380624001e+00 0.000000000000000000e+00
2.400000000000000050e-02 7.151200000000000045e+02 6.194969588286022066e+00 0.000000000000000000e+00
2.425000000000000072e-02 7.180900000000000318e+02 6.085116632575438445e+00 0.000000000000000000e+00
2.450000000000000094e-02 7.210599999999999454e+02 5.977978275387633822e+00 0.000000000000000000e+00
2.475000000000000117e-02 7.240299999999999727e+02 5.873473817861785129e+00 0.000000000000000000e+00
2.500000000000000139e-02 7.270000000000000000e+02 5.771525224333916348e+00 0.000000000000000000e+00
