      Position [m]           Temperature [K]            Css [wt.ppm]             Cp [wt.ppm]       
0.000000000000000000e+00 5.890000000000000000e+02 5.384055037792050769e+01 4.777537739978367881e+02
3.628571428571429028e-04 5.913714285714286234e+02 5.284967486511423118e+01 2.972992374648003988e+02
7.257142857142859140e-04 5.937428571428571331e+02 5.214409588417862551e+01 1.424985988896925733e+02
1.088571428571428763e-03 5.961142857142857565e+02 5.154994657308688488e+01 3.149924978121129371e+00
1.451428571428571611e-03 5.984857142857142662e+02 5.100167765846039458e+01 0.000000000000000000e+00
1.814285714285714677e-03 6.008571428571428896e+02 5.045253651578634901e+01 0.000000000000000000e+00
2.177142857142857092e-03 6.032285714285713993e+02 4.990210533215437039e+01 0.000000000000000000e+00
2.540000000000000157e-03 6.056000000000000227e+02 4.935028551701982735e+01 0.000000000000000000e+00
2.902857142857143222e-03 6.079714285714285325e+02 4.879707277345944760e+01 0.000000000000000000e+00
3.265714285714285854e-03 6.103428571428571558e+02 4.824254091334783112e+01 0.000000000000000000e+00
3.628571428571428920e-03 6.127142857142856656e+02 4.768682799854332899e+01 0.000000000000000000e+00
3.991428571428571985e-03 6.150857142857142890e+02 4.713012424687924806e+01 0.000000000000000000e+00
4.354285714285715050e-03 6.174571428571429124e+02 4.657266147204836670e+01 0.000000000000000000e+00
4.717142857142857248e-03 6.198285714285714221e+02 4.601470390354582207e+01 0.000000000000000000e+00
5.080000000000000314e-03 6.222000000000000455e+02 4.545654024414097449e+01 0.000000000000000000e+00
5.442857142857143379e-03 6.245714285714285552e+02 4.489847682944160567e+01 0.000000000000000000e+00
5.805714285714286445e-03 6.269428571428571786e+02 4.434083176409265548e+01 0.000000000000000000e+00
6.168571428571429510e-03 6.293142857142856883e+02 4.378392992059725231e+01 0.000000000000000000e+00
6.531428571428571708e-03 6.316857142857143117e+02 4.322809869815812078e+01 0.000000000000000000e+00
6.894285714285714774e-03 6.340571428571428214e+02 4.267366444966648942e+01 0.000000000000000000e+00
7.257142857142857839e-03 6.364285714285714448e+02 4.212094949479656947e+01 0.000000000000000000e+00
7.620000000000000905e-03 6.387999999999999545e+02 4.157026964609741526e+01 0.000000000000000000e+00
7.982857142857143970e-03 6.411714285714285779e+02 4.102193218304639544e+01 0.000000000000000000e+00
8.345714285714287903e-03 6.435428571428572013e+02 4.047623421631426055e+01 0.000000000000000000e+00
8.708571428571430101e-03 6.459142857142857110e+02 3.993346139103682901e+01 0.000000000000000000e+00
9.071428571428574034e-03 6.482857142857143344e+02 3.939388688376763525e+01 0.000000000000000000e+00
9.434285714285716232e-03 6.506571428571428442e+02 3.885777065304421285e+01 0.000000000000000000e+00
9.797142857142858430e-03 6.530285714285714675e+02 3.832535890820066982e+01 0.000000000000000000e+00
1.016000000000000236e-02 6.553999999999999773e+02 3.779688376525135851e+01 0.000000000000000000e+00
1.052285714285714456e-02 6.577714285714286007e+02 3.727256306240140304e+01 0.000000000000000000e+00
1.088571428571428849e-02 6.601428571428571104e+02 3.675260031106078173e+01 0.000000000000000000e+00
1.124857142857143069e-02 6.625142857142857338e+02 3.623718476118519050e+01 0.000000000000000000e+00
1.161142857142857289e-02 6.648857142857142435e+02 3.572649156238546198e+01 0.000000000000000000e+00
1.197428571428571682e-02 6.672571428571428669e+02 3.522068200456531173e+01 0.000000000000000000e+00
1.233714285714285902e-02 6.696285714285713766e+02 3.471990382390421814e+01 0.000000000000000000e+00
1.270000000000000295e-02 6.720000000000000000e+02 3.422429156182048615e+01 0.000000000000000000e+00
1.306285714285714515e-02 6.743714285714286234e+02 3.373396696616037360e+01 0.000000000000000000e+00
1.342571428571428735e-02 6.767428571428571331e+02 3.324903942528001011e+01 0.000000000000000000e+00
1.378857142857143128e-02 6.791142857142857565e+02 3.276960642694626102e+01 0.000000000000000000e+00
1.415142857142857348e-02 6.814857142857142662e+02 3.229575403509030451e+01 0.000000000000000000e+00
1.451428571428571741e-02 6.838571428571428896e+02 3.182755737842624555e+01 0.000000000000000000e+00
1.487714285714285961e-02 6.862285714285713993e+02 3.136508114580970386e+01 0.000000000000000000e+00
1.524000000000000181e-02 6.886000000000000227e+02 3.090838008396971759e+01 0.000000000000000000e+00
1.560285714285714574e-02 6.909714285714285325e+02 3.045749949391450784e+01 0.000000000000000000e+00
1.596571428571428794e-02 6.933428571428571558e+02 3.001247572289696919e+01 0.000000000000000000e+00
1.632857142857142840e-02 6.957142857142856656e+02 2.957333664934052919e+01 0.000000000000000000e+00
1.669142857142857234e-02 6.980857142857142890e+02 2.914010215857424413e+01 0.000000000000000000e+00
1.705428571428571627e-02 7.004571428571427987e+02 2.871278460762043139e+01 0.000000000000000000e+00
1.741714285714285673e-02 7.028285714285714221e+02 2.829138927761941247e+01 0.000000000000000000e+00
1.778000000000000067e-02 7.052000000000000455e+02 2.787591481277574701e+01 0.000000000000000000e+00
1.814285714285714460e-02 7.075714285714285552e+02 2.746635364496796683e+01 0.000000000000000000e+00
1.850571428571428853e-02 7.099428571428571786e+02 2.706269240338824034e+01 0.000000000000000000e+00
1.886857142857142899e-02 7.123142857142856883e+02 2.666491230877208096e+01 0.000000000000000000e+00
1.923142857142857293e-02 7.146857142857143117e+02 2.627298955194324748e+01 0.000000000000000000e+00
1.959428571428571686e-02 7.170571428571428214e+02 2.588689565654219749e+01 0.000000000000000000e+00
1.995714285714285732e-02 7.194285714285714448e+02 2.550659782592620317e+01 0.000000000000000000e+00
2.032000000000000126e-02 7.217999999999999545e+02 2.513205927433239495e+01 0.000000000000000000e+00
2.068285714285714519e-02 7.241714285714285779e+02 2.476323954248033843e+01 0.000000000000000000e+00
2.104571428571428565e-02 7.265428571428570876e+02 2.440009479786247226e+01 0.000000000000000000e+00
2.140857142857142958e-02 7.289142857142857110e+02 2.404257812002995109e+01 0.000000000000000000e+00
2.177142857142857352e-02 7.312857142857142208e+02 2.369063977122900155e+01 0.000000000000000000e+00
2.213428571428571745e-02 7.336571428571428442e+02 2.334422745278127920e+01 0.000000000000000000e+00
2.249714285714285791e-02 7.360285714285714675e+02 2.300328654763215397e+01 0.000000000000000000e+00
2.286000000000000185e-02 7.383999999999999773e+02 2.266776034951342211e+01 0.000000000000000000e+00
2.322285714285714578e-02 7.407714285714286007e+02 2.233759027918293327e+01 0.000000000000000000e+00
2.358571428571428624e-02 7.431428571428571104e+02 2.201271608821572912e+01 0.000000000000000000e+00
2.394857142857143018e-02 7.455142857142857338e+02 2.169307605082676105e+01 0.000000000000000000e+00
2.431142857142857411e-02 7.478857142857142435e+02 2.137860714420834185e+01 0.000000000000000000e+00
2.467428571428571804e-02 7.502571428571428669e+02 2.106924521786448423e+01 0.000000000000000000e+00
2.503714285714285850e-02 7.526285714285713766e+02 2.076492515242046721e+01 0.000000000000000000e+00
2.540000000000000244e-02 7.550000000000000000e+02 2.046558100837960836e+01 0.000000000000000000e+00
