      Position [m]           Temperature [K]            Css [wt.ppm]             Cp [wt.ppm]       
0.000000000000000000e+00 5.890000000000000000e+02 6.504696409119804912e+01 1.452535831909980061e+03
3.628571428571429028e-04 5.913714285714286234e+02 6.367183916862661164e+01 1.131997224333492795e+03
7.257142857142859140e-04 5.937428571428571331e+02 6.276956059174374047e+01 8.828618363424111521e+02
1.088571428571428763e-03 5.961142857142857565e+02 6.199457443157977110e+01 6.718272838018664288e+02
1.451428571428571611e-03 5.984857142857142662e+02 6.125062683641703387e+01 4.797563925998755963e+02
1.814285714285714677e-03 6.008571428571428896e+02 6.044835704143883959e+01 2.972905897278162115e+02
2.177142857142857092e-03 6.032285714285713993e+02 5.949883028219431935e+01 1.180486760704269642e+02
2.540000000000000157e-03 6.056000000000000227e+02 5.837055072481222595e+01 0.000000000000000000e+00
2.902857142857143222e-03 6.079714285714285325e+02 5.726505069732618125e+01 0.000000000000000000e+00
3.265714285714285854e-03 6.103428571428571558e+02 5.618157305486351305e+01 0.000000000000000000e+00
3.628571428571428920e-03 6.127142857142856656e+02 5.511944043378591118e+01 0.000000000000000000e+00
3.991428571428571985e-03 6.150857142857142890e+02 5.407804423754276968e+01 0.000000000000000000e+00
4.354285714285715050e-03 6.174571428571429124e+02 5.305683497244385194e+01 0.000000000000000000e+00
4.717142857142857248e-03 6.198285714285714221e+02 5.205531378949963539e+01 0.000000000000000000e+00
5.080000000000000314e-03 6.222000000000000455e+02 5.107302510154746500e+01 0.000000000000000000e+00
5.442857142857143379e-03 6.245714285714285552e+02 5.010955015692294268e+01 0.000000000000000000e+00
5.805714285714286445e-03 6.269428571428571786e+02 4.916450146216796213e+01 0.000000000000000000e+00
6.168571428571429510e-03 6.293142857142856883e+02 4.823751795667013909e+01 0.000000000000000000e+00
6.531428571428571708e-03 6.316857142857143117e+02 4.732826085174420427e+01 0.000000000000000000e+00
6.894285714285714774e-03 6.340571428571428214e+02 4.643641005550902179e+01 0.000000000000000000e+00
7.257142857142857839e-03 6.364285714285714448e+02 4.556166111302672306e+01 0.000000000000000000e+00
7.620000000000000905e-03 6.387999999999999545e+02 4.470372259858839215e+01 0.000000000000000000e+00
7.982857142857143970e-03 6.411714285714285779e+02 4.386231390378309669e+01 0.000000000000000000e+00
8.345714285714287903e-03 6.435428571428572013e+02 4.303716337113699097e+01 0.000000000000000000e+00
8.708571428571430101e-03 6.459142857142857110e+02 4.222800672866618044e+01 0.000000000000000000e+00
9.071428571428574034e-03 6.482857142857143344e+02 4.143458578572644768e+01 0.000000000000000000e+00
9.434285714285716232e-03 6.506571428571428442e+02 4.065664735507588290e+01 0.000000000000000000e+00
9.797142857142858430e-03 6.530285714285714675e+02 3.989394237014874278e+01 0.000000000000000000e+00
1.016000000000000236e-02 6.553999999999999773e+02 3.914622517020409020e+01 0.000000000000000000e+00
1.052285714285714456e-02 6.577714285714286007e+02 3.841325292929273871e+01 0.000000000000000000e+00
1.088571428571428849e-02 6.601428571428571104e+02 3.769478520792036846e+01 0.000000000000000000e+00
1.124857142857143069e-02 6.625142857142857338e+02 3.699058360889916486e+01 0.000000000000000000e+00
1.161142857142857289e-02 6.648857142857142435e+02 3.630041152121154369e+01 0.000000000000000000e+00
1.197428571428571682e-02 6.672571428571428669e+02 3.562403393777600513e+01 0.000000000000000000e+00
1.233714285714285902e-02 6.696285714285713766e+02 3.496121733484333305e+01 0.000000000000000000e+00
1.270000000000000295e-02 6.720000000000000000e+02 3.431172960237305603e+01 0.000000000000000000e+00
1.306285714285714515e-02 6.743714285714286234e+02 3.367534001617711681e+01 0.000000000000000000e+00
1.342571428571428735e-02 6.767428571428571331e+02 3.305181924388251957e+01 0.000000000000000000e+00
1.378857142857143128e-02 6.791142857142857565e+02 3.244093937787990711e+01 0.000000000000000000e+00
1.415142857142857348e-02 6.814857142857142662e+02 3.184247398940257767e+01 0.000000000000000000e+00
1.451428571428571741e-02 6.838571428571428896e+02 3.125619819874066607e+01 0.000000000000000000e+00
1.487714285714285961e-02 6.862285714285713993e+02 3.068188875734575660e+01 0.000000000000000000e+00
1.524000000000000181e-02 6.886000000000000227e+02 3.011932413823745236e+01 0.000000000000000000e+00
1.560285714285714574e-02 6.909714285714285325e+02 2.956828463169651755e+01 0.000000000000000000e+00
1.596571428571428794e-02 6.933428571428571558e+02 2.902855244372552690e+01 0.000000000000000000e+00
1.632857142857142840e-02 6.957142857142856656e+02 2.849991179519137674e+01 0.000000000000000000e+00
1.669142857142857234e-02 6.980857142857142890e+02 2.798214901993592107e+01 0.000000000000000000e+00
1.705428571428571627e-02 7.004571428571427987e+02 2.747505266046546168e+01 0.000000000000000000e+00
1.741714285714285673e-02 7.028285714285714221e+02 2.697841356010552616e+01 0.000000000000000000e+00
1.778000000000000067e-02 7.052000000000000455e+02 2.649202495074802144e+01 0.000000000000000000e+00
1.814285714285714460e-02 7.075714285714285552e+02 2.601568253551882037e+01 0.000000000000000000e+00
1.850571428571428853e-02 7.099428571428571786e+02 2.554918456586948494e+01 0.000000000000000000e+00
1.886857142857142899e-02 7.123142857142856883e+02 2.509233191274287478e+01 0.000000000000000000e+00
1.923142857142857293e-02 7.146857142857143117e+02 2.464492813158633666e+01 0.000000000000000000e+00
1.959428571428571686e-02 7.170571428571428214e+02 2.420677952109080167e+01 0.000000000000000000e+00
1.995714285714285732e-02 7.194285714285714448e+02 2.377769517562020951e+01 0.000000000000000000e+00
2.032000000000000126e-02 7.217999999999999545e+02 2.335748703136748716e+01 0.000000000000000000e+00
2.068285714285714519e-02 7.241714285714285779e+02 2.294596990633195688e+01 0.000000000000000000e+00
2.104571428571428565e-02 7.265428571428570876e+02 2.254296153426041016e+01 0.000000000000000000e+00
2.140857142857142958e-02 7.289142857142857110e+02 2.214828259273154032e+01 0.000000000000000000e+00
2.177142857142857352e-02 7.312857142857142208e+02 2.176175672559337215e+01 0.000000000000000000e+00
2.213428571428571745e-02 7.336571428571428442e+02 2.138321055998498821e+01 0.000000000000000000e+00
2.249714285714285791e-02 7.360285714285714675e+02 2.101247371819125931e+01 0.000000000000000000e+00
2.286000000000000185e-02 7.383999999999999773e+02 2.064937882458952956e+01 0.000000000000000000e+00
2.322285714285714578e-02 7.407714285714286007e+02 2.029376150795480527e+01 0.000000000000000000e+00
2.358571428571428624e-02 7.431428571428571104e+02 1.994546039939358906e+01 0.000000000000000000e+00
2.394857142857143018e-02 7.455142857142857338e+02 1.960431712617609534e+01 0.000000000000000000e+00
2.431142857142857411e-02 7.478857142857142435e+02 1.927017630173555673e+01 0.000000000000000000e+00
2.467428571428571804e-02 7.502571428571428669e+02 1.894288551209820781e+01 0.000000000000000000e+00
2.503714285714285850e-02 7.526285714285713766e+02 1.862229529900285385e+01 0.000000000000000000e+00
2.540000000000000244e-02 7.550000000000000000e+02 1.830825913996080345e+01 0.000000000000000000e+00
