      Position [m]           Temperature [K]            Css [wt.ppm]             Cp [wt.ppm]       
0.000000000000000000e+00 5.890000000000000000e+02 5.650234296818833002e+01 6.734570907744672468e+02
3.628571428571429028e-04 5.913714285714286234e+02 5.562919532425019753e+01 4.777329812267875582e+02
7.257142857142859140e-04 5.937428571428571331e+02 5.502582044505133751e+01 3.188930040443103167e+02
1.088571428571428763e-03 5.961142857142857565e+02 5.466916245293003840e+01 1.812707835710581605e+02
1.451428571428571611e-03 5.984857142857142662e+02 5.438390596827318291e+01 5.416720670840919638e+01
1.814285714285714677e-03 6.008571428571428896e+02 5.408226306511393489e+01 0.000000000000000000e+00
2.177142857142857092e-03 6.032285714285713993e+02 5.376225612214304306e+01 0.000000000000000000e+00
2.540000000000000157e-03 6.056000000000000227e+02 5.342320702217683248e+01 0.000000000000000000e+00
2.902857142857143222e-03 6.079714285714285325e+02 5.306568455742439028e+01 0.000000000000000000e+00
3.265714285714285854e-03 6.103428571428571558e+02 5.269038055193130532e+01 0.000000000000000000e+00
3.628571428571428920e-03 6.127142857142856656e+02 5.229806937602948835e+01 0.000000000000000000e+00
3.991428571428571985e-03 6.150857142857142890e+02 5.188958955270390305e+01 0.000000000000000000e+00
4.354285714285715050e-03 6.174571428571429124e+02 5.146582758892804321e+01 0.000000000000000000e+00
4.717142857142857248e-03 6.198285714285714221e+02 5.102770389614055091e+01 0.000000000000000000e+00
5.080000000000000314e-03 6.222000000000000455e+02 5.057616063959806496e+01 0.000000000000000000e+00
5.442857142857143379e-03 6.245714285714285552e+02 5.011215130808282936e+01 0.000000000000000000e+00
5.805714285714286445e-03 6.269428571428571786e+02 4.963663180846372569e+01 0.000000000000000000e+00
6.168571428571429510e-03 6.293142857142856883e+02 4.915055291117322867e+01 0.000000000000000000e+00
6.531428571428571708e-03 6.316857142857143117e+02 4.865485389112630088e+01 0.000000000000000000e+00
6.894285714285714774e-03 6.340571428571428214e+02 4.815045722431112551e+01 0.000000000000000000e+00
7.257142857142857839e-03 6.364285714285714448e+02 4.763826421425263646e+01 0.000000000000000000e+00
7.620000000000000905e-03 6.387999999999999545e+02 4.711915143528408123e+01 0.000000000000000000e+00
7.982857142857143970e-03 6.411714285714285779e+02 4.659396789116054549e+01 0.000000000000000000e+00
8.345714285714287903e-03 6.435428571428572013e+02 4.606353279816141111e+01 0.000000000000000000e+00
8.708571428571430101e-03 6.459142857142857110e+02 4.552863391147663208e+01 0.000000000000000000e+00
9.071428571428574034e-03 6.482857142857143344e+02 4.499002632244375377e+01 0.000000000000000000e+00
9.434285714285716232e-03 6.506571428571428442e+02 4.444843166215427033e+01 0.000000000000000000e+00
9.797142857142858430e-03 6.530285714285714675e+02 4.390453765413008824e+01 0.000000000000000000e+00
1.016000000000000236e-02 6.553999999999999773e+02 4.335899796526354777e+01 0.000000000000000000e+00
1.052285714285714456e-02 6.577714285714286007e+02 4.281243231004863503e+01 0.000000000000000000e+00
1.088571428571428849e-02 6.601428571428571104e+02 4.226542676838977286e+01 0.000000000000000000e+00
1.124857142857143069e-02 6.625142857142857338e+02 4.171853428198331670e+01 0.000000000000000000e+00
1.161142857142857289e-02 6.648857142857142435e+02 4.117227529849901657e+01 0.000000000000000000e+00
1.197428571428571682e-02 6.672571428571428669e+02 4.062713853656305929e+01 0.000000000000000000e+00
1.233714285714285902e-02 6.696285714285713766e+02 4.008358184793357992e+01 0.000000000000000000e+00
1.270000000000000295e-02 6.720000000000000000e+02 3.954203315626465809e+01 0.000000000000000000e+00
1.306285714285714515e-02 6.743714285714286234e+02 3.900289145455086981e+01 0.000000000000000000e+00
1.342571428571428735e-02 6.767428571428571331e+02 3.846652784572613371e+01 0.000000000000000000e+00
1.378857142857143128e-02 6.791142857142857565e+02 3.793328661301897142e+01 0.000000000000000000e+00
1.415142857142857348e-02 6.814857142857142662e+02 3.740348630854484924e+01 0.000000000000000000e+00
1.451428571428571741e-02 6.838571428571428896e+02 3.687742085028178707e+01 0.000000000000000000e+00
1.487714285714285961e-02 6.862285714285713993e+02 3.635536061904849703e+01 0.000000000000000000e+00
1.524000000000000181e-02 6.886000000000000227e+02 3.583755354840071305e+01 0.000000000000000000e+00
1.560285714285714574e-02 6.909714285714285325e+02 3.532422620150498460e+01 0.000000000000000000e+00
1.596571428571428794e-02 6.933428571428571558e+02 3.481558483005134264e+01 0.000000000000000000e+00
1.632857142857142840e-02 6.957142857142856656e+02 3.431181641114670811e+01 0.000000000000000000e+00
1.669142857142857234e-02 6.980857142857142890e+02 3.381308965889912344e+01 0.000000000000000000e+00
1.705428571428571627e-02 7.004571428571427987e+02 3.331955600807420836e+01 0.000000000000000000e+00
1.741714285714285673e-02 7.028285714285714221e+02 3.283135056778689176e+01 0.000000000000000000e+00
1.778000000000000067e-02 7.052000000000000455e+02 3.234859304369854982e+01 0.000000000000000000e+00
1.814285714285714460e-02 7.075714285714285552e+02 3.187138862762583003e+01 0.000000000000000000e+00
1.850571428571428853e-02 7.099428571428571786e+02 3.139982885384145561e+01 0.000000000000000000e+00
1.886857142857142899e-02 7.123142857142856883e+02 3.093399242167223662e+01 0.000000000000000000e+00
1.923142857142857293e-02 7.146857142857143117e+02 3.047394598427080936e+01 0.000000000000000000e+00
1.959428571428571686e-02 7.170571428571428214e+02 3.001974490367216930e+01 0.000000000000000000e+00
1.995714285714285732e-02 7.194285714285714448e+02 2.957143397244016469e+01 0.000000000000000000e+00
2.032000000000000126e-02 7.217999999999999545e+02 2.912904810237363407e+01 0.000000000000000000e+00
2.068285714285714519e-02 7.241714285714285779e+02 2.869261298087552703e+01 0.000000000000000000e+00
2.104571428571428565e-02 7.265428571428570876e+02 2.826214569569971502e+01 0.000000000000000000e+00
2.140857142857142958e-02 7.289142857142857110e+02 2.783765532887735006e+01 0.000000000000000000e+00
2.177142857142857352e-02 7.312857142857142208e+02 2.741914352069613159e+01 0.000000000000000000e+00
2.213428571428571745e-02 7.336571428571428442e+02 2.700660500465708225e+01 0.000000000000000000e+00
2.249714285714285791e-02 7.360285714285714675e+02 2.660002811437496106e+01 0.000000000000000000e+00
2.286000000000000185e-02 7.383999999999999773e+02 2.619939526341384095e+01 0.000000000000000000e+00
2.322285714285714578e-02 7.407714285714286007e+02 2.580468339906716935e+01 0.000000000000000000e+00
2.358571428571428624e-02 7.431428571428571104e+02 2.541586443109945037e+01 0.000000000000000000e+00
2.394857142857143018e-02 7.455142857142857338e+02 2.503290563646583067e+01 0.000000000000000000e+00
2.431142857142857411e-02 7.478857142857142435e+02 2.465577004102199155e+01 0.000000000000000000e+00
2.467428571428571804e-02 7.502571428571428669e+02 2.428441677922247877e+01 0.000000000000000000e+00
2.503714285714285850e-02 7.526285714285713766e+02 2.391880143279257709e+01 0.000000000000000000e+00
2.540000000000000244e-02 7.550000000000000000e+02 2.355887634933677433e+01 0.000000000000000000e+00
