      Position [m]           Temperature [K]            Css [wt.ppm]             Cp [wt.ppm]       
0.000000000000000000e+00 5.890000000000000000e+02 5.884860060519044112e+01 8.563166587929806610e+02
3.628571428571429028e-04 5.913714285714286234e+02 5.748889743824576470e+01 6.099073774923119799e+02
7.257142857142859140e-04 5.937428571428571331e+02 5.618149755502404474e+01 3.950082621339170146e+02
1.088571428571428763e-03 5.961142857142857565e+02 5.502090535050198383e+01 2.023372647957954769e+02
1.451428571428571611e-03 5.984857142857142662e+02 5.387721357020158308e+01 2.596693955990107483e+01
1.814285714285714677e-03 6.008571428571428896e+02 5.276302954423115210e+01 0.000000000000000000e+00
2.177142857142857092e-03 6.032285714285713993e+02 5.167860878849104722e+01 0.000000000000000000e+00
2.540000000000000157e-03 6.056000000000000227e+02 5.062273190206727236e+01 0.000000000000000000e+00
2.902857142857143222e-03 6.079714285714285325e+02 4.959427265864039924e+01 0.000000000000000000e+00
3.265714285714285854e-03 6.103428571428571558e+02 4.859218251638037600e+01 0.000000000000000000e+00
3.628571428571428920e-03 6.127142857142856656e+02 4.761548330812979657e+01 0.000000000000000000e+00
3.991428571428571985e-03 6.150857142857142890e+02 4.666326058888441963e+01 0.000000000000000000e+00
4.354285714285715050e-03 6.174571428571429124e+02 4.573465766824018885e+01 0.000000000000000000e+00
4.717142857142857248e-03 6.198285714285714221e+02 4.482887025055477181e+01 0.000000000000000000e+00
5.080000000000000314e-03 6.222000000000000455e+02 4.394514162085297926e+01 0.000000000000000000e+00
5.442857142857143379e-03 6.245714285714285552e+02 4.308275832226496505e+01 0.000000000000000000e+00
5.805714285714286445e-03 6.269428571428571786e+02 4.224104627608997475e+01 0.000000000000000000e+00
6.168571428571429510e-03 6.293142857142856883e+02 4.141936730011747159e+01 0.000000000000000000e+00
6.531428571428571708e-03 6.316857142857143117e+02 4.061711598495536890e+01 0.000000000000000000e+00
6.894285714285714774e-03 6.340571428571428214e+02 3.983371689190794029e+01 0.000000000000000000e+00
7.257142857142857839e-03 6.364285714285714448e+02 3.906862203941486911e+01 0.000000000000000000e+00
7.620000000000000905e-03 6.387999999999999545e+02 3.832130864825074923e+01 0.000000000000000000e+00
7.982857142857143970e-03 6.411714285714285779e+02 3.759127711858901222e+01 0.000000000000000000e+00
8.345714285714287903e-03 6.435428571428572013e+02 3.687804921469020769e+01 0.000000000000000000e+00
8.708571428571430101e-03 6.459142857142857110e+02 3.618116643538550647e+01 0.000000000000000000e+00
9.071428571428574034e-03 6.482857142857143344e+02 3.550018855072328705e+01 0.000000000000000000e+00
9.434285714285716232e-03 6.506571428571428442e+02 3.483469228713624943e+01 0.000000000000000000e+00
9.797142857142858430e-03 6.530285714285714675e+02 3.418427014528925412e+01 0.000000000000000000e+00
1.016000000000000236e-02 6.553999999999999773e+02 3.354852933640172097e+01 0.000000000000000000e+00
1.052285714285714456e-02 6.577714285714286007e+02 3.292709082430936718e+01 0.000000000000000000e+00
1.088571428571428849e-02 6.601428571428571104e+02 3.231958846186439871e+01 0.000000000000000000e+00
1.124857142857143069e-02 6.625142857142857338e+02 3.172566821146733673e+01 0.000000000000000000e+00
1.161142857142857289e-02 6.648857142857142435e+02 3.114498744060921709e+01 0.000000000000000000e+00
1.197428571428571682e-02 6.672571428571428669e+02 3.057721428426804522e+01 0.000000000000000000e+00
1.233714285714285902e-02 6.696285714285713766e+02 3.002202706688183298e+01 0.000000000000000000e+00
1.270000000000000295e-02 6.720000000000000000e+02 2.947911377739981020e+01 0.000000000000000000e+00
1.306285714285714515e-02 6.743714285714286234e+02 2.894817159161953057e+01 0.000000000000000000e+00
1.342571428571428735e-02 6.767428571428571331e+02 2.842890643664672723e+01 0.000000000000000000e+00
1.378857142857143128e-02 6.791142857142857565e+02 2.792103259287863182e+01 0.000000000000000000e+00
1.415142857142857348e-02 6.814857142857142662e+02 2.742427232941859927e+01 0.000000000000000000e+00
1.451428571428571741e-02 6.838571428571428896e+02 2.693835556927983532e+01 0.000000000000000000e+00
1.487714285714285961e-02 6.862285714285713993e+02 2.646301958114135999e+01 0.000000000000000000e+00
1.524000000000000181e-02 6.886000000000000227e+02 2.599800869477930831e+01 0.000000000000000000e+00
1.560285714285714574e-02 6.909714285714285325e+02 2.554307403761935547e+01 0.000000000000000000e+00
1.596571428571428794e-02 6.933428571428571558e+02 2.509797329014206113e+01 0.000000000000000000e+00
1.632857142857142840e-02 6.957142857142856656e+02 2.466247045813066308e+01 0.000000000000000000e+00
1.669142857142857234e-02 6.980857142857142890e+02 2.423633565997699080e+01 0.000000000000000000e+00
1.705428571428571627e-02 7.004571428571427987e+02 2.381934492746587395e+01 0.000000000000000000e+00
1.741714285714285673e-02 7.028285714285714221e+02 2.341128001863748054e+01 0.000000000000000000e+00
1.778000000000000067e-02 7.052000000000000455e+02 2.301192824148925098e+01 0.000000000000000000e+00
1.814285714285714460e-02 7.075714285714285552e+02 2.262108228741974258e+01 0.000000000000000000e+00
1.850571428571428853e-02 7.099428571428571786e+02 2.223854007344520056e+01 0.000000000000000000e+00
1.886857142857142899e-02 7.123142857142856883e+02 2.186410459233092851e+01 0.000000000000000000e+00
1.923142857142857293e-02 7.146857142857143117e+02 2.149758376987946562e+01 0.000000000000000000e+00
1.959428571428571686e-02 7.170571428571428214e+02 2.113879032870600483e+01 0.000000000000000000e+00
1.995714285714285732e-02 7.194285714285714448e+02 2.078754165790939012e+01 0.000000000000000000e+00
2.032000000000000126e-02 7.217999999999999545e+02 2.044365968811586498e+01 0.000000000000000000e+00
2.068285714285714519e-02 7.241714285714285779e+02 2.010697077143539246e+01 0.000000000000000000e+00
2.104571428571428565e-02 7.265428571428570876e+02 1.977730556592197786e+01 0.000000000000000000e+00
2.140857142857142958e-02 7.289142857142857110e+02 1.945449892417916260e+01 0.000000000000000000e+00
2.177142857142857352e-02 7.312857142857142208e+02 1.913838978579326522e+01 0.000000000000000000e+00
2.213428571428571745e-02 7.336571428571428442e+02 1.882882107331227672e+01 0.000000000000000000e+00
2.249714285714285791e-02 7.360285714285714675e+02 1.852563959152529449e+01 0.000000000000000000e+00
2.286000000000000185e-02 7.383999999999999773e+02 1.822869592982040388e+01 0.000000000000000000e+00
2.322285714285714578e-02 7.407714285714286007e+02 1.793784436742864941e+01 0.000000000000000000e+00
2.358571428571428624e-02 7.431428571428571104e+02 1.765294278138182094e+01 0.000000000000000000e+00
2.394857142857143018e-02 7.455142857142857338e+02 1.737385255703130227e+01 0.000000000000000000e+00
2.431142857142857411e-02 7.478857142857142435e+02 1.710043850099313545e+01 0.000000000000000000e+00
2.467428571428571804e-02 7.502571428571428669e+02 1.683256875639786543e+01 0.000000000000000000e+00
2.503714285714285850e-02 7.526285714285713766e+02 1.657011472033849131e+01 0.000000000000000000e+00
2.540000000000000244e-02 7.550000000000000000e+02 1.631295096341975892e+01 0.000000000000000000e+00
