      Position [m]           Temperature [K]            Css [wt.ppm]             Cp [wt.ppm]       
0.000000000000000000e+00 6.440000000000000000e+02 1.228123601306743353e+02 1.621374990294408462e+03
3.628571428571429028e-04 6.463857142857142435e+02 1.211160717263700377e+02 1.097606977916907226e+03
7.257142857142859140e-04 6.487714285714286007e+02 1.200157335159910872e+02 7.229126147034845644e+02
1.088571428571428763e-03 6.511571428571428442e+02 1.191891026317234434e+02 4.215252761251202287e+02
1.451428571428571611e-03 6.535428571428570876e+02 1.184469301602992459e+02 1.593513706231197773e+02
1.814285714285714677e-03 6.559285714285714448e+02 1.176462297295229007e+02 0.000000000000000000e+00
2.177142857142857092e-03 6.583142857142856883e+02 1.168283977665941933e+02 0.000000000000000000e+00
2.540000000000000157e-03 6.607000000000000455e+02 1.159933497027050606e+02 0.000000000000000000e+00
2.902857142857143222e-03 6.630857142857142890e+02 1.151411948628121849e+02 0.000000000000000000e+00
3.265714285714285854e-03 6.654714285714285325e+02 1.142722012141761496e+02 0.000000000000000000e+00
3.628571428571428920e-03 6.678571428571428896e+02 1.133867721020226327e+02 0.000000000000000000e+00
3.991428571428571985e-03 6.702428571428571331e+02 1.124854253581372490e+02 0.000000000000000000e+00
4.354285714285715050e-03 6.726285714285713766e+02 1.115687745804312527e+02 0.000000000000000000e+00
4.717142857142857248e-03 6.750142857142857338e+02 1.106375123994936587e+02 0.000000000000000000e+00
5.080000000000000314e-03 6.773999999999999773e+02 1.096923955598849858e+02 0.000000000000000000e+00
5.442857142857143379e-03 6.797857142857143344e+02 1.087342316558565756e+02 0.000000000000000000e+00
5.805714285714286445e-03 6.821714285714285779e+02 1.077638673728295231e+02 0.000000000000000000e+00
6.168571428571429510e-03 6.845571428571428214e+02 1.067821780970587184e+02 0.000000000000000000e+00
6.531428571428571708e-03 6.869428571428571786e+02 1.057900587664239964e+02 0.000000000000000000e+00
6.894285714285714774e-03 6.893285714285714221e+02 1.047884158452077799e+02 0.000000000000000000e+00
7.257142857142857839e-03 6.917142857142856656e+02 1.037781603150595515e+02 0.000000000000000000e+00
7.620000000000000905e-03 6.941000000000000227e+02 1.027602015831112112e+02 0.000000000000000000e+00
7.982857142857143970e-03 6.964857142857142662e+02 1.017354422164077334e+02 0.000000000000000000e+00
8.345714285714287903e-03 6.988714285714286234e+02 1.007047734194611479e+02 0.000000000000000000e+00
8.708571428571430101e-03 7.012571428571428669e+02 9.966907117886070466e+01 0.000000000000000000e+00
9.071428571428574034e-03 7.036428571428571104e+02 9.862919300548172430e+01 0.000000000000000000e+00
9.434285714285716232e-03 7.060285714285714675e+02 9.758597521095742877e+01 0.000000000000000000e+00
9.797142857142858430e-03 7.084142857142857110e+02 9.654023066075387760e+01 0.000000000000000000e+00
1.016000000000000236e-02 7.107999999999999545e+02 9.549274695141038194e+01 0.000000000000000000e+00
1.052285714285714456e-02 7.131857142857143117e+02 9.444428496433580733e+01 0.000000000000000000e+00
1.088571428571428849e-02 7.155714285714285552e+02 9.339557775298908382e+01 0.000000000000000000e+00
1.124857142857143069e-02 7.179571428571429124e+02 9.234732972434349563e+01 0.000000000000000000e+00
1.161142857142857289e-02 7.203428571428571558e+02 9.130021607928610194e+01 0.000000000000000000e+00
1.197428571428571682e-02 7.227285714285713993e+02 9.025488248002190517e+01 0.000000000000000000e+00
1.233714285714285902e-02 7.251142857142857565e+02 8.921194491569660556e+01 0.000000000000000000e+00
1.270000000000000295e-02 7.275000000000000000e+02 8.817198974031636283e+01 0.000000000000000000e+00
1.306285714285714515e-02 7.298857142857142435e+02 8.713557385966061020e+01 0.000000000000000000e+00
1.342571428571428735e-02 7.322714285714286007e+02 8.610322504627062301e+01 0.000000000000000000e+00
1.378857142857143128e-02 7.346571428571428442e+02 8.507544236377016489e+01 0.000000000000000000e+00
1.415142857142857348e-02 7.370428571428572013e+02 8.405269668375294145e+01 0.000000000000000000e+00
1.451428571428571741e-02 7.394285714285714448e+02 8.303543128026309716e+01 0.000000000000000000e+00
1.487714285714285961e-02 7.418142857142856883e+02 8.202406248853276338e+01 0.000000000000000000e+00
1.524000000000000181e-02 7.442000000000000455e+02 8.101898041611076451e+01 0.000000000000000000e+00
1.560285714285714574e-02 7.465857142857142890e+02 8.002054969586231437e+01 0.000000000000000000e+00
1.596571428571428794e-02 7.489714285714285325e+02 7.902911027152484280e+01 0.000000000000000000e+00
1.632857142857142840e-02 7.513571428571428896e+02 7.804497820760181526e+01 0.000000000000000000e+00
1.669142857142857234e-02 7.537428571428571331e+02 7.706844651636305343e+01 0.000000000000000000e+00
1.705428571428571627e-02 7.561285714285713766e+02 7.609978599560834311e+01 0.000000000000000000e+00
1.741714285714285673e-02 7.585142857142857338e+02 7.513924607165523639e+01 0.000000000000000000e+00
1.778000000000000067e-02 7.608999999999999773e+02 7.418705564272841002e+01 0.000000000000000000e+00
1.814285714285714460e-02 7.632857142857143344e+02 7.324342391857585710e+01 0.000000000000000000e+00
1.850571428571428853e-02 7.656714285714285779e+02 7.230854125271945065e+01 0.000000000000000000e+00
1.886857142857142899e-02 7.680571428571428214e+02 7.138257996426064267e+01 0.000000000000000000e+00
1.923142857142857293e-02 7.704428571428571786e+02 7.046569514663161726e+01 0.000000000000000000e+00
1.959428571428571686e-02 7.728285714285714221e+02 6.955802546109252660e+01 0.000000000000000000e+00
1.995714285714285732e-02 7.752142857142856656e+02 6.865969391314443726e+01 0.000000000000000000e+00
2.032000000000000126e-02 7.776000000000000227e+02 6.777080861035712189e+01 0.000000000000000000e+00
2.068285714285714519e-02 7.799857142857142662e+02 6.689146350039860067e+01 0.000000000000000000e+00
2.104571428571428565e-02 7.823714285714286234e+02 6.602173908831322535e+01 0.000000000000000000e+00
2.140857142857142958e-02 7.847571428571428669e+02 6.516170313232044009e+01 0.000000000000000000e+00
2.177142857142857352e-02 7.871428571428571104e+02 6.431141131760648477e+01 0.000000000000000000e+00
2.213428571428571745e-02 7.895285714285714675e+02 6.347090790775755664e+01 0.000000000000000000e+00
2.249714285714285791e-02 7.919142857142857110e+02 6.264022637363572699e+01 0.000000000000000000e+00
2.286000000000000185e-02 7.942999999999999545e+02 6.181938999963206527e+01 0.000000000000000000e+00
2.322285714285714578e-02 7.966857142857143117e+02 6.100841246734836432e+01 0.000000000000000000e+00
2.358571428571428624e-02 7.990714285714285552e+02 6.020729841685931660e+01 0.000000000000000000e+00
2.394857142857143018e-02 8.014571428571427987e+02 5.941604398578995472e+01 0.000000000000000000e+00
2.431142857142857411e-02 8.038428571428571558e+02 5.863463732652044769e+01 0.000000000000000000e+00
2.467428571428571804e-02 8.062285714285713993e+02 5.786305910188929857e+01 0.000000000000000000e+00
2.503714285714285850e-02 8.086142857142856428e+02 5.710128295981825630e+01 0.000000000000000000e+00
2.540000000000000244e-02 8.110000000000000000e+02 5.634927598732539877e+01 0.000000000000000000e+00
