      Position [m]           Temperature [K]            Css [wt.ppm]             Cp [wt.ppm]       
0.000000000000000000e+00 6.440000000000000000e+02 1.333619312168273439e+02 4.638384274719991481e+03
3.628571428571429028e-04 6.471714285714285779e+02 1.333297066279149590e+02 2.593338433867101230e+03
7.257142857142859140e-04 6.503428571428571558e+02 1.333176736120990711e+02 1.825564810288577746e+03
1.088571428571428763e-03 6.535142857142857338e+02 1.331585189440021111e+02 1.266359185594713381e+03
1.451428571428571611e-03 6.566857142857143117e+02 1.327660235067364169e+02 8.049456368710395964e+02
1.814285714285714677e-03 6.598571428571428896e+02 1.321043562577243051e+02 4.035491263450006159e+02
2.177142857142857092e-03 6.630285714285714675e+02 1.311737515202045472e+02 4.517411092244034876e+01
2.540000000000000157e-03 6.662000000000000455e+02 1.299959265411772549e+02 0.000000000000000000e+00
2.902857142857143222e-03 6.693714285714286234e+02 1.288231319757753113e+02 0.000000000000000000e+00
3.265714285714285854e-03 6.725428571428570876e+02 1.276557651973957661e+02 0.000000000000000000e+00
3.628571428571428920e-03 6.757142857142856656e+02 1.264942223698199797e+02 0.000000000000000000e+00
3.991428571428571985e-03 6.788857142857142435e+02 1.253388942264292893e+02 0.000000000000000000e+00
4.354285714285715050e-03 6.820571428571428214e+02 1.241901626018880194e+02 0.000000000000000000e+00
4.717142857142857248e-03 6.852285714285713993e+02 1.230483976183885204e+02 0.000000000000000000e+00
5.080000000000000314e-03 6.883999999999999773e+02 1.219139554395614624e+02 0.000000000000000000e+00
5.442857142857143379e-03 6.915714285714285552e+02 1.207871765150575953e+02 0.000000000000000000e+00
5.805714285714286445e-03 6.947428571428571331e+02 1.196683842477427220e+02 0.000000000000000000e+00
6.168571428571429510e-03 6.979142857142857110e+02 1.185578840234575324e+02 0.000000000000000000e+00
6.531428571428571708e-03 7.010857142857142890e+02 1.174559625504620470e+02 0.000000000000000000e+00
6.894285714285714774e-03 7.042571428571428669e+02 1.163628874620983282e+02 0.000000000000000000e+00
7.257142857142857839e-03 7.074285714285714448e+02 1.152789071419196318e+02 0.000000000000000000e+00
7.620000000000000905e-03 7.106000000000000227e+02 1.142042507356229493e+02 0.000000000000000000e+00
7.982857142857143970e-03 7.137714285714286007e+02 1.131391283186431309e+02 0.000000000000000000e+00
8.345714285714287903e-03 7.169428571428571786e+02 1.120837311922790320e+02 0.000000000000000000e+00
8.708571428571430101e-03 7.201142857142857565e+02 1.110382322847719081e+02 0.000000000000000000e+00
9.071428571428574034e-03 7.232857142857143344e+02 1.100027866369019733e+02 0.000000000000000000e+00
9.434285714285716232e-03 7.264571428571429124e+02 1.089775319544385326e+02 0.000000000000000000e+00
9.797142857142858430e-03 7.296285714285713766e+02 1.079625892122179920e+02 0.000000000000000000e+00
1.016000000000000236e-02 7.327999999999999545e+02 1.069580632967973486e+02 0.000000000000000000e+00
1.052285714285714456e-02 7.359714285714285325e+02 1.059640436764869804e+02 0.000000000000000000e+00
1.088571428571428849e-02 7.391428571428571104e+02 1.049806050892558886e+02 0.000000000000000000e+00
1.124857142857143069e-02 7.423142857142856883e+02 1.040078082404354518e+02 0.000000000000000000e+00
1.161142857142857289e-02 7.454857142857142662e+02 1.030457005034250528e+02 0.000000000000000000e+00
1.197428571428571682e-02 7.486571428571428442e+02 1.020943166177096515e+02 0.000000000000000000e+00
1.233714285714285902e-02 7.518285714285714221e+02 1.011536793794599021e+02 0.000000000000000000e+00
1.270000000000000295e-02 7.550000000000000000e+02 1.002238003208286159e+02 0.000000000000000000e+00
1.306285714285714515e-02 7.581714285714285779e+02 9.930468037478176768e+01 0.000000000000000000e+00
1.342571428571428735e-02 7.613428571428571558e+02 9.839631052292851621e+01 0.000000000000000000e+00
1.378857142857143128e-02 7.645142857142857338e+02 9.749867242436070569e+01 0.000000000000000000e+00
1.415142857142857348e-02 7.676857142857143117e+02 9.661173902397504776e+01 0.000000000000000000e+00
1.451428571428571741e-02 7.708571428571428896e+02 9.573547513915153218e+01 0.000000000000000000e+00
1.487714285714285961e-02 7.740285714285714675e+02 9.486983802400332877e+01 0.000000000000000000e+00
1.524000000000000181e-02 7.772000000000000455e+02 9.401477791070149692e+01 0.000000000000000000e+00
1.560285714285714574e-02 7.803714285714286234e+02 9.317023852762474689e+01 0.000000000000000000e+00
1.596571428571428794e-02 7.835428571428572013e+02 9.233615759428930403e+01 0.000000000000000000e+00
1.632857142857142840e-02 7.867142857142856656e+02 9.151246729318611983e+01 0.000000000000000000e+00
1.669142857142857234e-02 7.898857142857142435e+02 9.069909471879643093e+01 0.000000000000000000e+00
1.705428571428571627e-02 7.930571428571428214e+02 8.989596230417227218e+01 0.000000000000000000e+00
1.741714285714285673e-02 7.962285714285713993e+02 8.910298822556475784e+01 0.000000000000000000e+00
1.778000000000000067e-02 7.993999999999999773e+02 8.832008678565779292e+01 0.000000000000000000e+00
1.814285714285714460e-02 8.025714285714285552e+02 8.754716877602361080e+01 0.000000000000000000e+00
1.850571428571428853e-02 8.057428571428571331e+02 8.678414181946557449e+01 0.000000000000000000e+00
1.886857142857142899e-02 8.089142857142857110e+02 8.603091069293861892e+01 0.000000000000000000e+00
1.923142857142857293e-02 8.120857142857142890e+02 8.528737763176984288e+01 0.000000000000000000e+00
1.959428571428571686e-02 8.152571428571428669e+02 8.455344261590957444e+01 0.000000000000000000e+00
1.995714285714285732e-02 8.184285714285714448e+02 8.382900363895086571e+01 0.000000000000000000e+00
2.032000000000000126e-02 8.216000000000000227e+02 8.311395696065733318e+01 0.000000000000000000e+00
2.068285714285714519e-02 8.247714285714286007e+02 8.240819734373228300e+01 0.000000000000000000e+00
2.104571428571428565e-02 8.279428571428570649e+02 8.171161827555519608e+01 0.000000000000000000e+00
2.140857142857142958e-02 8.311142857142856428e+02 8.102411217559608758e+01 0.000000000000000000e+00
2.177142857142857352e-02 8.342857142857142208e+02 8.034557058920586314e+01 0.000000000000000000e+00
2.213428571428571745e-02 8.374571428571427987e+02 7.967588436846062905e+01 0.000000000000000000e+00
2.249714285714285791e-02 8.406285714285713766e+02 7.901494384071914112e+01 0.000000000000000000e+00
2.286000000000000185e-02 8.437999999999999545e+02 7.836263896553259656e+01 0.000000000000000000e+00
2.322285714285714578e-02 8.469714285714285325e+02 7.771885948052251081e+01 0.000000000000000000e+00
2.358571428571428624e-02 8.501428571428571104e+02 7.708349503682151749e+01 0.000000000000000000e+00
2.394857142857143018e-02 8.533142857142856883e+02 7.645643532464733028e+01 0.000000000000000000e+00
2.431142857142857411e-02 8.564857142857142662e+02 7.583757018955917317e+01 0.000000000000000000e+00
2.467428571428571804e-02 8.596571428571428442e+02 7.522678973992073281e+01 0.000000000000000000e+00
2.503714285714285850e-02 8.628285714285714221e+02 7.462398444607249814e+01 0.000000000000000000e+00
2.540000000000000244e-02 8.660000000000000000e+02 7.402904523169260642e+01 0.000000000000000000e+00
