      Position [m]           Temperature [K]            Css [wt.ppm]             Cp [wt.ppm]       
0.000000000000000000e+00 6.440000000000000000e+02 1.253877717654154651e+02 1.964912400361678465e+03
3.628571428571429028e-04 6.463857142857142435e+02 1.243263324981608235e+02 1.417278834949353723e+03
7.257142857142859140e-04 6.487714285714286007e+02 1.243273311230290119e+02 1.083748254430262023e+03
1.088571428571428763e-03 6.511571428571428442e+02 1.250490777964485716e+02 8.492333934594621496e+02
1.451428571428571611e-03 6.535428571428570876e+02 1.261305112343336532e+02 6.617986533763427133e+02
1.814285714285714677e-03 6.559285714285714448e+02 1.272942084687742863e+02 4.889016482560434724e+02
2.177142857142857092e-03 6.583142857142856883e+02 1.281861080242830155e+02 3.083924658813231758e+02
2.540000000000000157e-03 6.607000000000000455e+02 1.285235607323395186e+02 1.061942244402250282e+02
2.902857142857143222e-03 6.630857142857142890e+02 1.281352683959424894e+02 0.000000000000000000e+00
3.265714285714285854e-03 6.654714285714285325e+02 1.276953909832870409e+02 0.000000000000000000e+00
3.628571428571428920e-03 6.678571428571428896e+02 1.272054460239724136e+02 0.000000000000000000e+00
3.991428571428571985e-03 6.702428571428571331e+02 1.266671069620832668e+02 0.000000000000000000e+00
4.354285714285715050e-03 6.726285714285713766e+02 1.260821733039951340e+02 0.000000000000000000e+00
4.717142857142857248e-03 6.750142857142857338e+02 1.254525438034231826e+02 0.000000000000000000e+00
5.080000000000000314e-03 6.773999999999999773e+02 1.247801924832710370e+02 0.000000000000000000e+00
5.442857142857143379e-03 6.797857142857143344e+02 1.240671472976582379e+02 0.000000000000000000e+00
5.805714285714286445e-03 6.821714285714285779e+02 1.233154712419960362e+02 0.000000000000000000e+00
6.168571428571429510e-03 6.845571428571428214e+02 1.225272457242425048e+02 0.000000000000000000e+00
6.531428571428571708e-03 6.869428571428571786e+02 1.217045560164928020e+02 0.000000000000000000e+00
6.894285714285714774e-03 6.893285714285714221e+02 1.208494786128206755e+02 0.000000000000000000e+00
7.257142857142857839e-03 6.917142857142856656e+02 1.199640703266780264e+02 0.000000000000000000e+00
7.620000000000000905e-03 6.941000000000000227e+02 1.190503589691331285e+02 0.000000000000000000e+00
7.982857142857143970e-03 6.964857142857142662e+02 1.181103354576192004e+02 0.000000000000000000e+00
8.345714285714287903e-03 6.988714285714286234e+02 1.171459472136100288e+02 0.000000000000000000e+00
8.708571428571430101e-03 7.012571428571428669e+02 1.161590927165660645e+02 0.000000000000000000e+00
9.071428571428574034e-03 7.036428571428571104e+02 1.151516170905244110e+02 0.000000000000000000e+00
9.434285714285716232e-03 7.060285714285714675e+02 1.141253086086998820e+02 0.000000000000000000e+00
9.797142857142858430e-03 7.084142857142857110e+02 1.130818960103403583e+02 0.000000000000000000e+00
1.016000000000000236e-02 7.107999999999999545e+02 1.120230465327297367e+02 0.000000000000000000e+00
1.052285714285714456e-02 7.131857142857143117e+02 1.109503645696059522e+02 0.000000000000000000e+00
1.088571428571428849e-02 7.155714285714285552e+02 1.098653908752661010e+02 0.000000000000000000e+00
1.124857142857143069e-02 7.179571428571429124e+02 1.087696022412526276e+02 0.000000000000000000e+00
1.161142857142857289e-02 7.203428571428571558e+02 1.076644115796915173e+02 0.000000000000000000e+00
1.197428571428571682e-02 7.227285714285713993e+02 1.065511683540758412e+02 0.000000000000000000e+00
1.233714285714285902e-02 7.251142857142857565e+02 1.054311593045471085e+02 0.000000000000000000e+00
1.270000000000000295e-02 7.275000000000000000e+02 1.043056094205129369e+02 0.000000000000000000e+00
1.306285714285714515e-02 7.298857142857142435e+02 1.031756831187487649e+02 0.000000000000000000e+00
1.342571428571428735e-02 7.322714285714286007e+02 1.020424855900123191e+02 0.000000000000000000e+00
1.378857142857143128e-02 7.346571428571428442e+02 1.009070642816155043e+02 0.000000000000000000e+00
1.415142857142857348e-02 7.370428571428572013e+02 9.977041048741632778e+01 0.000000000000000000e+00
1.451428571428571741e-02 7.394285714285714448e+02 9.863346102031191265e+01 0.000000000000000000e+00
1.487714285714285961e-02 7.418142857142856883e+02 9.749709994556525317e+01 0.000000000000000000e+00
1.524000000000000181e-02 7.442000000000000455e+02 9.636216035620728348e+01 0.000000000000000000e+00
1.560285714285714574e-02 7.465857142857142890e+02 9.522942617435317914e+01 0.000000000000000000e+00
1.596571428571428794e-02 7.489714285714285325e+02 9.409963396457420970e+01 0.000000000000000000e+00
1.632857142857142840e-02 7.513571428571428896e+02 9.297347474751259711e+01 0.000000000000000000e+00
1.669142857142857234e-02 7.537428571428571331e+02 9.185159580372678079e+01 0.000000000000000000e+00
1.705428571428571627e-02 7.561285714285713766e+02 9.073460245934370505e+01 0.000000000000000000e+00
1.741714285714285673e-02 7.585142857142857338e+02 8.962305984648605772e+01 0.000000000000000000e+00
1.778000000000000067e-02 7.608999999999999773e+02 8.851749463266536111e+01 0.000000000000000000e+00
1.814285714285714460e-02 7.632857142857143344e+02 8.741839671438904702e+01 0.000000000000000000e+00
1.850571428571428853e-02 7.656714285714285779e+02 8.632622087116351395e+01 0.000000000000000000e+00
1.886857142857142899e-02 7.680571428571428214e+02 8.524138837687110026e+01 0.000000000000000000e+00
1.923142857142857293e-02 7.704428571428571786e+02 8.416428856619909027e+01 0.000000000000000000e+00
1.959428571428571686e-02 7.728285714285714221e+02 8.309528035439538485e+01 0.000000000000000000e+00
1.995714285714285732e-02 7.752142857142856656e+02 8.203469370914062608e+01 0.000000000000000000e+00
2.032000000000000126e-02 7.776000000000000227e+02 8.098283107377069712e+01 0.000000000000000000e+00
2.068285714285714519e-02 7.799857142857142662e+02 7.993996874145588549e+01 0.000000000000000000e+00
2.104571428571428565e-02 7.823714285714286234e+02 7.890635818026589732e+01 0.000000000000000000e+00
2.140857142857142958e-02 7.847571428571428669e+02 7.788222730931947524e+01 0.000000000000000000e+00
2.177142857142857352e-02 7.871428571428571104e+02 7.686778172644328322e+01 0.000000000000000000e+00
2.213428571428571745e-02 7.895285714285714675e+02 7.586320588795737763e+01 0.000000000000000000e+00
2.249714285714285791e-02 7.919142857142857110e+02 7.486866424135789089e+01 0.000000000000000000e+00
2.286000000000000185e-02 7.942999999999999545e+02 7.388430231179989960e+01 0.000000000000000000e+00
2.322285714285714578e-02 7.966857142857143117e+02 7.291024774338507086e+01 0.000000000000000000e+00
2.358571428571428624e-02 7.990714285714285552e+02 7.194661129634347674e+01 0.000000000000000000e+00
2.394857142857143018e-02 8.014571428571427987e+02 7.099348780126234715e+01 0.000000000000000000e+00
2.431142857142857411e-02 8.038428571428571558e+02 7.005095707156526430e+01 0.000000000000000000e+00
2.467428571428571804e-02 8.062285714285713993e+02 6.911908477547891039e+01 0.000000000000000000e+00
2.503714285714285850e-02 8.086142857142856428e+02 6.819792326874970456e+01 0.000000000000000000e+00
2.540000000000000244e-02 8.110000000000000000e+02 6.728751238938663448e+01 0.000000000000000000e+00
