      Position [m]           Temperature [K]            Css [wt.ppm]             Cp [wt.ppm]       
0.000000000000000000e+00 6.440000000000000000e+02 1.288345499419512805e+02 2.569860677261327965e+03
3.628571428571429028e-04 6.463857142857142435e+02 1.268713804251840429e+02 1.716518798380812996e+03
7.257142857142859140e-04 6.487714285714286007e+02 1.251502746312911540e+02 1.159208602518219323e+03
1.088571428571428763e-03 6.511571428571428442e+02 1.235315979176992158e+02 7.293227797814408859e+02
1.451428571428571611e-03 6.535428571428570876e+02 1.219347051207965507e+02 3.720547703584092574e+02
1.814285714285714677e-03 6.559285714285714448e+02 1.203032210000663866e+02 6.149234383455686270e+01
2.177142857142857092e-03 6.583142857142856883e+02 1.186097233234674064e+02 0.000000000000000000e+00
2.540000000000000157e-03 6.607000000000000455e+02 1.169457194418759798e+02 0.000000000000000000e+00
2.902857142857143222e-03 6.630857142857142890e+02 1.153102180727105406e+02 0.000000000000000000e+00
3.265714285714285854e-03 6.654714285714285325e+02 1.137023093800052607e+02 0.000000000000000000e+00
3.628571428571428920e-03 6.678571428571428896e+02 1.121211568711971438e+02 0.000000000000000000e+00
3.991428571428571985e-03 6.702428571428571331e+02 1.105659900397569544e+02 0.000000000000000000e+00
4.354285714285715050e-03 6.726285714285713766e+02 1.090360976928040060e+02 0.000000000000000000e+00
4.717142857142857248e-03 6.750142857142857338e+02 1.075308219068130882e+02 0.000000000000000000e+00
5.080000000000000314e-03 6.773999999999999773e+02 1.060495525585184566e+02 0.000000000000000000e+00
5.442857142857143379e-03 6.797857142857143344e+02 1.045917223819224091e+02 0.000000000000000000e+00
5.805714285714286445e-03 6.821714285714285779e+02 1.031568025059478941e+02 0.000000000000000000e+00
6.168571428571429510e-03 6.845571428571428214e+02 1.017442984306902645e+02 0.000000000000000000e+00
6.531428571428571708e-03 6.869428571428571786e+02 1.003537464034614004e+02 0.000000000000000000e+00
6.894285714285714774e-03 6.893285714285714221e+02 9.898471015885220936e+01 0.000000000000000000e+00
7.257142857142857839e-03 6.917142857142856656e+02 9.763677798988445034e+01 0.000000000000000000e+00
7.620000000000000905e-03 6.941000000000000227e+02 9.630956011998729593e+01 0.000000000000000000e+00
7.982857142857143970e-03 6.964857142857142662e+02 9.500268634800433176e+01 0.000000000000000000e+00
8.345714285714287903e-03 6.988714285714286234e+02 9.371580394075348863e+01 0.000000000000000000e+00
8.708571428571430101e-03 7.012571428571428669e+02 9.244857574979944559e+01 0.000000000000000000e+00
9.071428571428574034e-03 7.036428571428571104e+02 9.120067853108223233e+01 0.000000000000000000e+00
9.434285714285716232e-03 7.060285714285714675e+02 8.997180144788768530e+01 0.000000000000000000e+00
9.797142857142858430e-03 7.084142857142857110e+02 8.876164473934014154e+01 0.000000000000000000e+00
1.016000000000000236e-02 7.107999999999999545e+02 8.756991853816185767e+01 0.000000000000000000e+00
1.052285714285714456e-02 7.131857142857143117e+02 8.639634182289273667e+01 0.000000000000000000e+00
1.088571428571428849e-02 7.155714285714285552e+02 8.524064149108279764e+01 0.000000000000000000e+00
1.124857142857143069e-02 7.179571428571429124e+02 8.410255154119639087e+01 0.000000000000000000e+00
1.161142857142857289e-02 7.203428571428571558e+02 8.298181235208529927e+01 0.000000000000000000e+00
1.197428571428571682e-02 7.227285714285713993e+02 8.187817004991248382e+01 0.000000000000000000e+00
1.233714285714285902e-02 7.251142857142857565e+02 8.079137595335346589e+01 0.000000000000000000e+00
1.270000000000000295e-02 7.275000000000000000e+02 7.972118608875865675e+01 0.000000000000000000e+00
1.306285714285714515e-02 7.298857142857142435e+02 7.866736076774972730e+01 0.000000000000000000e+00
1.342571428571428735e-02 7.322714285714286007e+02 7.762966422044200954e+01 0.000000000000000000e+00
1.378857142857143128e-02 7.346571428571428442e+02 7.660786427814058186e+01 0.000000000000000000e+00
1.415142857142857348e-02 7.370428571428572013e+02 7.560173209995549826e+01 0.000000000000000000e+00
1.451428571428571741e-02 7.394285714285714448e+02 7.461104193832919407e+01 0.000000000000000000e+00
1.487714285714285961e-02 7.418142857142856883e+02 7.363557093896255878e+01 0.000000000000000000e+00
1.524000000000000181e-02 7.442000000000000455e+02 7.267509897107936467e+01 0.000000000000000000e+00
1.560285714285714574e-02 7.465857142857142890e+02 7.172940848437947636e+01 0.000000000000000000e+00
1.596571428571428794e-02 7.489714285714285325e+02 7.079828438940313617e+01 0.000000000000000000e+00
1.632857142857142840e-02 7.513571428571428896e+02 6.988151395836702306e+01 0.000000000000000000e+00
1.669142857142857234e-02 7.537428571428571331e+02 6.897888674383985119e+01 0.000000000000000000e+00
1.705428571428571627e-02 7.561285714285713766e+02 6.809019451290281211e+01 0.000000000000000000e+00
1.741714285714285673e-02 7.585142857142857338e+02 6.721523119469256358e+01 0.000000000000000000e+00
1.778000000000000067e-02 7.608999999999999773e+02 6.635379283945148643e+01 0.000000000000000000e+00
1.814285714285714460e-02 7.632857142857143344e+02 6.550567758741431135e+01 0.000000000000000000e+00
1.850571428571428853e-02 7.656714285714285779e+02 6.467068564604997505e+01 0.000000000000000000e+00
1.886857142857142899e-02 7.680571428571428214e+02 6.384861927433988171e+01 0.000000000000000000e+00
1.923142857142857293e-02 7.704428571428571786e+02 6.303928277292973803e+01 0.000000000000000000e+00
1.959428571428571686e-02 7.728285714285714221e+02 6.224248247912479570e+01 0.000000000000000000e+00
1.995714285714285732e-02 7.752142857142856656e+02 6.145802676582255941e+01 0.000000000000000000e+00
2.032000000000000126e-02 7.776000000000000227e+02 6.068572604358625711e+01 0.000000000000000000e+00
2.068285714285714519e-02 7.799857142857142662e+02 5.992539276516207281e+01 0.000000000000000000e+00
2.104571428571428565e-02 7.823714285714286234e+02 5.917684143183038969e+01 0.000000000000000000e+00
2.140857142857142958e-02 7.847571428571428669e+02 5.843988860106222916e+01 0.000000000000000000e+00
2.177142857142857352e-02 7.871428571428571104e+02 5.771435289502125698e+01 0.000000000000000000e+00
2.213428571428571745e-02 7.895285714285714675e+02 5.700005500951795057e+01 0.000000000000000000e+00
2.249714285714285791e-02 7.919142857142857110e+02 5.629681772307533549e+01 0.000000000000000000e+00
2.286000000000000185e-02 7.942999999999999545e+02 5.560446590581974391e+01 0.000000000000000000e+00
2.322285714285714578e-02 7.966857142857143117e+02 5.492282652795232423e+01 0.000000000000000000e+00
2.358571428571428624e-02 7.990714285714285552e+02 5.425172866759856305e+01 0.000000000000000000e+00
2.394857142857143018e-02 8.014571428571427987e+02 5.359100351786674565e+01 0.000000000000000000e+00
2.431142857142857411e-02 8.038428571428571558e+02 5.294048439297904451e+01 0.000000000000000000e+00
2.467428571428571804e-02 8.062285714285713993e+02 5.230000673336527228e+01 0.000000000000000000e+00
2.503714285714285850e-02 8.086142857142856428e+02 5.166940810963289721e+01 0.000000000000000000e+00
2.540000000000000244e-02 8.110000000000000000e+02 5.104852822535116275e+01 0.000000000000000000e+00
