      Position [m]           Temperature [K]            Css [wt.ppm]             Cp [wt.ppm]       
0.000000000000000000e+00 7.000000000000000000e+02 2.328639190065155447e+02 1.400844834023287331e+04
3.628571428571429028e-04 7.031714285714285779e+02 2.305528991480314858e+02 1.636175504189324784e+03
7.257142857142859140e-04 7.063428571428571558e+02 2.282359924646532079e+02 7.303398542031485476e+02
1.088571428571428763e-03 7.095142857142857338e+02 2.256925061705331643e+02 8.377440474356426137e+01
1.451428571428571611e-03 7.126857142857143117e+02 2.229030992744777961e+02 0.000000000000000000e+00
1.814285714285714677e-03 7.158571428571428896e+02 2.201551854062841187e+02 0.000000000000000000e+00
2.177142857142857092e-03 7.190285714285714675e+02 2.174477227100059906e+02 0.000000000000000000e+00
2.540000000000000157e-03 7.222000000000000455e+02 2.147797748997016356e+02 0.000000000000000000e+00
2.902857142857143222e-03 7.253714285714286234e+02 2.121504965160351617e+02 0.000000000000000000e+00
3.265714285714285854e-03 7.285428571428570876e+02 2.095591200461291237e+02 0.000000000000000000e+00
3.628571428571428920e-03 7.317142857142856656e+02 2.070049446893806362e+02 0.000000000000000000e+00
3.991428571428571985e-03 7.348857142857142435e+02 2.044873265759131584e+02 0.000000000000000000e+00
4.354285714285715050e-03 7.380571428571428214e+02 2.020056702657722667e+02 0.000000000000000000e+00
4.717142857142857248e-03 7.412285714285713993e+02 1.995594213762168749e+02 0.000000000000000000e+00
5.080000000000000314e-03 7.443999999999999773e+02 1.971480602016157206e+02 0.000000000000000000e+00
5.442857142857143379e-03 7.475714285714285552e+02 1.947710962058029338e+02 0.000000000000000000e+00
5.805714285714286445e-03 7.507428571428571331e+02 1.924280632804302797e+02 0.000000000000000000e+00
6.168571428571429510e-03 7.539142857142857110e+02 1.901185156750495082e+02 0.000000000000000000e+00
6.531428571428571708e-03 7.570857142857142890e+02 1.878420245155134580e+02 0.000000000000000000e+00
6.894285714285714774e-03 7.602571428571428669e+02 1.855981748369455318e+02 0.000000000000000000e+00
7.257142857142857839e-03 7.634285714285714448e+02 1.833865630661219939e+02 0.000000000000000000e+00
7.620000000000000905e-03 7.666000000000000227e+02 1.812067948957410408e+02 0.000000000000000000e+00
7.982857142857143970e-03 7.697714285714286007e+02 1.790584834998265933e+02 0.000000000000000000e+00
8.345714285714287903e-03 7.729428571428571786e+02 1.769412480455348771e+02 0.000000000000000000e+00
8.708571428571430101e-03 7.761142857142857565e+02 1.748547124619634019e+02 0.000000000000000000e+00
9.071428571428574034e-03 7.792857142857143344e+02 1.727985044312873129e+02 0.000000000000000000e+00
9.434285714285716232e-03 7.824571428571429124e+02 1.707722545717423941e+02 0.000000000000000000e+00
9.797142857142858430e-03 7.856285714285713766e+02 1.687755957856768703e+02 0.000000000000000000e+00
1.016000000000000236e-02 7.887999999999999545e+02 1.668081627491815198e+02 0.000000000000000000e+00
1.052285714285714456e-02 7.919714285714285325e+02 1.648695915227091007e+02 0.000000000000000000e+00
1.088571428571428849e-02 7.951428571428571104e+02 1.629595192646577573e+02 0.000000000000000000e+00
1.124857142857143069e-02 7.983142857142856883e+02 1.610775840321650207e+02 0.000000000000000000e+00
1.161142857142857289e-02 8.014857142857142662e+02 1.592234246553578885e+02 0.000000000000000000e+00
1.197428571428571682e-02 8.046571428571428442e+02 1.573966806730722112e+02 0.000000000000000000e+00
1.233714285714285902e-02 8.078285714285714221e+02 1.555969923196116156e+02 0.000000000000000000e+00
1.270000000000000295e-02 8.110000000000000000e+02 1.538240005534912029e+02 0.000000000000000000e+00
1.306285714285714515e-02 8.141714285714285779e+02 1.520773471203165741e+02 0.000000000000000000e+00
1.342571428571428735e-02 8.173428571428571558e+02 1.503566746430158503e+02 0.000000000000000000e+00
1.378857142857143128e-02 8.205142857142857338e+02 1.486616267335768953e+02 0.000000000000000000e+00
1.415142857142857348e-02 8.236857142857143117e+02 1.469918481212599204e+02 0.000000000000000000e+00
1.451428571428571741e-02 8.268571428571428896e+02 1.453469847929794980e+02 0.000000000000000000e+00
1.487714285714285961e-02 8.300285714285714675e+02 1.437266841421900949e+02 0.000000000000000000e+00
1.524000000000000181e-02 8.332000000000000455e+02 1.421305951231344125e+02 0.000000000000000000e+00
1.560285714285714574e-02 8.363714285714286234e+02 1.405583684078365252e+02 0.000000000000000000e+00
1.596571428571428794e-02 8.395428571428572013e+02 1.390096565436128060e+02 0.000000000000000000e+00
1.632857142857142840e-02 8.427142857142856656e+02 1.374841141092563248e+02 0.000000000000000000e+00
1.669142857142857234e-02 8.458857142857142435e+02 1.359813978683675373e+02 0.000000000000000000e+00
1.705428571428571627e-02 8.490571428571428214e+02 1.345011669185802532e+02 0.000000000000000000e+00
1.741714285714285673e-02 8.522285714285713993e+02 1.330430828356840038e+02 0.000000000000000000e+00
1.778000000000000067e-02 8.553999999999999773e+02 1.316068098118213072e+02 0.000000000000000000e+00
1.814285714285714460e-02 8.585714285714285552e+02 1.301920147871765323e+02 0.000000000000000000e+00
1.850571428571428853e-02 8.617428571428571331e+02 1.287983675746557992e+02 0.000000000000000000e+00
1.886857142857142899e-02 8.649142857142857110e+02 1.274255409772490566e+02 0.000000000000000000e+00
1.923142857142857293e-02 8.680857142857142890e+02 1.260732108978462520e+02 0.000000000000000000e+00
1.959428571428571686e-02 8.712571428571428669e+02 1.247410564413874283e+02 0.000000000000000000e+00
1.995714285714285732e-02 8.744285714285714448e+02 1.234287600093056483e+02 0.000000000000000000e+00
2.032000000000000126e-02 8.776000000000000227e+02 1.221360073862877869e+02 0.000000000000000000e+00
2.068285714285714519e-02 8.807714285714286007e+02 1.208624878194393375e+02 0.000000000000000000e+00
2.104571428571428565e-02 8.839428571428570649e+02 1.196078940899826932e+02 0.000000000000000000e+00
2.140857142857142958e-02 8.871142857142856428e+02 1.183719225776583102e+02 0.000000000000000000e+00
2.177142857142857352e-02 8.902857142857142208e+02 1.171542733180297517e+02 0.000000000000000000e+00
2.213428571428571745e-02 8.934571428571427987e+02 1.159546500529164774e+02 0.000000000000000000e+00
2.249714285714285791e-02 8.966285714285713766e+02 1.147727602741994843e+02 0.000000000000000000e+00
2.286000000000000185e-02 8.997999999999999545e+02 1.136083152612562515e+02 0.000000000000000000e+00
2.322285714285714578e-02 9.029714285714285325e+02 1.124610301122947078e+02 0.000000000000000000e+00
2.358571428571428624e-02 9.061428571428571104e+02 1.113306237698598125e+02 0.000000000000000000e+00
2.394857142857143018e-02 9.093142857142856883e+02 1.102168190407912221e+02 0.000000000000000000e+00
2.431142857142857411e-02 9.124857142857142662e+02 1.091193426109118434e+02 0.000000000000000000e+00
2.467428571428571804e-02 9.156571428571428442e+02 1.080379250547246102e+02 0.000000000000000000e+00
2.503714285714285850e-02 9.188285714285714221e+02 1.069723008403935296e+02 0.000000000000000000e+00
2.540000000000000244e-02 9.220000000000000000e+02 1.059222083302797444e+02 0.000000000000000000e+00
