      Position [m]           Temperature [K]            Css [wt.ppm]             Cp [wt.ppm]       
0.000000000000000000e+00 7.000000000000000000e+02 2.344698161586428853e+02 5.282438219345887774e+03
3.628571428571429028e-04 7.027714285714286007e+02 2.358995728973194161e+02 2.589106547643571503e+03
7.257142857142859140e-04 7.055428571428572013e+02 2.375299944592646852e+02 1.807265499004600315e+03
1.088571428571428763e-03 7.083142857142856883e+02 2.391021595331905303e+02 1.244699092023424782e+03
1.451428571428571611e-03 7.110857142857142890e+02 2.402656662804465384e+02 7.669277957007348050e+02
1.814285714285714677e-03 7.138571428571428896e+02 2.406931654202119262e+02 3.258986021507546980e+02
2.177142857142857092e-03 7.166285714285713766e+02 2.402056242683225378e+02 0.000000000000000000e+00
2.540000000000000157e-03 7.193999999999999773e+02 2.396500291291358167e+02 0.000000000000000000e+00
2.902857142857143222e-03 7.221714285714285779e+02 2.390282750958489544e+02 0.000000000000000000e+00
3.265714285714285854e-03 7.249428571428571786e+02 2.383424167251892811e+02 0.000000000000000000e+00
3.628571428571428920e-03 7.277142857142856656e+02 2.375946387339339765e+02 0.000000000000000000e+00
3.991428571428571985e-03 7.304857142857142662e+02 2.367872291180705133e+02 0.000000000000000000e+00
4.354285714285715050e-03 7.332571428571428669e+02 2.359225546383265737e+02 0.000000000000000000e+00
4.717142857142857248e-03 7.360285714285714675e+02 2.350030386105084688e+02 0.000000000000000000e+00
5.080000000000000314e-03 7.387999999999999545e+02 2.340311409299462468e+02 0.000000000000000000e+00
5.442857142857143379e-03 7.415714285714285552e+02 2.330093402479170663e+02 0.000000000000000000e+00
5.805714285714286445e-03 7.443428571428571558e+02 2.319401182056562902e+02 0.000000000000000000e+00
6.168571428571429510e-03 7.471142857142857565e+02 2.308259456197199881e+02 0.000000000000000000e+00
6.531428571428571708e-03 7.498857142857142435e+02 2.296692705019865173e+02 0.000000000000000000e+00
6.894285714285714774e-03 7.526571428571428442e+02 2.284725077892146317e+02 0.000000000000000000e+00
7.257142857142857839e-03 7.554285714285714448e+02 2.272380306511670938e+02 0.000000000000000000e+00
7.620000000000000905e-03 7.582000000000000455e+02 2.259681632430890375e+02 0.000000000000000000e+00
7.982857142857143970e-03 7.609714285714285325e+02 2.246651747677329922e+02 0.000000000000000000e+00
8.345714285714287903e-03 7.637428571428571331e+02 2.233312747139636372e+02 0.000000000000000000e+00
8.708571428571430101e-03 7.665142857142857338e+02 2.219686091429628618e+02 0.000000000000000000e+00
9.071428571428574034e-03 7.692857142857143344e+02 2.205792578988313721e+02 0.000000000000000000e+00
9.434285714285716232e-03 7.720571428571428214e+02 2.191652326275383871e+02 0.000000000000000000e+00
9.797142857142858430e-03 7.748285714285714221e+02 2.177284754963361877e+02 0.000000000000000000e+00
1.016000000000000236e-02 7.776000000000000227e+02 2.162708585145453526e+02 0.000000000000000000e+00
1.052285714285714456e-02 7.803714285714286234e+02 2.147941833657152415e+02 0.000000000000000000e+00
1.088571428571428849e-02 7.831428571428571104e+02 2.133001816702864346e+02 0.000000000000000000e+00
1.124857142857143069e-02 7.859142857142857110e+02 2.117905156067941448e+02 0.000000000000000000e+00
1.161142857142857289e-02 7.886857142857143117e+02 2.102667788281844423e+02 0.000000000000000000e+00
1.197428571428571682e-02 7.914571428571429124e+02 2.087304976178225502e+02 0.000000000000000000e+00
1.233714285714285902e-02 7.942285714285713993e+02 2.071831322371849637e+02 0.000000000000000000e+00
1.270000000000000295e-02 7.970000000000000000e+02 2.056260784239770487e+02 0.000000000000000000e+00
1.306285714285714515e-02 7.997714285714286007e+02 2.040606690055019214e+02 0.000000000000000000e+00
1.342571428571428735e-02 8.025428571428572013e+02 2.024881755975077340e+02 0.000000000000000000e+00
1.378857142857143128e-02 8.053142857142856883e+02 2.009098103635082282e+02 0.000000000000000000e+00
1.415142857142857348e-02 8.080857142857142890e+02 1.993267278137206233e+02 0.000000000000000000e+00
1.451428571428571741e-02 8.108571428571428896e+02 1.977400266263556716e+02 0.000000000000000000e+00
1.487714285714285961e-02 8.136285714285714903e+02 1.961507514770655973e+02 0.000000000000000000e+00
1.524000000000000181e-02 8.163999999999999773e+02 1.945598948649753197e+02 0.000000000000000000e+00
1.560285714285714574e-02 8.191714285714285779e+02 1.929683989259237080e+02 0.000000000000000000e+00
1.596571428571428794e-02 8.219428571428571786e+02 1.913771572254003388e+02 0.000000000000000000e+00
1.632857142857142840e-02 8.247142857142856656e+02 1.897870165251979699e+02 0.000000000000000000e+00
1.669142857142857234e-02 8.274857142857142662e+02 1.881987785190844988e+02 0.000000000000000000e+00
1.705428571428571627e-02 8.302571428571428669e+02 1.866132015338496615e+02 0.000000000000000000e+00
1.741714285714285673e-02 8.330285714285714675e+02 1.850310021929448681e+02 0.000000000000000000e+00
1.778000000000000067e-02 8.357999999999999545e+02 1.834528570406417316e+02 0.000000000000000000e+00
1.814285714285714460e-02 8.385714285714285552e+02 1.818794041252103000e+02 0.000000000000000000e+00
1.850571428571428853e-02 8.413428571428571558e+02 1.803112445400782065e+02 0.000000000000000000e+00
1.886857142857142899e-02 8.441142857142856428e+02 1.787489439223217289e+02 0.000000000000000000e+00
1.923142857142857293e-02 8.468857142857143572e+02 1.771930339081289674e+02 0.000000000000000000e+00
1.959428571428571686e-02 8.496571428571428442e+02 1.756440135451364029e+02 0.000000000000000000e+00
1.995714285714285732e-02 8.524285714285714448e+02 1.741023506617273426e+02 0.000000000000000000e+00
2.032000000000000126e-02 8.552000000000000455e+02 1.725684831935549255e+02 0.000000000000000000e+00
2.068285714285714519e-02 8.579714285714285325e+02 1.710428204676677240e+02 0.000000000000000000e+00
2.104571428571428565e-02 8.607428571428571331e+02 1.695257444447337321e+02 0.000000000000000000e+00
2.140857142857142958e-02 8.635142857142857338e+02 1.680176109199422854e+02 0.000000000000000000e+00
2.177142857142857352e-02 8.662857142857143344e+02 1.665187506832268411e+02 0.000000000000000000e+00
2.213428571428571745e-02 8.690571428571429351e+02 1.650294706395192463e+02 0.000000000000000000e+00
2.249714285714285791e-02 8.718285714285714221e+02 1.635500548897846897e+02 0.000000000000000000e+00
2.286000000000000185e-02 8.746000000000000227e+02 1.620807657736317822e+02 0.000000000000000000e+00
2.322285714285714578e-02 8.773714285714286234e+02 1.606218448743157978e+02 0.000000000000000000e+00
2.358571428571428624e-02 8.801428571428571104e+02 1.591735139869856255e+02 0.000000000000000000e+00
2.394857142857143018e-02 8.829142857142857110e+02 1.577359760510383921e+02 0.000000000000000000e+00
2.431142857142857411e-02 8.856857142857143117e+02 1.563094160474698811e+02 0.000000000000000000e+00
2.467428571428571804e-02 8.884571428571429124e+02 1.548940018621082686e+02 0.000000000000000000e+00
2.503714285714285850e-02 8.912285714285713993e+02 1.534898851156401349e+02 0.000000000000000000e+00
2.540000000000000244e-02 8.940000000000000000e+02 1.520972019613318480e+02 0.000000000000000000e+00
