      Position [m]           Temperature [K]            Css [wt.ppm]             Cp [wt.ppm]       
0.000000000000000000e+00 7.000000000000000000e+02 2.314447965597497046e+02 3.048800886162416646e+03
3.628571428571429028e-04 7.027714285714286007e+02 2.294618864240457015e+02 1.617551862410874492e+03
7.257142857142859140e-04 7.055428571428572013e+02 2.278888623170459482e+02 8.495431823582447350e+02
1.088571428571428763e-03 7.083142857142856883e+02 2.264517276430570121e+02 2.945139415087994053e+02
1.451428571428571611e-03 7.110857142857142890e+02 2.249956321594027884e+02 0.000000000000000000e+00
1.814285714285714677e-03 7.138571428571428896e+02 2.235324641946234578e+02 0.000000000000000000e+00
2.177142857142857092e-03 7.166285714285713766e+02 2.220619506224103361e+02 0.000000000000000000e+00
2.540000000000000157e-03 7.193999999999999773e+02 2.205839655707513316e+02 0.000000000000000000e+00
2.902857142857143222e-03 7.221714285714285779e+02 2.190985140613604472e+02 0.000000000000000000e+00
3.265714285714285854e-03 7.249428571428571786e+02 2.176057148484410106e+02 0.000000000000000000e+00
3.628571428571428920e-03 7.277142857142856656e+02 2.161057848887643047e+02 0.000000000000000000e+00
3.991428571428571985e-03 7.304857142857142662e+02 2.145990253143447433e+02 0.000000000000000000e+00
4.354285714285715050e-03 7.332571428571428669e+02 2.130858087868909934e+02 0.000000000000000000e+00
4.717142857142857248e-03 7.360285714285714675e+02 2.115665681210383013e+02 0.000000000000000000e+00
5.080000000000000314e-03 7.387999999999999545e+02 2.100417860708658679e+02 0.000000000000000000e+00
5.442857142857143379e-03 7.415714285714285552e+02 2.085119861813714124e+02 0.000000000000000000e+00
5.805714285714286445e-03 7.443428571428571558e+02 2.069777246134669042e+02 0.000000000000000000e+00
6.168571428571429510e-03 7.471142857142857565e+02 2.054395828576184044e+02 0.000000000000000000e+00
6.531428571428571708e-03 7.498857142857142435e+02 2.038981612575071836e+02 0.000000000000000000e+00
6.894285714285714774e-03 7.526571428571428442e+02 2.023540732710211216e+02 0.000000000000000000e+00
7.257142857142857839e-03 7.554285714285714448e+02 2.008079404014746103e+02 0.000000000000000000e+00
7.620000000000000905e-03 7.582000000000000455e+02 1.992603877372259262e+02 0.000000000000000000e+00
7.982857142857143970e-03 7.609714285714285325e+02 1.977120400427908180e+02 0.000000000000000000e+00
8.345714285714287903e-03 7.637428571428571331e+02 1.961635183491610803e+02 0.000000000000000000e+00
8.708571428571430101e-03 7.665142857142857338e+02 1.946154369953383707e+02 0.000000000000000000e+00
9.071428571428574034e-03 7.692857142857143344e+02 1.930684010770859800e+02 0.000000000000000000e+00
9.434285714285716232e-03 7.720571428571428214e+02 1.915230042626123179e+02 0.000000000000000000e+00
9.797142857142858430e-03 7.748285714285714221e+02 1.899798269383350373e+02 0.000000000000000000e+00
1.016000000000000236e-02 7.776000000000000227e+02 1.884394346510581499e+02 0.000000000000000000e+00
1.052285714285714456e-02 7.803714285714286234e+02 1.869023768158280063e+02 0.000000000000000000e+00
1.088571428571428849e-02 7.831428571428571104e+02 1.853691856614470055e+02 0.000000000000000000e+00
1.124857142857143069e-02 7.859142857142857110e+02 1.838403753881226237e+02 0.000000000000000000e+00
1.161142857142857289e-02 7.886857142857143117e+02 1.823164415140281847e+02 0.000000000000000000e+00
1.197428571428571682e-02 7.914571428571429124e+02 1.807978603896694381e+02 0.000000000000000000e+00
1.233714285714285902e-02 7.942285714285713993e+02 1.792850888608897719e+02 0.000000000000000000e+00
1.270000000000000295e-02 7.970000000000000000e+02 1.777785640631346382e+02 0.000000000000000000e+00
1.306285714285714515e-02 7.997714285714286007e+02 1.762787033312310143e+02 0.000000000000000000e+00
1.342571428571428735e-02 8.025428571428572013e+02 1.747859042104357741e+02 0.000000000000000000e+00
1.378857142857143128e-02 8.053142857142856883e+02 1.733005445558744952e+02 0.000000000000000000e+00
1.415142857142857348e-02 8.080857142857142890e+02 1.718229827087531589e+02 0.000000000000000000e+00
1.451428571428571741e-02 8.108571428571428896e+02 1.703535577388688012e+02 0.000000000000000000e+00
1.487714285714285961e-02 8.136285714285714903e+02 1.688925897439876280e+02 0.000000000000000000e+00
1.524000000000000181e-02 8.163999999999999773e+02 1.674403801976201578e+02 0.000000000000000000e+00
1.560285714285714574e-02 8.191714285714285779e+02 1.659972123375882518e+02 0.000000000000000000e+00
1.596571428571428794e-02 8.219428571428571786e+02 1.645633515885739939e+02 0.000000000000000000e+00
1.632857142857142840e-02 8.247142857142856656e+02 1.631390460125575430e+02 0.000000000000000000e+00
1.669142857142857234e-02 8.274857142857142662e+02 1.617245267817108356e+02 0.000000000000000000e+00
1.705428571428571627e-02 8.302571428571428669e+02 1.603200086689069792e+02 0.000000000000000000e+00
1.741714285714285673e-02 8.330285714285714675e+02 1.589256905515440792e+02 0.000000000000000000e+00
1.778000000000000067e-02 8.357999999999999545e+02 1.575417559248731152e+02 0.000000000000000000e+00
1.814285714285714460e-02 8.385714285714285552e+02 1.561683734214660433e+02 0.000000000000000000e+00
1.850571428571428853e-02 8.413428571428571558e+02 1.548056973338540843e+02 0.000000000000000000e+00
1.886857142857142899e-02 8.441142857142856428e+02 1.534538681377369187e+02 0.000000000000000000e+00
1.923142857142857293e-02 8.468857142857143572e+02 1.521130130134839931e+02 0.000000000000000000e+00
1.959428571428571686e-02 8.496571428571428442e+02 1.507832463639528555e+02 0.000000000000000000e+00
1.995714285714285732e-02 8.524285714285714448e+02 1.494646703269048373e+02 0.000000000000000000e+00
2.032000000000000126e-02 8.552000000000000455e+02 1.481573752805476261e+02 0.000000000000000000e+00
2.068285714285714519e-02 8.579714285714285325e+02 1.468614403409427780e+02 0.000000000000000000e+00
2.104571428571428565e-02 8.607428571428571331e+02 1.455769338502134360e+02 0.000000000000000000e+00
2.140857142857142958e-02 8.635142857142857338e+02 1.443039138546555193e+02 0.000000000000000000e+00
2.177142857142857352e-02 8.662857142857143344e+02 1.430424285720159787e+02 0.000000000000000000e+00
2.213428571428571745e-02 8.690571428571429351e+02 1.417925168473348663e+02 0.000000000000000000e+00
2.249714285714285791e-02 8.718285714285714221e+02 1.405542085968731669e+02 0.000000000000000000e+00
2.286000000000000185e-02 8.746000000000000227e+02 1.393275252397572217e+02 0.000000000000000000e+00
2.322285714285714578e-02 8.773714285714286234e+02 1.381124801170664398e+02 0.000000000000000000e+00
2.358571428571428624e-02 8.801428571428571104e+02 1.369090788981781941e+02 0.000000000000000000e+00
2.394857142857143018e-02 8.829142857142857110e+02 1.357173199742577197e+02 0.000000000000000000e+00
2.431142857142857411e-02 8.856857142857143117e+02 1.345371948388505530e+02 0.000000000000000000e+00
2.467428571428571804e-02 8.884571428571429124e+02 1.333686884555870051e+02 0.000000000000000000e+00
2.503714285714285850e-02 8.912285714285713993e+02 1.322117796130660565e+02 0.000000000000000000e+00
2.540000000000000244e-02 8.940000000000000000e+02 1.310664412670242029e+02 0.000000000000000000e+00
