      Position [m]           Temperature [K]            Css [wt.ppm]             Cp [wt.ppm]       
0.000000000000000000e+00 5.330000000000000000e+02 2.240711555523378351e+01 3.027830773972012821e+02
3.628571428571429028e-04 5.353857142857142435e+02 2.209288857397532624e+01 2.335726402926345884e+02
7.257142857142859140e-04 5.377714285714286007e+02 2.220225393002596803e+01 1.869464489178084250e+02
1.088571428571428763e-03 5.401571428571428442e+02 2.250806525946299885e+01 1.564479613621159615e+02
1.451428571428571611e-03 5.425428571428570876e+02 2.316383338239090506e+01 1.373561062229163099e+02
1.814285714285714677e-03 5.449285714285714448e+02 2.390464127308854358e+01 1.263189440815662010e+02
2.177142857142857092e-03 5.473142857142856883e+02 2.472995071035468584e+01 1.203825242447551602e+02
2.540000000000000157e-03 5.497000000000000455e+02 2.573726563880838469e+01 1.169655462087809354e+02
2.902857142857143222e-03 5.520857142857142890e+02 2.672845132576617999e+01 1.137692856560436354e+02
3.265714285714285854e-03 5.544714285714285325e+02 2.769944861736301078e+01 1.074135981016286649e+02
3.628571428571428920e-03 5.568571428571428896e+02 2.858202240358799529e+01 9.385238895015764626e+01
3.991428571428571985e-03 5.592428571428571331e+02 2.929077312601120653e+01 6.831730435552323399e+01
4.354285714285715050e-03 5.616285714285713766e+02 2.968617729986090126e+01 2.340712645283398174e+01
4.717142857142857248e-03 5.640142857142857338e+02 2.965703825487568679e+01 0.000000000000000000e+00
5.080000000000000314e-03 5.663999999999999773e+02 2.959642420986839895e+01 0.000000000000000000e+00
5.442857142857143379e-03 5.687857142857143344e+02 2.950616113334010038e+01 0.000000000000000000e+00
5.805714285714286445e-03 5.711714285714285779e+02 2.938809999143741081e+01 0.000000000000000000e+00
6.168571428571429510e-03 5.735571428571428214e+02 2.924409533239580483e+01 0.000000000000000000e+00
6.531428571428571708e-03 5.759428571428571786e+02 2.907598710706933431e+01 0.000000000000000000e+00
6.894285714285714774e-03 5.783285714285714221e+02 2.888558545537993183e+01 0.000000000000000000e+00
7.257142857142857839e-03 5.807142857142856656e+02 2.867465819081428435e+01 0.000000000000000000e+00
7.620000000000000905e-03 5.831000000000000227e+02 2.844492071824667434e+01 0.000000000000000000e+00
7.982857142857143970e-03 5.854857142857142662e+02 2.819802812574729600e+01 0.000000000000000000e+00
8.345714285714287903e-03 5.878714285714286234e+02 2.793556919910065517e+01 0.000000000000000000e+00
8.708571428571430101e-03 5.902571428571428669e+02 2.765906211858666808e+01 0.000000000000000000e+00
9.071428571428574034e-03 5.926428571428571104e+02 2.736995161091499540e+01 0.000000000000000000e+00
9.434285714285716232e-03 5.950285714285714675e+02 2.706960734461691231e+01 0.000000000000000000e+00
9.797142857142858430e-03 5.974142857142857110e+02 2.675932337412044859e+01 0.000000000000000000e+00
1.016000000000000236e-02 5.997999999999999545e+02 2.644031845557543292e+01 0.000000000000000000e+00
1.052285714285714456e-02 6.021857142857143117e+02 2.611373707567856783e+01 0.000000000000000000e+00
1.088571428571428849e-02 6.045714285714285552e+02 2.578065105277267932e+01 0.000000000000000000e+00
1.124857142857143069e-02 6.069571428571429124e+02 2.544206158692394126e+01 0.000000000000000000e+00
1.161142857142857289e-02 6.093428571428571558e+02 2.509890165219707114e+01 0.000000000000000000e+00
1.197428571428571682e-02 6.117285714285713993e+02 2.475203863970295259e+01 0.000000000000000000e+00
1.233714285714285902e-02 6.141142857142857565e+02 2.440227717404091123e+01 0.000000000000000000e+00
1.270000000000000295e-02 6.165000000000000000e+02 2.405036203842001541e+01 0.000000000000000000e+00
1.306285714285714515e-02 6.188857142857142435e+02 2.369698115500061419e+01 0.000000000000000000e+00
1.342571428571428735e-02 6.212714285714286007e+02 2.334276857688760742e+01 0.000000000000000000e+00
1.378857142857143128e-02 6.236571428571428442e+02 2.298830745679122245e+01 0.000000000000000000e+00
1.415142857142857348e-02 6.260428571428572013e+02 2.263413296474316283e+01 0.000000000000000000e+00
1.451428571428571741e-02 6.284285714285714448e+02 2.228073513352473967e+01 0.000000000000000000e+00
1.487714285714285961e-02 6.308142857142856883e+02 2.192856161573348572e+01 0.000000000000000000e+00
1.524000000000000181e-02 6.332000000000000455e+02 2.157802034080992470e+01 0.000000000000000000e+00
1.560285714285714574e-02 6.355857142857142890e+02 2.122948206396728210e+01 0.000000000000000000e+00
1.596571428571428794e-02 6.379714285714285325e+02 2.088328280192498454e+01 0.000000000000000000e+00
1.632857142857142840e-02 6.403571428571428896e+02 2.053972615273488600e+01 0.000000000000000000e+00
1.669142857142857234e-02 6.427428571428571331e+02 2.019908549889301241e+01 0.000000000000000000e+00
1.705428571428571627e-02 6.451285714285713766e+02 1.986160609442867298e+01 0.000000000000000000e+00
1.741714285714285673e-02 6.475142857142857338e+02 1.952750703782432495e+01 0.000000000000000000e+00
1.778000000000000067e-02 6.498999999999999773e+02 1.919698313350025032e+01 0.000000000000000000e+00
1.814285714285714460e-02 6.522857142857143344e+02 1.887020664525027414e+01 0.000000000000000000e+00
1.850571428571428853e-02 6.546714285714285779e+02 1.854732894548173761e+01 0.000000000000000000e+00
1.886857142857142899e-02 6.570571428571428214e+02 1.822848206442782981e+01 0.000000000000000000e+00
1.923142857142857293e-02 6.594428571428571786e+02 1.791378014369734117e+01 0.000000000000000000e+00
1.959428571428571686e-02 6.618285714285714221e+02 1.760332079862667953e+01 0.000000000000000000e+00
1.995714285714285732e-02 6.642142857142856656e+02 1.729718639392580926e+01 0.000000000000000000e+00
2.032000000000000126e-02 6.666000000000000227e+02 1.699544523707919552e+01 0.000000000000000000e+00
2.068285714285714519e-02 6.689857142857142662e+02 1.669815269388677237e+01 0.000000000000000000e+00
2.104571428571428565e-02 6.713714285714286234e+02 1.640535223042268598e+01 0.000000000000000000e+00
2.140857142857142958e-02 6.737571428571428669e+02 1.611707638555840560e+01 0.000000000000000000e+00
2.177142857142857352e-02 6.761428571428571104e+02 1.583334767804696241e+01 0.000000000000000000e+00
2.213428571428571745e-02 6.785285714285714675e+02 1.555417945200786534e+01 0.000000000000000000e+00
2.249714285714285791e-02 6.809142857142857110e+02 1.527957666448378937e+01 0.000000000000000000e+00
2.286000000000000185e-02 6.832999999999999545e+02 1.500953661857217902e+01 0.000000000000000000e+00
2.322285714285714578e-02 6.856857142857143117e+02 1.474404964546489438e+01 0.000000000000000000e+00
2.358571428571428624e-02 6.880714285714285552e+02 1.448309973856015098e+01 0.000000000000000000e+00
2.394857142857143018e-02 6.904571428571427987e+02 1.422666514264614790e+01 0.000000000000000000e+00
2.431142857142857411e-02 6.928428571428571558e+02 1.397471890099454050e+01 0.000000000000000000e+00
2.467428571428571804e-02 6.952285714285713993e+02 1.372722936304579733e+01 0.000000000000000000e+00
2.503714285714285850e-02 6.976142857142856428e+02 1.348416065521760920e+01 0.000000000000000000e+00
2.540000000000000244e-02 7.000000000000000000e+02 1.324547311722376008e+01 0.000000000000000000e+00
