      Position [m]           Temperature [K]            Css [wt.ppm]             Cp [wt.ppm]       
0.000000000000000000e+00 5.330000000000000000e+02 2.770141075632081495e+01 6.718877654394511865e+02
3.628571428571429028e-04 5.361714285714285779e+02 2.695778055397914130e+01 5.381485480904857468e+02
7.257142857142859140e-04 5.393428571428571558e+02 2.655487753849300248e+01 4.282026281136996317e+02
1.088571428571428763e-03 5.425142857142857338e+02 2.610130873702989973e+01 3.291987898596447621e+02
1.451428571428571611e-03 5.456857142857143117e+02 2.596945271361242291e+01 2.313183398038784730e+02
1.814285714285714677e-03 5.488571428571428896e+02 2.562443387642670700e+01 1.313605932143847781e+02
2.177142857142857092e-03 5.520285714285714675e+02 2.514669468215142700e+01 2.517856141634230482e+01
2.540000000000000157e-03 5.552000000000000455e+02 2.451717596393625698e+01 0.000000000000000000e+00
2.902857142857143222e-03 5.583714285714286234e+02 2.390233341803705613e+01 0.000000000000000000e+00
3.265714285714285854e-03 5.615428571428570876e+02 2.330193556177517422e+01 0.000000000000000000e+00
3.628571428571428920e-03 5.647142857142856656e+02 2.271578030833659767e+01 0.000000000000000000e+00
3.991428571428571985e-03 5.678857142857142435e+02 2.214368396679381945e+01 0.000000000000000000e+00
4.354285714285715050e-03 5.710571428571428214e+02 2.158547286262050591e+01 0.000000000000000000e+00
4.717142857142857248e-03 5.742285714285713993e+02 2.104097707295514397e+01 0.000000000000000000e+00
5.080000000000000314e-03 5.773999999999999773e+02 2.051002585900820563e+01 0.000000000000000000e+00
5.442857142857143379e-03 5.805714285714285552e+02 1.999244445081642496e+01 0.000000000000000000e+00
5.805714285714286445e-03 5.837428571428571331e+02 1.948805190073822757e+01 0.000000000000000000e+00
6.168571428571429510e-03 5.869142857142857110e+02 1.899665977334117883e+01 0.000000000000000000e+00
6.531428571428571708e-03 5.900857142857142890e+02 1.851807148213343268e+01 0.000000000000000000e+00
6.894285714285714774e-03 5.932571428571428669e+02 1.805208211921486949e+01 0.000000000000000000e+00
7.257142857142857839e-03 5.964285714285714448e+02 1.759847865348741891e+01 0.000000000000000000e+00
7.620000000000000905e-03 5.996000000000000227e+02 1.715704039751471655e+01 0.000000000000000000e+00
7.982857142857143970e-03 6.027714285714286007e+02 1.672753966328723507e+01 0.000000000000000000e+00
8.345714285714287903e-03 6.059428571428571786e+02 1.630974254372022969e+01 0.000000000000000000e+00
8.708571428571430101e-03 6.091142857142857565e+02 1.590340977028445124e+01 0.000000000000000000e+00
9.071428571428574034e-03 6.122857142857143344e+02 1.550829760824511183e+01 0.000000000000000000e+00
9.434285714285716232e-03 6.154571428571429124e+02 1.512415875998435411e+01 0.000000000000000000e+00
9.797142857142858430e-03 6.186285714285713766e+02 1.475074325416380638e+01 0.000000000000000000e+00
1.016000000000000236e-02 6.217999999999999545e+02 1.438779930434434995e+01 0.000000000000000000e+00
1.052285714285714456e-02 6.249714285714285325e+02 1.403507412537106980e+01 0.000000000000000000e+00
1.088571428571428849e-02 6.281428571428571104e+02 1.369231469955945357e+01 0.000000000000000000e+00
1.124857142857143069e-02 6.313142857142856883e+02 1.335926848765995700e+01 0.000000000000000000e+00
1.161142857142857289e-02 6.344857142857142662e+02 1.303568408187550709e+01 0.000000000000000000e+00
1.197428571428571682e-02 6.376571428571428442e+02 1.272131179998037886e+01 0.000000000000000000e+00
1.233714285714285902e-02 6.408285714285714221e+02 1.241590422093893409e+01 0.000000000000000000e+00
1.270000000000000295e-02 6.440000000000000000e+02 1.211921666343023141e+01 0.000000000000000000e+00
1.306285714285714515e-02 6.471714285714285779e+02 1.183100760941761287e+01 0.000000000000000000e+00
1.342571428571428735e-02 6.503428571428571558e+02 1.155103907541611008e+01 0.000000000000000000e+00
1.378857142857143128e-02 6.535142857142857338e+02 1.127907693445063586e+01 0.000000000000000000e+00
1.415142857142857348e-02 6.566857142857143117e+02 1.101489119190138943e+01 0.000000000000000000e+00
1.451428571428571741e-02 6.598571428571428896e+02 1.075825621853036473e+01 0.000000000000000000e+00
1.487714285714285961e-02 6.630285714285714675e+02 1.050895094399834839e+01 0.000000000000000000e+00
1.524000000000000181e-02 6.662000000000000455e+02 1.026675901413576497e+01 0.000000000000000000e+00
1.560285714285714574e-02 6.693714285714286234e+02 1.003146891513888761e+01 0.000000000000000000e+00
1.596571428571428794e-02 6.725428571428572013e+02 9.802874067737917585e+00 0.000000000000000000e+00
1.632857142857142840e-02 6.757142857142856656e+02 9.580772894236309511e+00 0.000000000000000000e+00
1.669142857142857234e-02 6.788857142857142435e+02 9.364968861157965563e+00 0.000000000000000000e+00
1.705428571428571627e-02 6.820571428571428214e+02 9.155270500069136119e+00 0.000000000000000000e+00
1.741714285714285673e-02 6.852285714285713993e+02 8.951491408967310548e+00 0.000000000000000000e+00
1.778000000000000067e-02 6.883999999999999773e+02 8.753450236456117750e+00 0.000000000000000000e+00
1.814285714285714460e-02 6.915714285714285552e+02 8.560970650754885725e+00 0.000000000000000000e+00
1.850571428571428853e-02 6.947428571428571331e+02 8.373881295426219395e+00 0.000000000000000000e+00
1.886857142857142899e-02 6.979142857142857110e+02 8.192015733546719858e+00 0.000000000000000000e+00
1.923142857142857293e-02 7.010857142857142890e+02 8.015212381895009841e+00 0.000000000000000000e+00
1.959428571428571686e-02 7.042571428571428669e+02 7.843314436589372107e+00 0.000000000000000000e+00
1.995714285714285732e-02 7.074285714285714448e+02 7.676169791473238746e+00 0.000000000000000000e+00
2.032000000000000126e-02 7.106000000000000227e+02 7.513630950422543364e+00 0.000000000000000000e+00
2.068285714285714519e-02 7.137714285714286007e+02 7.355554934632573705e+00 0.000000000000000000e+00
2.104571428571428565e-02 7.169428571428570649e+02 7.201803185834841692e+00 0.000000000000000000e+00
2.140857142857142958e-02 7.201142857142856428e+02 7.052241466295325445e+00 0.000000000000000000e+00
2.177142857142857352e-02 7.232857142857142208e+02 6.906739756354478565e+00 0.000000000000000000e+00
2.213428571428571745e-02 7.264571428571427987e+02 6.765172150185750688e+00 0.000000000000000000e+00
2.249714285714285791e-02 7.296285714285713766e+02 6.627416750372886689e+00 0.000000000000000000e+00
2.286000000000000185e-02 7.327999999999999545e+02 6.493355561836936296e+00 0.000000000000000000e+00
2.322285714285714578e-02 7.359714285714285325e+02 6.362874385580215453e+00 0.000000000000000000e+00
2.358571428571428624e-02 7.391428571428571104e+02 6.235862712656951246e+00 0.000000000000000000e+00
2.394857142857143018e-02 7.423142857142856883e+02 6.112213618728273623e+00 0.000000000000000000e+00
2.431142857142857411e-02 7.454857142857142662e+02 5.991823659512003353e+00 0.000000000000000000e+00
2.467428571428571804e-02 7.486571428571428442e+02 5.874592767395176551e+00 0.000000000000000000e+00
2.503714285714285850e-02 7.518285714285714221e+02 5.760424149438878594e+00 0.000000000000000000e+00
2.540000000000000244e-02 7.550000000000000000e+02 5.649224186970682737e+00 0.000000000000000000e+00
