      Position [m]           Temperature [K]            Css [wt.ppm]             Cp [wt.ppm]       
0.000000000000000000e+00 5.330000000000000000e+02 2.202352731469034453e+01 2.818004859322227276e+02
3.628571428571429028e-04 5.353857142857142435e+02 2.157628965808767774e+01 2.157969126807950886e+02
7.257142857142859140e-04 5.377714285714286007e+02 2.192519840257671504e+01 1.702733791657865936e+02
1.088571428571428763e-03 5.401571428571428442e+02 2.227065162912359497e+01 1.394508066593494107e+02
1.451428571428571611e-03 5.425428571428570876e+02 2.276694045874520356e+01 1.181119884052691020e+02
1.814285714285714677e-03 5.449285714285714448e+02 2.349014654044255934e+01 1.016307744055064717e+02
2.177142857142857092e-03 5.473142857142856883e+02 2.418429492670960457e+01 8.535038595743237977e+01
2.540000000000000157e-03 5.497000000000000455e+02 2.481777330390809766e+01 6.395784520583925570e+01
2.902857142857143222e-03 5.520857142857142890e+02 2.529006256445501322e+01 3.179697962660563348e+01
3.265714285714285854e-03 5.544714285714285325e+02 2.543414545366466228e+01 0.000000000000000000e+00
3.628571428571428920e-03 5.568571428571428896e+02 2.554040765513241595e+01 0.000000000000000000e+00
3.991428571428571985e-03 5.592428571428571331e+02 2.561075757074495485e+01 0.000000000000000000e+00
4.354285714285715050e-03 5.616285714285713766e+02 2.564717993186536305e+01 0.000000000000000000e+00
4.717142857142857248e-03 5.640142857142857338e+02 2.565170715741064100e+01 0.000000000000000000e+00
5.080000000000000314e-03 5.663999999999999773e+02 2.562639165261684582e+01 0.000000000000000000e+00
5.442857142857143379e-03 5.687857142857143344e+02 2.557328000809874524e+01 0.000000000000000000e+00
5.805714285714286445e-03 5.711714285714285779e+02 2.549439001558807405e+01 0.000000000000000000e+00
6.168571428571429510e-03 5.735571428571428214e+02 2.539169112772072268e+01 0.000000000000000000e+00
6.531428571428571708e-03 5.759428571428571786e+02 2.526708866996494862e+01 0.000000000000000000e+00
6.894285714285714774e-03 5.783285714285714221e+02 2.512241181888592223e+01 0.000000000000000000e+00
7.257142857142857839e-03 5.807142857142856656e+02 2.495940512583101167e+01 0.000000000000000000e+00
7.620000000000000905e-03 5.831000000000000227e+02 2.477972320235905812e+01 0.000000000000000000e+00
7.982857142857143970e-03 5.854857142857142662e+02 2.458492809207109886e+01 0.000000000000000000e+00
8.345714285714287903e-03 5.878714285714286234e+02 2.437648882251833626e+01 0.000000000000000000e+00
8.708571428571430101e-03 5.902571428571428669e+02 2.415578264589467139e+01 0.000000000000000000e+00
9.071428571428574034e-03 5.926428571428571104e+02 2.392409752295705161e+01 0.000000000000000000e+00
9.434285714285716232e-03 5.950285714285714675e+02 2.368263546743013492e+01 0.000000000000000000e+00
9.797142857142858430e-03 5.974142857142857110e+02 2.343251643721021793e+01 0.000000000000000000e+00
1.016000000000000236e-02 5.997999999999999545e+02 2.317478252625218715e+01 0.000000000000000000e+00
1.052285714285714456e-02 6.021857142857143117e+02 2.291040227222101677e+01 0.000000000000000000e+00
1.088571428571428849e-02 6.045714285714285552e+02 2.264027494726655121e+01 0.000000000000000000e+00
1.124857142857143069e-02 6.069571428571429124e+02 2.236523474181213444e+01 0.000000000000000000e+00
1.161142857142857289e-02 6.093428571428571558e+02 2.208605478438102665e+01 0.000000000000000000e+00
1.197428571428571682e-02 6.117285714285713993e+02 2.180345096522182047e+01 0.000000000000000000e+00
1.233714285714285902e-02 6.141142857142857565e+02 2.151808554918635252e+01 0.000000000000000000e+00
1.270000000000000295e-02 6.165000000000000000e+02 2.123057057534952818e+01 0.000000000000000000e+00
1.306285714285714515e-02 6.188857142857142435e+02 2.094147104856824271e+01 0.000000000000000000e+00
1.342571428571428735e-02 6.212714285714286007e+02 2.065130793269463894e+01 0.000000000000000000e+00
1.378857142857143128e-02 6.236571428571428442e+02 2.036056095743107619e+01 0.000000000000000000e+00
1.415142857142857348e-02 6.260428571428572013e+02 2.006967125158044496e+01 0.000000000000000000e+00
1.451428571428571741e-02 6.284285714285714448e+02 1.977904381526457200e+01 0.000000000000000000e+00
1.487714285714285961e-02 6.308142857142856883e+02 1.948904984295187504e+01 0.000000000000000000e+00
1.524000000000000181e-02 6.332000000000000455e+02 1.920002890813946195e+01 0.000000000000000000e+00
1.560285714285714574e-02 6.355857142857142890e+02 1.891229101944944802e+01 0.000000000000000000e+00
1.596571428571428794e-02 6.379714285714285325e+02 1.862611855684263773e+01 0.000000000000000000e+00
1.632857142857142840e-02 6.403571428571428896e+02 1.834176809568494448e+01 0.000000000000000000e+00
1.669142857142857234e-02 6.427428571428571331e+02 1.805947212555108194e+01 0.000000000000000000e+00
1.705428571428571627e-02 6.451285714285713766e+02 1.777944066992728267e+01 0.000000000000000000e+00
1.741714285714285673e-02 6.475142857142857338e+02 1.750186281236828378e+01 0.000000000000000000e+00
1.778000000000000067e-02 6.498999999999999773e+02 1.722690813416677003e+01 0.000000000000000000e+00
1.814285714285714460e-02 6.522857142857143344e+02 1.695472806818510492e+01 0.000000000000000000e+00
1.850571428571428853e-02 6.546714285714285779e+02 1.668545717316698429e+01 0.000000000000000000e+00
1.886857142857142899e-02 6.570571428571428214e+02 1.641921433257276064e+01 0.000000000000000000e+00
1.923142857142857293e-02 6.594428571428571786e+02 1.615610388175553780e+01 0.000000000000000000e+00
1.959428571428571686e-02 6.618285714285714221e+02 1.589621666710202597e+01 0.000000000000000000e+00
1.995714285714285732e-02 6.642142857142856656e+02 1.563963104059632947e+01 0.000000000000000000e+00
2.032000000000000126e-02 6.666000000000000227e+02 1.538641379311657253e+01 0.000000000000000000e+00
2.068285714285714519e-02 6.689857142857142662e+02 1.513662102963969325e+01 0.000000000000000000e+00
2.104571428571428565e-02 6.713714285714286234e+02 1.489029898940385799e+01 0.000000000000000000e+00
2.140857142857142958e-02 6.737571428571428669e+02 1.464748481395889002e+01 0.000000000000000000e+00
2.177142857142857352e-02 6.761428571428571104e+02 1.440820726591903878e+01 0.000000000000000000e+00
2.213428571428571745e-02 6.785285714285714675e+02 1.417248740112079552e+01 0.000000000000000000e+00
2.249714285714285791e-02 6.809142857142857110e+02 1.394033919677729472e+01 0.000000000000000000e+00
2.286000000000000185e-02 6.832999999999999545e+02 1.371177013811227496e+01 0.000000000000000000e+00
2.322285714285714578e-02 6.856857142857143117e+02 1.348678176584956212e+01 0.000000000000000000e+00
2.358571428571428624e-02 6.880714285714285552e+02 1.326537018682793878e+01 0.000000000000000000e+00
2.394857142857143018e-02 6.904571428571427987e+02 1.304752654990706340e+01 0.000000000000000000e+00
2.431142857142857411e-02 6.928428571428571558e+02 1.283323748922885166e+01 0.000000000000000000e+00
2.467428571428571804e-02 6.952285714285713993e+02 1.262248553679747864e+01 0.000000000000000000e+00
2.503714285714285850e-02 6.976142857142856428e+02 1.241524950624467394e+01 0.000000000000000000e+00
2.540000000000000244e-02 7.000000000000000000e+02 1.221150484955106386e+01 0.000000000000000000e+00
