      Position [m]           Temperature [K]            Css [wt.ppm]             Cp [wt.ppm]       
0.000000000000000000e+00 5.890000000000000000e+02 6.778296579183249548e+01 1.795917281579797873e+03
3.628571428571429028e-04 5.921714285714285779e+02 6.727644003663039030e+01 1.436061873817700189e+03
7.257142857142859140e-04 5.953428571428571558e+02 6.760540931733274306e+01 1.209931405156919709e+03
1.088571428571428763e-03 5.985142857142857338e+02 6.852514245371204993e+01 1.054102142681775149e+03
1.451428571428571611e-03 6.016857142857143117e+02 6.985039970503676443e+01 9.352876600500696895e+02
1.814285714285714677e-03 6.048571428571428896e+02 7.136387413362108134e+01 8.307301671125970870e+02
2.177142857142857092e-03 6.080285714285714675e+02 7.285253626734937882e+01 7.216359607416220570e+02
2.540000000000000157e-03 6.112000000000000455e+02 7.412732072033973907e+01 5.951086230460672368e+02
2.902857142857143222e-03 6.143714285714286234e+02 7.498346913965833949e+01 4.404024731084920177e+02
3.265714285714285854e-03 6.175428571428570876e+02 7.527638436042164471e+01 2.549120337654620414e+02
3.628571428571428920e-03 6.207142857142856656e+02 7.494332918875298333e+01 4.348324871538707725e+01
3.991428571428571985e-03 6.238857142857142435e+02 7.400996605122564631e+01 0.000000000000000000e+00
4.354285714285715050e-03 6.270571428571428214e+02 7.307119310582496041e+01 0.000000000000000000e+00
4.717142857142857248e-03 6.302285714285713993e+02 7.212856865897991554e+01 0.000000000000000000e+00
5.080000000000000314e-03 6.333999999999999773e+02 7.118356963262561976e+01 0.000000000000000000e+00
5.442857142857143379e-03 6.365714285714285552e+02 7.023758848019363654e+01 0.000000000000000000e+00
5.805714285714286445e-03 6.397428571428571331e+02 6.929193162387177551e+01 0.000000000000000000e+00
6.168571428571429510e-03 6.429142857142857110e+02 6.834781913922176955e+01 0.000000000000000000e+00
6.531428571428571708e-03 6.460857142857142890e+02 6.740638545157973738e+01 0.000000000000000000e+00
6.894285714285714774e-03 6.492571428571428669e+02 6.646868084249034325e+01 0.000000000000000000e+00
7.257142857142857839e-03 6.524285714285714448e+02 6.553567359417463933e+01 0.000000000000000000e+00
7.620000000000000905e-03 6.556000000000000227e+02 6.460825262608861408e+01 0.000000000000000000e+00
7.982857142857143970e-03 6.587714285714286007e+02 6.368723050036425803e+01 0.000000000000000000e+00
8.345714285714287903e-03 6.619428571428571786e+02 6.277334669270414480e+01 0.000000000000000000e+00
8.708571428571430101e-03 6.651142857142857565e+02 6.186727104243134789e+01 0.000000000000000000e+00
9.071428571428574034e-03 6.682857142857143344e+02 6.096960731019336066e+01 0.000000000000000000e+00
9.434285714285716232e-03 6.714571428571429124e+02 6.008089678454309279e+01 0.000000000000000000e+00
9.797142857142858430e-03 6.746285714285713766e+02 5.920162188953282367e+01 0.000000000000000000e+00
1.016000000000000236e-02 6.777999999999999545e+02 5.833220975476753978e+01 0.000000000000000000e+00
1.052285714285714456e-02 6.809714285714285325e+02 5.747303571729369054e+01 0.000000000000000000e+00
1.088571428571428849e-02 6.841428571428571104e+02 5.662442673140348859e+01 0.000000000000000000e+00
1.124857142857143069e-02 6.873142857142856883e+02 5.578666466809548297e+01 0.000000000000000000e+00
1.161142857142857289e-02 6.904857142857142662e+02 5.495998949067876538e+01 0.000000000000000000e+00
1.197428571428571682e-02 6.936571428571428442e+02 5.414460229696650373e+01 0.000000000000000000e+00
1.233714285714285902e-02 6.968285714285714221e+02 5.334066822179057255e+01 0.000000000000000000e+00
1.270000000000000295e-02 7.000000000000000000e+02 5.254831919627270054e+01 0.000000000000000000e+00
1.306285714285714515e-02 7.031714285714285779e+02 5.176765656249932590e+01 0.000000000000000000e+00
1.342571428571428735e-02 7.063428571428571558e+02 5.099875354403043559e+01 0.000000000000000000e+00
1.378857142857143128e-02 7.095142857142857338e+02 5.024165757410803224e+01 0.000000000000000000e+00
1.415142857142857348e-02 7.126857142857143117e+02 4.949639248455200402e+01 0.000000000000000000e+00
1.451428571428571741e-02 7.158571428571428896e+02 4.876296055920606420e+01 0.000000000000000000e+00
1.487714285714285961e-02 7.190285714285714675e+02 4.804134445645323837e+01 0.000000000000000000e+00
1.524000000000000181e-02 7.222000000000000455e+02 4.733150900580055520e+01 0.000000000000000000e+00
1.560285714285714574e-02 7.253714285714286234e+02 4.663340288386446275e+01 0.000000000000000000e+00
1.596571428571428794e-02 7.285428571428572013e+02 4.594696017529743415e+01 0.000000000000000000e+00
1.632857142857142840e-02 7.317142857142856656e+02 4.527210182430741270e+01 0.000000000000000000e+00
1.669142857142857234e-02 7.348857142857142435e+02 4.460873698244833463e+01 0.000000000000000000e+00
1.705428571428571627e-02 7.380571428571428214e+02 4.395676425832468226e+01 0.000000000000000000e+00
1.741714285714285673e-02 7.412285714285713993e+02 4.331607287476296619e+01 0.000000000000000000e+00
1.778000000000000067e-02 7.443999999999999773e+02 4.268654373887547848e+01 0.000000000000000000e+00
1.814285714285714460e-02 7.475714285714285552e+02 4.206805043027985391e+01 0.000000000000000000e+00
1.850571428571428853e-02 7.507428571428571331e+02 4.146046011255597108e+01 0.000000000000000000e+00
1.886857142857142899e-02 7.539142857142857110e+02 4.086363437282075495e+01 0.000000000000000000e+00
1.923142857142857293e-02 7.570857142857142890e+02 4.027742999409146307e+01 0.000000000000000000e+00
1.959428571428571686e-02 7.602571428571428669e+02 3.970169966488965940e+01 0.000000000000000000e+00
1.995714285714285732e-02 7.634285714285714448e+02 3.913629263031780425e+01 0.000000000000000000e+00
2.032000000000000126e-02 7.666000000000000227e+02 3.858105528861952394e+01 0.000000000000000000e+00
2.068285714285714519e-02 7.697714285714286007e+02 3.803583173701630926e+01 0.000000000000000000e+00
2.104571428571428565e-02 7.729428571428570649e+02 3.750046427039857377e+01 0.000000000000000000e+00
2.140857142857142958e-02 7.761142857142856428e+02 3.697479383624038007e+01 0.000000000000000000e+00
2.177142857142857352e-02 7.792857142857142208e+02 3.645866044890538404e+01 0.000000000000000000e+00
2.213428571428571745e-02 7.824571428571427987e+02 3.595190356631459139e+01 0.000000000000000000e+00
2.249714285714285791e-02 7.856285714285713766e+02 3.545436243176295221e+01 0.000000000000000000e+00
2.286000000000000185e-02 7.887999999999999545e+02 3.496587638348988492e+01 0.000000000000000000e+00
2.322285714285714578e-02 7.919714285714285325e+02 3.448628513444014487e+01 0.000000000000000000e+00
2.358571428571428624e-02 7.951428571428571104e+02 3.401542902449067185e+01 0.000000000000000000e+00
2.394857142857143018e-02 7.983142857142856883e+02 3.355314924726355486e+01 0.000000000000000000e+00
2.431142857142857411e-02 8.014857142857142662e+02 3.309928805350344305e+01 0.000000000000000000e+00
2.467428571428571804e-02 8.046571428571428442e+02 3.265368893285921104e+01 0.000000000000000000e+00
2.503714285714285850e-02 8.078285714285714221e+02 3.221619677578263463e+01 0.000000000000000000e+00
2.540000000000000244e-02 8.110000000000000000e+02 3.178665801713474792e+01 0.000000000000000000e+00
