      Position [m]           Temperature [K]            Css [wt.ppm]             Cp [wt.ppm]       
0.000000000000000000e+00 5.330000000000000000e+02 2.747623363401087104e+01 6.870894178211068493e+02
3.628571428571429028e-04 5.353857142857142435e+02 2.740882778531092612e+01 5.892768256484255289e+02
7.257142857142859140e-04 5.377714285714286007e+02 2.721824800500068520e+01 5.174011431490321229e+02
1.088571428571428763e-03 5.401571428571428442e+02 2.711123212799773796e+01 4.638766754774190417e+02
1.451428571428571611e-03 5.425428571428570876e+02 2.768121875897848483e+01 4.223829274990470140e+02
1.814285714285714677e-03 5.449285714285714448e+02 2.809093824578140897e+01 3.889229005352643185e+02
2.177142857142857092e-03 5.473142857142856883e+02 2.864342408657877570e+01 3.588138424869866867e+02
2.540000000000000157e-03 5.497000000000000455e+02 2.917099896791504676e+01 3.273273920773061150e+02
2.902857142857143222e-03 5.520857142857142890e+02 2.963716167240290389e+01 2.903081070701755948e+02
3.265714285714285854e-03 5.544714285714285325e+02 3.001463998664272381e+01 2.462183503797582773e+02
3.628571428571428920e-03 5.568571428571428896e+02 3.021856899056295021e+01 1.903166664660084564e+02
3.991428571428571985e-03 5.592428571428571331e+02 3.019520569775067997e+01 1.203840900939876946e+02
4.354285714285715050e-03 5.616285714285713766e+02 2.991194803163739735e+01 3.597140418825934916e+01
4.717142857142857248e-03 5.640142857142857338e+02 2.936774302444197815e+01 0.000000000000000000e+00
5.080000000000000314e-03 5.663999999999999773e+02 2.883006960871034607e+01 0.000000000000000000e+00
5.442857142857143379e-03 5.687857142857143344e+02 2.829913564893986333e+01 0.000000000000000000e+00
5.805714285714286445e-03 5.711714285714285779e+02 2.777513607172820898e+01 0.000000000000000000e+00
6.168571428571429510e-03 5.735571428571428214e+02 2.725825100292150793e+01 0.000000000000000000e+00
6.531428571428571708e-03 5.759428571428571786e+02 2.674864443959377880e+01 0.000000000000000000e+00
6.894285714285714774e-03 5.783285714285714221e+02 2.624646337577856769e+01 0.000000000000000000e+00
7.257142857142857839e-03 5.807142857142856656e+02 2.575183730986947594e+01 0.000000000000000000e+00
7.620000000000000905e-03 5.831000000000000227e+02 2.526487806993990759e+01 0.000000000000000000e+00
7.982857142857143970e-03 5.854857142857142662e+02 2.478567990090233764e+01 0.000000000000000000e+00
8.345714285714287903e-03 5.878714285714286234e+02 2.431431976444696375e+01 0.000000000000000000e+00
8.708571428571430101e-03 5.902571428571428669e+02 2.385085780908654840e+01 0.000000000000000000e+00
9.071428571428574034e-03 5.926428571428571104e+02 2.339533797340891397e+01 0.000000000000000000e+00
9.434285714285716232e-03 5.950285714285714675e+02 2.294778869083276973e+01 0.000000000000000000e+00
9.797142857142858430e-03 5.974142857142857110e+02 2.250822366880786163e+01 0.000000000000000000e+00
1.016000000000000236e-02 5.997999999999999545e+02 2.207664271953025903e+01 0.000000000000000000e+00
1.052285714285714456e-02 6.021857142857143117e+02 2.165303262289990727e+01 0.000000000000000000e+00
1.088571428571428849e-02 6.045714285714285552e+02 2.123736800566110006e+01 0.000000000000000000e+00
1.124857142857143069e-02 6.069571428571429124e+02 2.082961222348184549e+01 0.000000000000000000e+00
1.161142857142857289e-02 6.093428571428571558e+02 2.042971823517761365e+01 0.000000000000000000e+00
1.197428571428571682e-02 6.117285714285713993e+02 2.003762946040312443e+01 0.000000000000000000e+00
1.233714285714285902e-02 6.141142857142857565e+02 1.965328061396390069e+01 0.000000000000000000e+00
1.270000000000000295e-02 6.165000000000000000e+02 1.927659851145952530e+01 0.000000000000000000e+00
1.306285714285714515e-02 6.188857142857142435e+02 1.890750284229881828e+01 0.000000000000000000e+00
1.342571428571428735e-02 6.212714285714286007e+02 1.854590690724985436e+01 0.000000000000000000e+00
1.378857142857143128e-02 6.236571428571428442e+02 1.819171831862889377e+01 0.000000000000000000e+00
1.415142857142857348e-02 6.260428571428572013e+02 1.784483966201454308e+01 0.000000000000000000e+00
1.451428571428571741e-02 6.284285714285714448e+02 1.750516911902054318e+01 0.000000000000000000e+00
1.487714285714285961e-02 6.308142857142856883e+02 1.717260105118556268e+01 0.000000000000000000e+00
1.524000000000000181e-02 6.332000000000000455e+02 1.684702654546475031e+01 0.000000000000000000e+00
1.560285714285714574e-02 6.355857142857142890e+02 1.652833392214303032e+01 0.000000000000000000e+00
1.596571428571428794e-02 6.379714285714285325e+02 1.621640920625315729e+01 0.000000000000000000e+00
1.632857142857142840e-02 6.403571428571428896e+02 1.591113656378074026e+01 0.000000000000000000e+00
1.669142857142857234e-02 6.427428571428571331e+02 1.561239870408400421e+01 0.000000000000000000e+00
1.705428571428571627e-02 6.451285714285713766e+02 1.532007725005737875e+01 0.000000000000000000e+00
1.741714285714285673e-02 6.475142857142857338e+02 1.503405307763313736e+01 0.000000000000000000e+00
1.778000000000000067e-02 6.498999999999999773e+02 1.475420662624848589e+01 0.000000000000000000e+00
1.814285714285714460e-02 6.522857142857143344e+02 1.448041818191537899e+01 0.000000000000000000e+00
1.850571428571428853e-02 6.546714285714285779e+02 1.421256813451955026e+01 0.000000000000000000e+00
1.886857142857142899e-02 6.570571428571428214e+02 1.395053721094801524e+01 0.000000000000000000e+00
1.923142857142857293e-02 6.594428571428571786e+02 1.369420668560586840e+01 0.000000000000000000e+00
1.959428571428571686e-02 6.618285714285714221e+02 1.344345856983379228e+01 0.000000000000000000e+00
1.995714285714285732e-02 6.642142857142856656e+02 1.319817578168231975e+01 0.000000000000000000e+00
2.032000000000000126e-02 6.666000000000000227e+02 1.295824229743771561e+01 0.000000000000000000e+00
2.068285714285714519e-02 6.689857142857142662e+02 1.272354328623023001e+01 0.000000000000000000e+00
2.104571428571428565e-02 6.713714285714286234e+02 1.249396522898900308e+01 0.000000000000000000e+00
2.140857142857142958e-02 6.737571428571428669e+02 1.226939602294115872e+01 0.000000000000000000e+00
2.177142857142857352e-02 6.761428571428571104e+02 1.204972507278518989e+01 0.000000000000000000e+00
2.213428571428571745e-02 6.785285714285714675e+02 1.183484336960277794e+01 0.000000000000000000e+00
2.249714285714285791e-02 6.809142857142857110e+02 1.162464355850827680e+01 0.000000000000000000e+00
2.286000000000000185e-02 6.832999999999999545e+02 1.141901999597199691e+01 0.000000000000000000e+00
2.322285714285714578e-02 6.856857142857143117e+02 1.121786879769260992e+01 0.000000000000000000e+00
2.358571428571428624e-02 6.880714285714285552e+02 1.102108787783562249e+01 0.000000000000000000e+00
2.394857142857143018e-02 6.904571428571427987e+02 1.082857698039851257e+01 0.000000000000000000e+00
2.431142857142857411e-02 6.928428571428571558e+02 1.064023770341044894e+01 0.000000000000000000e+00
2.467428571428571804e-02 6.952285714285713993e+02 1.045597351662363650e+01 0.000000000000000000e+00
2.503714285714285850e-02 6.976142857142856428e+02 1.027568977330525080e+01 0.000000000000000000e+00
2.540000000000000244e-02 7.000000000000000000e+02 1.009929371669438147e+01 0.000000000000000000e+00
