      Position [m]           Temperature [K]            Css [wt.ppm]             Cp [wt.ppm]       
0.000000000000000000e+00 5.330000000000000000e+02 2.732788500943173915e+01 6.444322765081410580e+02
3.628571428571429028e-04 5.353857142857142435e+02 2.685507569583022658e+01 5.601071823308251396e+02
7.257142857142859140e-04 5.377714285714286007e+02 2.698897917138467761e+01 4.977646927006279043e+02
1.088571428571428763e-03 5.401571428571428442e+02 2.720956703871993554e+01 4.522840914814634061e+02
1.451428571428571611e-03 5.425428571428570876e+02 2.762944946244845568e+01 4.195389069773848973e+02
1.814285714285714677e-03 5.449285714285714448e+02 2.821569508799793979e+01 3.955199274987515992e+02
2.177142857142857092e-03 5.473142857142856883e+02 2.881698711138888314e+01 3.773126739619075920e+02
2.540000000000000157e-03 5.497000000000000455e+02 2.970082945148477549e+01 3.619541867166662428e+02
2.902857142857143222e-03 5.520857142857142890e+02 3.043536310209542961e+01 3.468415225018554224e+02
3.265714285714285854e-03 5.544714285714285325e+02 3.131110305968663354e+01 3.281926655527281582e+02
3.628571428571428920e-03 5.568571428571428896e+02 3.203740087449313734e+01 3.029902930612598766e+02
3.991428571428571985e-03 5.592428571428571331e+02 3.267372718951443744e+01 2.701087713096972607e+02
4.354285714285715050e-03 5.616285714285713766e+02 3.315116914861070541e+01 2.255857109893587449e+02
4.717142857142857248e-03 5.640142857142857338e+02 3.342561283236890546e+01 1.674981771687652099e+02
5.080000000000000314e-03 5.663999999999999773e+02 3.346570444536546063e+01 9.513387226004751085e+01
5.442857142857143379e-03 5.687857142857143344e+02 3.325895194348684214e+01 9.256050124171233406e+00
5.805714285714286445e-03 5.711714285714285779e+02 3.281388964310878720e+01 0.000000000000000000e+00
6.168571428571429510e-03 5.735571428571428214e+02 3.237016897658788395e+01 0.000000000000000000e+00
6.531428571428571708e-03 5.759428571428571786e+02 3.192818441397004392e+01 0.000000000000000000e+00
6.894285714285714774e-03 5.783285714285714221e+02 3.148830695653384382e+01 0.000000000000000000e+00
7.257142857142857839e-03 5.807142857142856656e+02 3.105088387601061939e+01 0.000000000000000000e+00
7.620000000000000905e-03 5.831000000000000227e+02 3.061623872047923456e+01 0.000000000000000000e+00
7.982857142857143970e-03 5.854857142857142662e+02 3.018467154148005704e+01 0.000000000000000000e+00
8.345714285714287903e-03 5.878714285714286234e+02 2.975645930250667348e+01 0.000000000000000000e+00
8.708571428571430101e-03 5.902571428571428669e+02 2.933185643410739729e+01 0.000000000000000000e+00
9.071428571428574034e-03 5.926428571428571104e+02 2.891109550539245632e+01 0.000000000000000000e+00
9.434285714285716232e-03 5.950285714285714675e+02 2.849438798583602406e+01 0.000000000000000000e+00
9.797142857142858430e-03 5.974142857142857110e+02 2.808192507491241585e+01 0.000000000000000000e+00
1.016000000000000236e-02 5.997999999999999545e+02 2.767387858035356984e+01 0.000000000000000000e+00
1.052285714285714456e-02 6.021857142857143117e+02 2.727040182869080454e+01 0.000000000000000000e+00
1.088571428571428849e-02 6.045714285714285552e+02 2.687163059428131362e+01 0.000000000000000000e+00
1.124857142857143069e-02 6.069571428571429124e+02 2.647768403524981196e+01 0.000000000000000000e+00
1.161142857142857289e-02 6.093428571428571558e+02 2.608866562673147627e+01 0.000000000000000000e+00
1.197428571428571682e-02 6.117285714285713993e+02 2.570466408350408116e+01 0.000000000000000000e+00
1.233714285714285902e-02 6.141142857142857565e+02 2.532575426558137366e+01 0.000000000000000000e+00
1.270000000000000295e-02 6.165000000000000000e+02 2.495199806161857481e+01 0.000000000000000000e+00
1.306285714285714515e-02 6.188857142857142435e+02 2.458344524608795112e+01 0.000000000000000000e+00
1.342571428571428735e-02 6.212714285714286007e+02 2.422013430712884841e+01 0.000000000000000000e+00
1.378857142857143128e-02 6.236571428571428442e+02 2.386209324278571486e+01 0.000000000000000000e+00
1.415142857142857348e-02 6.260428571428572013e+02 2.350934032403412033e+01 0.000000000000000000e+00
1.451428571428571741e-02 6.284285714285714448e+02 2.316188482357516065e+01 0.000000000000000000e+00
1.487714285714285961e-02 6.308142857142856883e+02 2.281972770986335775e+01 0.000000000000000000e+00
1.524000000000000181e-02 6.332000000000000455e+02 2.248286230623859794e+01 0.000000000000000000e+00
1.560285714285714574e-02 6.355857142857142890e+02 2.215127491536516757e+01 0.000000000000000000e+00
1.596571428571428794e-02 6.379714285714285325e+02 2.182494540945295824e+01 0.000000000000000000e+00
1.632857142857142840e-02 6.403571428571428896e+02 2.150384778695526222e+01 0.000000000000000000e+00
1.669142857142857234e-02 6.427428571428571331e+02 2.118795069661030794e+01 0.000000000000000000e+00
1.705428571428571627e-02 6.451285714285713766e+02 2.087721792982871349e+01 0.000000000000000000e+00
1.741714285714285673e-02 6.475142857142857338e+02 2.057160888252998987e+01 0.000000000000000000e+00
1.778000000000000067e-02 6.498999999999999773e+02 2.027107898760494464e+01 0.000000000000000000e+00
1.814285714285714460e-02 6.522857142857143344e+02 1.997558011922916421e+01 0.000000000000000000e+00
1.850571428571428853e-02 6.546714285714285779e+02 1.968506097028418012e+01 0.000000000000000000e+00
1.886857142857142899e-02 6.570571428571428214e+02 1.939946740415370741e+01 0.000000000000000000e+00
1.923142857142857293e-02 6.594428571428571786e+02 1.911874278216418688e+01 0.000000000000000000e+00
1.959428571428571686e-02 6.618285714285714221e+02 1.884282826792522414e+01 0.000000000000000000e+00
1.995714285714285732e-02 6.642142857142856656e+02 1.857166310980545276e+01 0.000000000000000000e+00
2.032000000000000126e-02 6.666000000000000227e+02 1.830518490275166599e+01 0.000000000000000000e+00
2.068285714285714519e-02 6.689857142857142662e+02 1.804332983062496965e+01 0.000000000000000000e+00
2.104571428571428565e-02 6.713714285714286234e+02 1.778603289018997202e+01 0.000000000000000000e+00
2.140857142857142958e-02 6.737571428571428669e+02 1.753322809785207781e+01 0.000000000000000000e+00
2.177142857142857352e-02 6.761428571428571104e+02 1.728484868019452492e+01 0.000000000000000000e+00
2.213428571428571745e-02 6.785285714285714675e+02 1.704082724932198900e+01 0.000000000000000000e+00
2.249714285714285791e-02 6.809142857142857110e+02 1.680109596397265648e+01 0.000000000000000000e+00
2.286000000000000185e-02 6.832999999999999545e+02 1.656558667731385981e+01 0.000000000000000000e+00
2.322285714285714578e-02 6.856857142857143117e+02 1.633423107229221216e+01 0.000000000000000000e+00
2.358571428571428624e-02 6.880714285714285552e+02 1.610696078536336273e+01 0.000000000000000000e+00
2.394857142857143018e-02 6.904571428571427987e+02 1.588370751938282943e+01 0.000000000000000000e+00
2.431142857142857411e-02 6.928428571428571558e+02 1.566440314639651277e+01 0.000000000000000000e+00
2.467428571428571804e-02 6.952285714285713993e+02 1.544897980102788893e+01 0.000000000000000000e+00
2.503714285714285850e-02 6.976142857142856428e+02 1.523736996511864916e+01 0.000000000000000000e+00
2.540000000000000244e-02 7.000000000000000000e+02 1.502950654424098964e+01 0.000000000000000000e+00
