      Position [m]           Temperature [K]            Css [wt.ppm]             Cp [wt.ppm]       
0.000000000000000000e+00 5.890000000000000000e+02 6.482964954672162605e+01 1.427039369189886429e+03
3.628571428571429028e-04 5.913714285714286234e+02 6.342289078429151772e+01 1.114976428292522087e+03
7.257142857142859140e-04 5.937428571428571331e+02 6.260554135976823176e+01 8.711361564512460518e+02
1.088571428571428763e-03 5.961142857142857565e+02 6.187261734051936912e+01 6.641403704115815572e+02
1.451428571428571611e-03 5.984857142857142662e+02 6.118780437126288518e+01 4.754442050298989670e+02
1.814285714285714677e-03 6.008571428571428896e+02 6.042878404860258001e+01 2.960572464500669980e+02
2.177142857142857092e-03 6.032285714285713993e+02 5.952553908486152778e+01 1.195894767481629373e+02
2.540000000000000157e-03 6.056000000000000227e+02 5.844556682134685133e+01 0.000000000000000000e+00
2.902857142857143222e-03 6.079714285714285325e+02 5.738589538383129707e+01 0.000000000000000000e+00
3.265714285714285854e-03 6.103428571428571558e+02 5.634588091537953147e+01 0.000000000000000000e+00
3.628571428571428920e-03 6.127142857142856656e+02 5.532495350026500347e+01 0.000000000000000000e+00
3.991428571428571985e-03 6.150857142857142890e+02 5.432260656800573884e+01 0.000000000000000000e+00
4.354285714285715050e-03 6.174571428571429124e+02 5.333838760361308573e+01 0.000000000000000000e+00
4.717142857142857248e-03 6.198285714285714221e+02 5.237189002612559818e+01 0.000000000000000000e+00
5.080000000000000314e-03 6.222000000000000455e+02 5.142274610936878076e+01 0.000000000000000000e+00
5.442857142857143379e-03 6.245714285714285552e+02 5.049062083030894854e+01 0.000000000000000000e+00
5.805714285714286445e-03 6.269428571428571786e+02 4.957520654105149305e+01 0.000000000000000000e+00
6.168571428571429510e-03 6.293142857142856883e+02 4.867621837047492050e+01 0.000000000000000000e+00
6.531428571428571708e-03 6.316857142857143117e+02 4.779339027068728285e+01 0.000000000000000000e+00
6.894285714285714774e-03 6.340571428571428214e+02 4.692647163198400762e+01 0.000000000000000000e+00
7.257142857142857839e-03 6.364285714285714448e+02 4.607522439777986989e+01 0.000000000000000000e+00
7.620000000000000905e-03 6.387999999999999545e+02 4.523942061813831117e+01 0.000000000000000000e+00
7.982857142857143970e-03 6.411714285714285779e+02 4.441884038703936710e+01 0.000000000000000000e+00
8.345714285714287903e-03 6.435428571428572013e+02 4.361327011447597357e+01 0.000000000000000000e+00
8.708571428571430101e-03 6.459142857142857110e+02 4.282250108985326165e+01 0.000000000000000000e+00
9.071428571428574034e-03 6.482857142857143344e+02 4.204632829805461824e+01 0.000000000000000000e+00
9.434285714285716232e-03 6.506571428571428442e+02 4.128454945394616971e+01 0.000000000000000000e+00
9.797142857142858430e-03 6.530285714285714675e+02 4.053696422506311592e+01 0.000000000000000000e+00
1.016000000000000236e-02 6.553999999999999773e+02 3.980337361579402256e+01 0.000000000000000000e+00
1.052285714285714456e-02 6.577714285714286007e+02 3.908357948957796424e+01 0.000000000000000000e+00
1.088571428571428849e-02 6.601428571428571104e+02 3.837738420849598953e+01 0.000000000000000000e+00
1.124857142857143069e-02 6.625142857142857338e+02 3.768459037219289343e+01 0.000000000000000000e+00
1.161142857142857289e-02 6.648857142857142435e+02 3.700500064034532954e+01 0.000000000000000000e+00
1.197428571428571682e-02 6.672571428571428669e+02 3.633841762491522331e+01 0.000000000000000000e+00
1.233714285714285902e-02 6.696285714285713766e+02 3.568464384022788494e+01 0.000000000000000000e+00
1.270000000000000295e-02 6.720000000000000000e+02 3.504348170050034383e+01 0.000000000000000000e+00
1.306285714285714515e-02 6.743714285714286234e+02 3.441473355585760174e+01 0.000000000000000000e+00
1.342571428571428735e-02 6.767428571428571331e+02 3.379820175911066826e+01 0.000000000000000000e+00
1.378857142857143128e-02 6.791142857142857565e+02 3.319368875666491192e+01 0.000000000000000000e+00
1.415142857142857348e-02 6.814857142857142662e+02 3.260099719788628647e+01 0.000000000000000000e+00
1.451428571428571741e-02 6.838571428571428896e+02 3.201993005809409709e+01 0.000000000000000000e+00
1.487714285714285961e-02 6.862285714285713993e+02 3.145029077108738491e+01 0.000000000000000000e+00
1.524000000000000181e-02 6.886000000000000227e+02 3.089188336775152877e+01 0.000000000000000000e+00
1.560285714285714574e-02 6.909714285714285325e+02 3.034451261785706677e+01 0.000000000000000000e+00
1.596571428571428794e-02 6.933428571428571558e+02 2.980798417264517042e+01 0.000000000000000000e+00
1.632857142857142840e-02 6.957142857142856656e+02 2.928210470621990069e+01 0.000000000000000000e+00
1.669142857142857234e-02 6.980857142857142890e+02 2.876668205413139745e+01 0.000000000000000000e+00
1.705428571428571627e-02 7.004571428571427987e+02 2.826152534785000014e+01 0.000000000000000000e+00
1.741714285714285673e-02 7.028285714285714221e+02 2.776644514410143216e+01 0.000000000000000000e+00
1.778000000000000067e-02 7.052000000000000455e+02 2.728125354826697446e+01 0.000000000000000000e+00
1.814285714285714460e-02 7.075714285714285552e+02 2.680576433124909741e+01 0.000000000000000000e+00
1.850571428571428853e-02 7.099428571428571786e+02 2.633979303937301353e+01 0.000000000000000000e+00
1.886857142857142899e-02 7.123142857142856883e+02 2.588315709703674372e+01 0.000000000000000000e+00
1.923142857142857293e-02 7.146857142857143117e+02 2.543567590194211192e+01 0.000000000000000000e+00
1.959428571428571686e-02 7.170571428571428214e+02 2.499717091284036741e+01 0.000000000000000000e+00
1.995714285714285732e-02 7.194285714285714448e+02 2.456746572980831900e+01 0.000000000000000000e+00
2.032000000000000126e-02 7.217999999999999545e+02 2.414638616714088926e+01 0.000000000000000000e+00
2.068285714285714519e-02 7.241714285714285779e+02 2.373376031900037120e+01 0.000000000000000000e+00
2.104571428571428565e-02 7.265428571428570876e+02 2.332941861800942007e+01 0.000000000000000000e+00
2.140857142857142958e-02 7.289142857142857110e+02 2.293319388700757600e+01 0.000000000000000000e+00
2.177142857142857352e-02 7.312857142857142208e+02 2.254492138422212832e+01 0.000000000000000000e+00
2.213428571428571745e-02 7.336571428571428442e+02 2.216443884212072035e+01 0.000000000000000000e+00
2.249714285714285791e-02 7.360285714285714675e+02 2.179158650023066812e+01 0.000000000000000000e+00
2.286000000000000185e-02 7.383999999999999773e+02 2.142620713221816686e+01 0.000000000000000000e+00
2.322285714285714578e-02 7.407714285714286007e+02 2.106814606752623931e+01 0.000000000000000000e+00
2.358571428571428624e-02 7.431428571428571104e+02 2.071725120787277774e+01 0.000000000000000000e+00
2.394857142857143018e-02 7.455142857142857338e+02 2.037337303890829787e+01 0.000000000000000000e+00
2.431142857142857411e-02 7.478857142857142435e+02 2.003636463733054640e+01 0.000000000000000000e+00
2.467428571428571804e-02 7.502571428571428669e+02 1.970608167374706809e+01 0.000000000000000000e+00
2.503714285714285850e-02 7.526285714285713766e+02 1.938238241157080211e+01 0.000000000000000000e+00
2.540000000000000244e-02 7.550000000000000000e+02 1.906512770222493813e+01 0.000000000000000000e+00
