      Position [m]           Temperature [K]            Css [wt.ppm]             Cp [wt.ppm]       
0.000000000000000000e+00 6.440000000000000000e+02 1.267029848972842103e+02 2.170770239346793005e+03
3.628571428571429028e-04 6.463857142857142435e+02 1.248409818862988487e+02 1.477557305431197619e+03
7.257142857142859140e-04 6.487714285714286007e+02 1.234008414668661118e+02 9.997450651447918517e+02
1.088571428571428763e-03 6.511571428571428442e+02 1.220966184481756187e+02 6.225837411960624195e+02
1.451428571428571611e-03 6.535428571428570876e+02 1.208307266728381251e+02 3.023509089804707628e+02
1.814285714285714677e-03 6.559285714285714448e+02 1.195191844236427556e+02 1.858670163543282783e+01
2.177142857142857092e-03 6.583142857142856883e+02 1.181089821637914810e+02 0.000000000000000000e+00
2.540000000000000157e-03 6.607000000000000455e+02 1.167137122347615588e+02 0.000000000000000000e+00
2.902857142857143222e-03 6.630857142857142890e+02 1.153327299579128891e+02 0.000000000000000000e+00
3.265714285714285854e-03 6.654714285714285325e+02 1.139654929767186218e+02 0.000000000000000000e+00
3.628571428571428920e-03 6.678571428571428896e+02 1.126115489997511361e+02 0.000000000000000000e+00
3.991428571428571985e-03 6.702428571428571331e+02 1.112705246858646149e+02 0.000000000000000000e+00
4.354285714285715050e-03 6.726285714285713766e+02 1.099421156232369157e+02 0.000000000000000000e+00
4.717142857142857248e-03 6.750142857142857338e+02 1.086260773107978821e+02 0.000000000000000000e+00
5.080000000000000314e-03 6.773999999999999773e+02 1.073222170567150044e+02 0.000000000000000000e+00
5.442857142857143379e-03 6.797857142857143344e+02 1.060303867146121490e+02 0.000000000000000000e+00
5.805714285714286445e-03 6.821714285714285779e+02 1.047504761839489618e+02 0.000000000000000000e+00
6.168571428571429510e-03 6.845571428571428214e+02 1.034824076064539611e+02 0.000000000000000000e+00
6.531428571428571708e-03 6.869428571428571786e+02 1.022261301956890662e+02 0.000000000000000000e+00
6.894285714285714774e-03 6.893285714285714221e+02 1.009816156417050195e+02 0.000000000000000000e+00
7.257142857142857839e-03 6.917142857142856656e+02 9.974885403733935618e+01 0.000000000000000000e+00
7.620000000000000905e-03 6.941000000000000227e+02 9.852785027701931142e+01 0.000000000000000000e+00
7.982857142857143970e-03 6.964857142857142662e+02 9.731862088295511626e+01 0.000000000000000000e+00
8.345714285714287903e-03 6.988714285714286234e+02 9.612119121735727845e+01 0.000000000000000000e+00
8.708571428571430101e-03 7.012571428571428669e+02 9.493559304281097866e+01 0.000000000000000000e+00
9.071428571428574034e-03 7.036428571428571104e+02 9.376186239617416618e+01 0.000000000000000000e+00
9.434285714285716232e-03 7.060285714285714675e+02 9.260003774437534219e+01 0.000000000000000000e+00
9.797142857142858430e-03 7.084142857142857110e+02 9.145015839325897389e+01 0.000000000000000000e+00
1.016000000000000236e-02 7.107999999999999545e+02 9.031226312320035277e+01 0.000000000000000000e+00
1.052285714285714456e-02 7.131857142857143117e+02 8.918638902756791254e+01 0.000000000000000000e+00
1.088571428571428849e-02 7.155714285714285552e+02 8.807257053229658084e+01 0.000000000000000000e+00
1.124857142857143069e-02 7.179571428571429124e+02 8.697083857683222163e+01 0.000000000000000000e+00
1.161142857142857289e-02 7.203428571428571558e+02 8.588121993855325798e+01 0.000000000000000000e+00
1.197428571428571682e-02 7.227285714285713993e+02 8.480373668445230351e+01 0.000000000000000000e+00
1.233714285714285902e-02 7.251142857142857565e+02 8.373840573541605181e+01 0.000000000000000000e+00
1.270000000000000295e-02 7.275000000000000000e+02 8.268523852984647249e+01 0.000000000000000000e+00
1.306285714285714515e-02 7.298857142857142435e+02 8.164424077466384233e+01 0.000000000000000000e+00
1.342571428571428735e-02 7.322714285714286007e+02 8.061541227291024825e+01 0.000000000000000000e+00
1.378857142857143128e-02 7.346571428571428442e+02 7.959874681824733500e+01 0.000000000000000000e+00
1.415142857142857348e-02 7.370428571428572013e+02 7.859423214762306031e+01 0.000000000000000000e+00
1.451428571428571741e-02 7.394285714285714448e+02 7.760184994427712013e+01 0.000000000000000000e+00
1.487714285714285961e-02 7.418142857142856883e+02 7.662157588406161324e+01 0.000000000000000000e+00
1.524000000000000181e-02 7.442000000000000455e+02 7.565337971879610279e+01 0.000000000000000000e+00
1.560285714285714574e-02 7.465857142857142890e+02 7.469722539104280656e+01 0.000000000000000000e+00
1.596571428571428794e-02 7.489714285714285325e+02 7.375307117529391121e+01 0.000000000000000000e+00
1.632857142857142840e-02 7.513571428571428896e+02 7.282086984111623451e+01 0.000000000000000000e+00
1.669142857142857234e-02 7.537428571428571331e+02 7.190056883429279821e+01 0.000000000000000000e+00
1.705428571428571627e-02 7.561285714285713766e+02 7.099211047245422890e+01 0.000000000000000000e+00
1.741714285714285673e-02 7.585142857142857338e+02 7.009543215209100708e+01 0.000000000000000000e+00
1.778000000000000067e-02 7.608999999999999773e+02 6.921046656422250010e+01 0.000000000000000000e+00
1.814285714285714460e-02 7.632857142857143344e+02 6.833714191630433277e+01 0.000000000000000000e+00
1.850571428571428853e-02 7.656714285714285779e+02 6.747538215827464114e+01 0.000000000000000000e+00
1.886857142857142899e-02 7.680571428571428214e+02 6.662510721089549293e+01 0.000000000000000000e+00
1.923142857142857293e-02 7.704428571428571786e+02 6.578623319479036979e+01 0.000000000000000000e+00
1.959428571428571686e-02 7.728285714285714221e+02 6.495867265879130059e+01 0.000000000000000000e+00
1.995714285714285732e-02 7.752142857142856656e+02 6.414233480640703533e+01 0.000000000000000000e+00
2.032000000000000126e-02 7.776000000000000227e+02 6.333712571939062741e+01 0.000000000000000000e+00
2.068285714285714519e-02 7.799857142857142662e+02 6.254294857754310755e+01 0.000000000000000000e+00
2.104571428571428565e-02 7.823714285714286234e+02 6.175970387402452388e+01 0.000000000000000000e+00
2.140857142857142958e-02 7.847571428571428669e+02 6.098728962556907618e+01 0.000000000000000000e+00
2.177142857142857352e-02 7.871428571428571104e+02 6.022560157710620388e+01 0.000000000000000000e+00
2.213428571428571745e-02 7.895285714285714675e+02 5.947453340038885727e+01 0.000000000000000000e+00
2.249714285714285791e-02 7.919142857142857110e+02 5.873397688631325053e+01 0.000000000000000000e+00
2.286000000000000185e-02 7.942999999999999545e+02 5.800382213069011783e+01 0.000000000000000000e+00
2.322285714285714578e-02 7.966857142857143117e+02 5.728395771329441999e+01 0.000000000000000000e+00
2.358571428571428624e-02 7.990714285714285552e+02 5.657427087007692279e+01 0.000000000000000000e+00
2.394857142857143018e-02 8.014571428571427987e+02 5.587464765847247605e+01 0.000000000000000000e+00
2.431142857142857411e-02 8.038428571428571558e+02 5.518497311578416031e+01 0.000000000000000000e+00
2.467428571428571804e-02 8.062285714285713993e+02 5.450513141066000600e+01 0.000000000000000000e+00
2.503714285714285850e-02 8.086142857142856428e+02 5.383500598771178858e+01 0.000000000000000000e+00
2.540000000000000244e-02 8.110000000000000000e+02 5.317447970535436497e+01 0.000000000000000000e+00
