      Position [m]           Temperature [K]            Css [wt.ppm]             Cp [wt.ppm]       
0.000000000000000000e+00 7.000000000000000000e+02 2.250321017771334482e+02 1.176096288286663003e+04
3.628571428571429028e-04 7.023714285714286234e+02 2.244129015428869138e+02 1.188735274632927258e+03
7.257142857142859140e-04 7.047428571428571331e+02 2.229539457730895435e+02 6.226284329300134459e+02
1.088571428571428763e-03 7.071142857142857565e+02 2.207862960831486987e+02 1.336257621874023300e+02
1.451428571428571611e-03 7.094857142857142662e+02 2.180520433705696064e+02 0.000000000000000000e+00
1.814285714285714677e-03 7.118571428571428896e+02 2.153543019813464241e+02 0.000000000000000000e+00
2.177142857142857092e-03 7.142285714285713993e+02 2.126926042210698711e+02 0.000000000000000000e+00
2.540000000000000157e-03 7.166000000000000227e+02 2.100665004096094322e+02 0.000000000000000000e+00
2.902857142857143222e-03 7.189714285714285325e+02 2.074755564825172485e+02 0.000000000000000000e+00
3.265714285714285854e-03 7.213428571428571558e+02 2.049193518795103728e+02 0.000000000000000000e+00
3.628571428571428920e-03 7.237142857142856656e+02 2.023974776900121810e+02 0.000000000000000000e+00
3.991428571428571985e-03 7.260857142857142890e+02 1.999095350287306303e+02 0.000000000000000000e+00
4.354285714285715050e-03 7.284571428571429124e+02 1.974551336169719207e+02 0.000000000000000000e+00
4.717142857142857248e-03 7.308285714285714221e+02 1.950338905478051004e+02 0.000000000000000000e+00
5.080000000000000314e-03 7.332000000000000455e+02 1.926454292153744348e+02 0.000000000000000000e+00
5.442857142857143379e-03 7.355714285714285552e+02 1.902893783906198166e+02 0.000000000000000000e+00
5.805714285714286445e-03 7.379428571428571786e+02 1.879653714274192282e+02 0.000000000000000000e+00
6.168571428571429510e-03 7.403142857142856883e+02 1.856730455847655037e+02 0.000000000000000000e+00
6.531428571428571708e-03 7.426857142857143117e+02 1.834120414520109819e+02 0.000000000000000000e+00
6.894285714285714774e-03 7.450571428571428214e+02 1.811820024655141310e+02 0.000000000000000000e+00
7.257142857142857839e-03 7.474285714285714448e+02 1.789825745061791338e+02 0.000000000000000000e+00
7.620000000000000905e-03 7.497999999999999545e+02 1.768134055684402313e+02 0.000000000000000000e+00
7.982857142857143970e-03 7.521714285714285779e+02 1.746741454921834134e+02 0.000000000000000000e+00
8.345714285714287903e-03 7.545428571428572013e+02 1.725644457499730038e+02 0.000000000000000000e+00
8.708571428571430101e-03 7.569142857142857110e+02 1.704839592827124193e+02 0.000000000000000000e+00
9.071428571428574034e-03 7.592857142857143344e+02 1.684323403775811414e+02 0.000000000000000000e+00
9.434285714285716232e-03 7.616571428571428442e+02 1.664092445827253073e+02 0.000000000000000000e+00
9.797142857142858430e-03 7.640285714285714675e+02 1.644143286537500330e+02 0.000000000000000000e+00
1.016000000000000236e-02 7.663999999999999773e+02 1.624472505275891763e+02 0.000000000000000000e+00
1.052285714285714456e-02 7.687714285714286007e+02 1.605076693197917734e+02 0.000000000000000000e+00
1.088571428571428849e-02 7.711428571428571104e+02 1.585952453416965398e+02 0.000000000000000000e+00
1.124857142857143069e-02 7.735142857142857338e+02 1.567096401343438288e+02 0.000000000000000000e+00
1.161142857142857289e-02 7.758857142857142435e+02 1.548505165163313109e+02 0.000000000000000000e+00
1.197428571428571682e-02 7.782571428571428669e+02 1.530175386431234017e+02 0.000000000000000000e+00
1.233714285714285902e-02 7.806285714285713766e+02 1.512103720756175562e+02 0.000000000000000000e+00
1.270000000000000295e-02 7.830000000000000000e+02 1.494286838560174715e+02 0.000000000000000000e+00
1.306285714285714515e-02 7.853714285714286234e+02 1.476721425893042010e+02 0.000000000000000000e+00
1.342571428571428735e-02 7.877428571428571331e+02 1.459404185287929749e+02 0.000000000000000000e+00
1.378857142857143128e-02 7.901142857142857565e+02 1.442331836644583234e+02 0.000000000000000000e+00
1.415142857142857348e-02 7.924857142857142662e+02 1.425501118128772475e+02 0.000000000000000000e+00
1.451428571428571741e-02 7.948571428571428896e+02 1.408908787077869533e+02 0.000000000000000000e+00
1.487714285714285961e-02 7.972285714285713993e+02 1.392551620903956859e+02 0.000000000000000000e+00
1.524000000000000181e-02 7.996000000000000227e+02 1.376426417987001685e+02 0.000000000000000000e+00
1.560285714285714574e-02 8.019714285714285325e+02 1.360529998551783990e+02 0.000000000000000000e+00
1.596571428571428794e-02 8.043428571428571558e+02 1.344859205523181629e+02 0.000000000000000000e+00
1.632857142857142840e-02 8.067142857142856656e+02 1.329410905355321688e+02 0.000000000000000000e+00
1.669142857142857234e-02 8.090857142857142890e+02 1.314181988830853243e+02 0.000000000000000000e+00
1.705428571428571627e-02 8.114571428571427987e+02 1.299169371827321982e+02 0.000000000000000000e+00
1.741714285714285673e-02 8.138285714285714221e+02 1.284369996048145879e+02 0.000000000000000000e+00
1.778000000000000067e-02 8.162000000000000455e+02 1.269780829716402764e+02 0.000000000000000000e+00
1.814285714285714460e-02 8.185714285714285552e+02 1.255398868229896152e+02 0.000000000000000000e+00
1.850571428571428853e-02 8.209428571428571786e+02 1.241221134776560007e+02 0.000000000000000000e+00
1.886857142857142899e-02 8.233142857142856883e+02 1.227244680909547441e+02 0.000000000000000000e+00
1.923142857142857293e-02 8.256857142857143117e+02 1.213466587081679648e+02 0.000000000000000000e+00
1.959428571428571686e-02 8.280571428571428214e+02 1.199883963139234737e+02 0.000000000000000000e+00
1.995714285714285732e-02 8.304285714285714448e+02 1.186493948775260208e+02 0.000000000000000000e+00
2.032000000000000126e-02 8.327999999999999545e+02 1.173293713942839958e+02 0.000000000000000000e+00
2.068285714285714519e-02 8.351714285714285779e+02 1.160280459228881682e+02 0.000000000000000000e+00
2.104571428571428565e-02 8.375428571428570876e+02 1.147451416189192202e+02 0.000000000000000000e+00
2.140857142857142958e-02 8.399142857142857110e+02 1.134803847645681145e+02 0.000000000000000000e+00
2.177142857142857352e-02 8.422857142857142208e+02 1.122335047946685336e+02 0.000000000000000000e+00
2.213428571428571745e-02 8.446571428571428442e+02 1.110042343191454250e+02 0.000000000000000000e+00
2.249714285714285791e-02 8.470285714285714675e+02 1.097923091419942097e+02 0.000000000000000000e+00
2.286000000000000185e-02 8.493999999999999773e+02 1.085974682769075912e+02 0.000000000000000000e+00
2.322285714285714578e-02 8.517714285714286007e+02 1.074194539596720688e+02 0.000000000000000000e+00
2.358571428571428624e-02 8.541428571428571104e+02 1.062580116574609832e+02 0.000000000000000000e+00
2.394857142857143018e-02 8.565142857142857338e+02 1.051128900751492097e+02 0.000000000000000000e+00
2.431142857142857411e-02 8.588857142857142435e+02 1.039838411587789153e+02 0.000000000000000000e+00
2.467428571428571804e-02 8.612571428571428669e+02 1.028706200963044637e+02 0.000000000000000000e+00
2.503714285714285850e-02 8.636285714285713766e+02 1.017729853157444353e+02 0.000000000000000000e+00
2.540000000000000244e-02 8.660000000000000000e+02 1.006906984808670984e+02 0.000000000000000000e+00
