      Position [m]           Temperature [K]            Css [wt.ppm]             Cp [wt.ppm]       
0.000000000000000000e+00 5.330000000000000000e+02 2.499825302342541988e+01 4.907275508232843890e+02
3.628571428571429028e-04 5.361714285714285779e+02 2.506293036754053460e+01 4.049325252890573097e+02
7.257142857142859140e-04 5.393428571428571558e+02 2.504781968567792561e+01 3.322578109386278129e+02
1.088571428571428763e-03 5.425142857142857338e+02 2.526342653788787374e+01 2.658727718002684242e+02
1.451428571428571611e-03 5.456857142857143117e+02 2.545772293533049435e+01 2.000181514091549104e+02
1.814285714285714677e-03 5.488571428571428896e+02 2.562050042365866886e+01 1.311085741416400197e+02
2.177142857142857092e-03 5.520285714285714675e+02 2.570533362771341146e+01 5.654463941435306396e+01
2.540000000000000157e-03 5.552000000000000455e+02 2.567348086872789636e+01 0.000000000000000000e+00
2.902857142857143222e-03 5.583714285714286234e+02 2.562523242120180456e+01 0.000000000000000000e+00
3.265714285714285854e-03 5.615428571428570876e+02 2.556182643616301675e+01 0.000000000000000000e+00
3.628571428571428920e-03 5.647142857142856656e+02 2.548445499362020072e+01 0.000000000000000000e+00
3.991428571428571985e-03 5.678857142857142435e+02 2.539425939984847957e+01 0.000000000000000000e+00
4.354285714285715050e-03 5.710571428571428214e+02 2.529232714137390658e+01 0.000000000000000000e+00
4.717142857142857248e-03 5.742285714285713993e+02 2.517969011995608142e+01 0.000000000000000000e+00
5.080000000000000314e-03 5.773999999999999773e+02 2.505732392031467626e+01 0.000000000000000000e+00
5.442857142857143379e-03 5.805714285714285552e+02 2.492614790056074625e+01 0.000000000000000000e+00
5.805714285714286445e-03 5.837428571428571331e+02 2.478702592935559679e+01 0.000000000000000000e+00
6.168571428571429510e-03 5.869142857142857110e+02 2.464076762294188683e+01 0.000000000000000000e+00
6.531428571428571708e-03 5.900857142857142890e+02 2.448812996024779665e+01 0.000000000000000000e+00
6.894285714285714774e-03 5.932571428571428669e+02 2.432981917566618435e+01 0.000000000000000000e+00
7.257142857142857839e-03 5.964285714285714448e+02 2.416649284725798097e+01 0.000000000000000000e+00
7.620000000000000905e-03 5.996000000000000227e+02 2.399876211343688936e+01 0.000000000000000000e+00
7.982857142857143970e-03 6.027714285714286007e+02 2.382719396405606460e+01 0.000000000000000000e+00
8.345714285714287903e-03 6.059428571428571786e+02 2.365231356258816220e+01 0.000000000000000000e+00
8.708571428571430101e-03 6.091142857142857565e+02 2.347460656507787391e+01 0.000000000000000000e+00
9.071428571428574034e-03 6.122857142857143344e+02 2.329452140901455337e+01 0.000000000000000000e+00
9.434285714285716232e-03 6.154571428571429124e+02 2.311247155145908039e+01 0.000000000000000000e+00
9.797142857142858430e-03 6.186285714285713766e+02 2.292883764085671672e+01 0.000000000000000000e+00
1.016000000000000236e-02 6.217999999999999545e+02 2.274396961115061799e+01 0.000000000000000000e+00
1.052285714285714456e-02 6.249714285714285325e+02 2.255818869022119344e+01 0.000000000000000000e+00
1.088571428571428849e-02 6.281428571428571104e+02 2.237178931744341526e+01 0.000000000000000000e+00
1.124857142857143069e-02 6.313142857142856883e+02 2.218504096737967402e+01 0.000000000000000000e+00
1.161142857142857289e-02 6.344857142857142662e+02 2.199818987840183482e+01 0.000000000000000000e+00
1.197428571428571682e-02 6.376571428571428442e+02 2.181146068643784020e+01 0.000000000000000000e+00
1.233714285714285902e-02 6.408285714285714221e+02 2.162505796513192280e+01 0.000000000000000000e+00
1.270000000000000295e-02 6.440000000000000000e+02 2.143916767454364347e+01 0.000000000000000000e+00
1.306285714285714515e-02 6.471714285714285779e+02 2.125395852113988227e+01 0.000000000000000000e+00
1.342571428571428735e-02 6.503428571428571558e+02 2.106958323229042662e+01 0.000000000000000000e+00
1.378857142857143128e-02 6.535142857142857338e+02 2.088617974879522521e+01 0.000000000000000000e+00
1.415142857142857348e-02 6.566857142857143117e+02 2.070387233917617564e+01 0.000000000000000000e+00
1.451428571428571741e-02 6.598571428571428896e+02 2.052277263958163545e+01 0.000000000000000000e+00
1.487714285714285961e-02 6.630285714285714675e+02 2.034298062319431821e+01 0.000000000000000000e+00
1.524000000000000181e-02 6.662000000000000455e+02 2.016458550302028030e+01 0.000000000000000000e+00
1.560285714285714574e-02 6.693714285714286234e+02 1.998766657187895746e+01 0.000000000000000000e+00
1.596571428571428794e-02 6.725428571428572013e+02 1.981229398332427039e+01 0.000000000000000000e+00
1.632857142857142840e-02 6.757142857142856656e+02 1.963852947711046681e+01 0.000000000000000000e+00
1.669142857142857234e-02 6.788857142857142435e+02 1.946642705268310536e+01 0.000000000000000000e+00
1.705428571428571627e-02 6.820571428571428214e+02 1.929603359402983642e+01 0.000000000000000000e+00
1.741714285714285673e-02 6.852285714285713993e+02 1.912738944907084360e+01 0.000000000000000000e+00
1.778000000000000067e-02 6.883999999999999773e+02 1.896052896661170095e+01 0.000000000000000000e+00
1.814285714285714460e-02 6.915714285714285552e+02 1.879548099372085090e+01 0.000000000000000000e+00
1.850571428571428853e-02 6.947428571428571331e+02 1.863226933623576542e+01 0.000000000000000000e+00
1.886857142857142899e-02 6.979142857142857110e+02 1.847091318494575418e+01 0.000000000000000000e+00
1.923142857142857293e-02 7.010857142857142890e+02 1.831142750984662726e+01 0.000000000000000000e+00
1.959428571428571686e-02 7.042571428571428669e+02 1.815382342471561472e+01 0.000000000000000000e+00
1.995714285714285732e-02 7.074285714285714448e+02 1.799810852411296835e+01 0.000000000000000000e+00
2.032000000000000126e-02 7.106000000000000227e+02 1.784428719478104952e+01 0.000000000000000000e+00
2.068285714285714519e-02 7.137714285714286007e+02 1.769236090328255884e+01 0.000000000000000000e+00
2.104571428571428565e-02 7.169428571428570649e+02 1.754232846159642278e+01 0.000000000000000000e+00
2.140857142857142958e-02 7.201142857142856428e+02 1.739418627227426128e+01 0.000000000000000000e+00
2.177142857142857352e-02 7.232857142857142208e+02 1.724792855465005559e+01 0.000000000000000000e+00
2.213428571428571745e-02 7.264571428571427987e+02 1.710354755349270661e+01 0.000000000000000000e+00
2.249714285714285791e-02 7.296285714285713766e+02 1.696103373139419190e+01 0.000000000000000000e+00
2.286000000000000185e-02 7.327999999999999545e+02 1.682037594609457187e+01 0.000000000000000000e+00
2.322285714285714578e-02 7.359714285714285325e+02 1.668156161386039926e+01 0.000000000000000000e+00
2.358571428571428624e-02 7.391428571428571104e+02 1.654457685995280514e+01 0.000000000000000000e+00
2.394857142857143018e-02 7.423142857142856883e+02 1.640940665714756008e+01 0.000000000000000000e+00
2.431142857142857411e-02 7.454857142857142662e+02 1.627603495319933202e+01 0.000000000000000000e+00
2.467428571428571804e-02 7.486571428571428442e+02 1.614444478807898165e+01 0.000000000000000000e+00
2.503714285714285850e-02 7.518285714285714221e+02 1.601461840174972195e+01 0.000000000000000000e+00
2.540000000000000244e-02 7.550000000000000000e+02 1.588653733319533323e+01 0.000000000000000000e+00
