      Position [m]           Temperature [K]            Css [wt.ppm]             Cp [wt.ppm]       
0.000000000000000000e+00 5.890000000000000000e+02 6.673295101452517031e+01 1.655689748355492384e+03
3.628571428571429028e-04 5.921714285714285779e+02 6.620720955967541954e+01 1.319351289515813960e+03
7.257142857142859140e-04 5.953428571428571558e+02 6.636480904609898346e+01 1.090421731757533962e+03
1.088571428571428763e-03 5.985142857142857338e+02 6.695854422405052730e+01 9.147549181389813384e+02
1.451428571428571611e-03 6.016857142857143117e+02 6.774793617693256920e+01 7.615764428091164291e+02
1.814285714285714677e-03 6.048571428571428896e+02 6.851367429997691261e+01 6.101464143285284081e+02
2.177142857142857092e-03 6.080285714285714675e+02 6.907372291103249040e+01 4.486096762449547555e+02
2.540000000000000157e-03 6.112000000000000455e+02 6.926749290261227543e+01 2.696196203308000463e+02
2.902857142857143222e-03 6.143714285714286234e+02 6.901228598913570522e+01 7.345932679884425909e+01
3.265714285714285854e-03 6.175428571428570876e+02 6.830030755396376207e+01 0.000000000000000000e+00
3.628571428571428920e-03 6.207142857142856656e+02 6.757728704510275008e+01 0.000000000000000000e+00
3.991428571428571985e-03 6.238857142857142435e+02 6.684476516446223116e+01 0.000000000000000000e+00
4.354285714285715050e-03 6.270571428571428214e+02 6.610422502546515489e+01 0.000000000000000000e+00
4.717142857142857248e-03 6.302285714285713993e+02 6.535708572448230314e+01 0.000000000000000000e+00
5.080000000000000314e-03 6.333999999999999773e+02 6.460469782443985309e+01 0.000000000000000000e+00
5.442857142857143379e-03 6.365714285714285552e+02 6.384834043259992598e+01 0.000000000000000000e+00
5.805714285714286445e-03 6.397428571428571331e+02 6.308921959783869227e+01 0.000000000000000000e+00
6.168571428571429510e-03 6.429142857142857110e+02 6.232846779100169954e+01 0.000000000000000000e+00
6.531428571428571708e-03 6.460857142857142890e+02 6.156714426558264108e+01 0.000000000000000000e+00
6.894285714285714774e-03 6.492571428571428669e+02 6.080623612549590007e+01 0.000000000000000000e+00
7.257142857142857839e-03 6.524285714285714448e+02 6.004665995252549493e+01 0.000000000000000000e+00
7.620000000000000905e-03 6.556000000000000227e+02 5.928926386852598540e+01 0.000000000000000000e+00
7.982857142857143970e-03 6.587714285714286007e+02 5.853482992699509424e+01 0.000000000000000000e+00
8.345714285714287903e-03 6.619428571428571786e+02 5.778407674556442686e+01 0.000000000000000000e+00
8.708571428571430101e-03 6.651142857142857565e+02 5.703766230557413053e+01 0.000000000000000000e+00
9.071428571428574034e-03 6.682857142857143344e+02 5.629618685748312146e+01 0.000000000000000000e+00
9.434285714285716232e-03 6.714571428571429124e+02 5.556019588166668655e+01 0.000000000000000000e+00
9.797142857142858430e-03 6.746285714285713766e+02 5.483018306339704395e+01 0.000000000000000000e+00
1.016000000000000236e-02 6.777999999999999545e+02 5.410659324868101550e+01 0.000000000000000000e+00
1.052285714285714456e-02 6.809714285714285325e+02 5.338982535432862164e+01 0.000000000000000000e+00
1.088571428571428849e-02 6.841428571428571104e+02 5.268023521129078546e+01 0.000000000000000000e+00
1.124857142857143069e-02 6.873142857142856883e+02 5.197813832509130805e+01 0.000000000000000000e+00
1.161142857142857289e-02 6.904857142857142662e+02 5.128381254118652777e+01 0.000000000000000000e+00
1.197428571428571682e-02 6.936571428571428442e+02 5.059750060644335434e+01 0.000000000000000000e+00
1.233714285714285902e-02 6.968285714285714221e+02 4.991941262071163266e+01 0.000000000000000000e+00
1.270000000000000295e-02 7.000000000000000000e+02 4.924972837476887833e+01 0.000000000000000000e+00
1.306285714285714515e-02 7.031714285714285779e+02 4.858859957280321140e+01 0.000000000000000000e+00
1.342571428571428735e-02 7.063428571428571558e+02 4.793615193913445438e+01 0.000000000000000000e+00
1.378857142857143128e-02 7.095142857142857338e+02 4.729248721010930723e+01 0.000000000000000000e+00
1.415142857142857348e-02 7.126857142857143117e+02 4.665768501308885874e+01 0.000000000000000000e+00
1.451428571428571741e-02 7.158571428571428896e+02 4.603180463521484000e+01 0.000000000000000000e+00
1.487714285714285961e-02 7.190285714285714675e+02 4.541488668523125938e+01 0.000000000000000000e+00
1.524000000000000181e-02 7.222000000000000455e+02 4.480695465207742956e+01 0.000000000000000000e+00
1.560285714285714574e-02 7.253714285714286234e+02 4.420801636428193149e+01 0.000000000000000000e+00
1.596571428571428794e-02 7.285428571428572013e+02 4.361806535440139498e+01 0.000000000000000000e+00
1.632857142857142840e-02 7.317142857142856656e+02 4.303708213287114859e+01 0.000000000000000000e+00
1.669142857142857234e-02 7.348857142857142435e+02 4.246503537569394382e+01 0.000000000000000000e+00
1.705428571428571627e-02 7.380571428571428214e+02 4.190188303039365536e+01 0.000000000000000000e+00
1.741714285714285673e-02 7.412285714285713993e+02 4.134757334461574629e+01 0.000000000000000000e+00
1.778000000000000067e-02 7.443999999999999773e+02 4.080204582167703364e+01 0.000000000000000000e+00
1.814285714285714460e-02 7.475714285714285552e+02 4.026523210725997615e+01 0.000000000000000000e+00
1.850571428571428853e-02 7.507428571428571331e+02 3.973705681131779954e+01 0.000000000000000000e+00
1.886857142857142899e-02 7.539142857142857110e+02 3.921743826911219344e+01 0.000000000000000000e+00
1.923142857142857293e-02 7.570857142857142890e+02 3.870628924515057179e+01 0.000000000000000000e+00
1.959428571428571686e-02 7.602571428571428669e+02 3.820351758362696870e+01 0.000000000000000000e+00
1.995714285714285732e-02 7.634285714285714448e+02 3.770902680880440272e+01 0.000000000000000000e+00
2.032000000000000126e-02 7.666000000000000227e+02 3.722271667860795930e+01 0.000000000000000000e+00
2.068285714285714519e-02 7.697714285714286007e+02 3.674448369452982632e+01 0.000000000000000000e+00
2.104571428571428565e-02 7.729428571428570649e+02 3.627422157078245135e+01 0.000000000000000000e+00
2.140857142857142958e-02 7.761142857142856428e+02 3.581182166547225165e+01 0.000000000000000000e+00
2.177142857142857352e-02 7.792857142857142208e+02 3.535717337640950575e+01 0.000000000000000000e+00
2.213428571428571745e-02 7.824571428571427987e+02 3.491016450401546223e+01 0.000000000000000000e+00
2.249714285714285791e-02 7.856285714285713766e+02 3.447068158364128010e+01 0.000000000000000000e+00
2.286000000000000185e-02 7.887999999999999545e+02 3.403861018947106487e+01 0.000000000000000000e+00
2.322285714285714578e-02 7.919714285714285325e+02 3.361383521204597002e+01 0.000000000000000000e+00
2.358571428571428624e-02 7.951428571428571104e+02 3.319624111131738431e+01 0.000000000000000000e+00
2.394857142857143018e-02 7.983142857142856883e+02 3.278571214701452163e+01 0.000000000000000000e+00
2.431142857142857411e-02 8.014857142857142662e+02 3.238213258799507344e+01 0.000000000000000000e+00
2.467428571428571804e-02 8.046571428571428442e+02 3.198538690213766955e+01 0.000000000000000000e+00
2.503714285714285850e-02 8.078285714285714221e+02 3.159535992823098738e+01 0.000000000000000000e+00
2.540000000000000244e-02 8.110000000000000000e+02 3.121193703121586438e+01 0.000000000000000000e+00
