      Position [m]           Temperature [K]            Css [wt.ppm]             Cp [wt.ppm]       
0.000000000000000000e+00 5.890000000000000000e+02 6.291402711390779245e+01 1.224030088112071098e+03
3.628571428571429028e-04 5.913714285714286234e+02 6.140516993792456901e+01 9.305273876306044940e+02
7.257142857142859140e-04 5.937428571428571331e+02 6.028399699957505931e+01 6.867057327757307803e+02
1.088571428571428763e-03 5.961142857142857565e+02 5.923785163575391977e+01 4.735315983409726073e+02
1.451428571428571611e-03 5.984857142857142662e+02 5.819802086553086440e+01 2.796819987999423347e+02
1.814285714285714677e-03 6.008571428571428896e+02 5.715013412226036138e+01 9.938408558482198885e+01
2.177142857142857092e-03 6.032285714285713993e+02 5.605869345575636942e+01 0.000000000000000000e+00
2.540000000000000157e-03 6.056000000000000227e+02 5.499214017796141007e+01 0.000000000000000000e+00
2.902857142857143222e-03 6.079714285714285325e+02 5.394950147758203940e+01 0.000000000000000000e+00
3.265714285714285854e-03 6.103428571428571558e+02 5.292989114207315282e+01 0.000000000000000000e+00
3.628571428571428920e-03 6.127142857142856656e+02 5.193249970484986733e+01 0.000000000000000000e+00
3.991428571428571985e-03 6.150857142857142890e+02 5.095658549103583823e+01 0.000000000000000000e+00
4.354285714285715050e-03 6.174571428571429124e+02 5.000146667113630627e+01 0.000000000000000000e+00
4.717142857142857248e-03 6.198285714285714221e+02 4.906651421899360344e+01 0.000000000000000000e+00
5.080000000000000314e-03 6.222000000000000455e+02 4.815114568002219642e+01 0.000000000000000000e+00
5.442857142857143379e-03 6.245714285714285552e+02 4.725481966436793613e+01 0.000000000000000000e+00
5.805714285714286445e-03 6.269428571428571786e+02 4.637703098766364462e+01 0.000000000000000000e+00
6.168571428571429510e-03 6.293142857142856883e+02 4.551730638947350371e+01 0.000000000000000000e+00
6.531428571428571708e-03 6.316857142857143117e+02 4.467520076633487491e+01 0.000000000000000000e+00
6.894285714285714774e-03 6.340571428571428214e+02 4.385029386256079675e+01 0.000000000000000000e+00
7.257142857142857839e-03 6.364285714285714448e+02 4.304218736767839459e+01 0.000000000000000000e+00
7.620000000000000905e-03 6.387999999999999545e+02 4.225050237458997771e+01 0.000000000000000000e+00
7.982857142857143970e-03 6.411714285714285779e+02 4.147487715728253477e+01 0.000000000000000000e+00
8.345714285714287903e-03 6.435428571428572013e+02 4.071496523121251698e+01 0.000000000000000000e+00
8.708571428571430101e-03 6.459142857142857110e+02 3.997043366339023152e+01 0.000000000000000000e+00
9.071428571428574034e-03 6.482857142857143344e+02 3.924096160270932643e+01 0.000000000000000000e+00
9.434285714285716232e-03 6.506571428571428442e+02 3.852623900424966052e+01 0.000000000000000000e+00
9.797142857142858430e-03 6.530285714285714675e+02 3.782596552414371160e+01 0.000000000000000000e+00
1.016000000000000236e-02 6.553999999999999773e+02 3.713984956417897365e+01 0.000000000000000000e+00
1.052285714285714456e-02 6.577714285714286007e+02 3.646760744762341488e+01 0.000000000000000000e+00
1.088571428571428849e-02 6.601428571428571104e+02 3.580896270984418095e+01 0.000000000000000000e+00
1.124857142857143069e-02 6.625142857142857338e+02 3.516364548915035471e+01 0.000000000000000000e+00
1.161142857142857289e-02 6.648857142857142435e+02 3.453139200496171668e+01 0.000000000000000000e+00
1.197428571428571682e-02 6.672571428571428669e+02 3.391194411190032554e+01 0.000000000000000000e+00
1.233714285714285902e-02 6.696285714285713766e+02 3.330504891973003367e+01 0.000000000000000000e+00
1.270000000000000295e-02 6.720000000000000000e+02 3.271045847026380216e+01 0.000000000000000000e+00
1.306285714285714515e-02 6.743714285714286234e+02 3.212792946341704692e+01 0.000000000000000000e+00
1.342571428571428735e-02 6.767428571428571331e+02 3.155722302552951319e+01 0.000000000000000000e+00
1.378857142857143128e-02 6.791142857142857565e+02 3.099810451391827826e+01 0.000000000000000000e+00
1.415142857142857348e-02 6.814857142857142662e+02 3.045034335237231105e+01 0.000000000000000000e+00
1.451428571428571741e-02 6.838571428571428896e+02 2.991371289295790703e+01 0.000000000000000000e+00
1.487714285714285961e-02 6.862285714285713993e+02 2.938799030009547408e+01 0.000000000000000000e+00
1.524000000000000181e-02 6.886000000000000227e+02 2.887295645338473449e+01 0.000000000000000000e+00
1.560285714285714574e-02 6.909714285714285325e+02 2.836839586611766251e+01 0.000000000000000000e+00
1.596571428571428794e-02 6.933428571428571558e+02 2.787409661682320916e+01 0.000000000000000000e+00
1.632857142857142840e-02 6.957142857142856656e+02 2.738985029154754258e+01 0.000000000000000000e+00
1.669142857142857234e-02 6.980857142857142890e+02 2.691545193488870780e+01 0.000000000000000000e+00
1.705428571428571627e-02 7.004571428571427987e+02 2.645070000808261312e+01 0.000000000000000000e+00
1.741714285714285673e-02 7.028285714285714221e+02 2.599539635268183702e+01 0.000000000000000000e+00
1.778000000000000067e-02 7.052000000000000455e+02 2.554934615858360303e+01 0.000000000000000000e+00
1.814285714285714460e-02 7.075714285714285552e+02 2.511235793534939731e+01 0.000000000000000000e+00
1.850571428571428853e-02 7.099428571428571786e+02 2.468424348592450102e+01 0.000000000000000000e+00
1.886857142857142899e-02 7.123142857142856883e+02 2.426481788200844392e+01 0.000000000000000000e+00
1.923142857142857293e-02 7.146857142857143117e+02 2.385389944045159183e+01 0.000000000000000000e+00
1.959428571428571686e-02 7.170571428571428214e+02 2.345130970016258587e+01 0.000000000000000000e+00
1.995714285714285732e-02 7.194285714285714448e+02 2.305687339910423361e+01 0.000000000000000000e+00
2.032000000000000126e-02 7.217999999999999545e+02 2.267041845103822340e+01 0.000000000000000000e+00
2.068285714285714519e-02 7.241714285714285779e+02 2.229177592174668732e+01 0.000000000000000000e+00
2.104571428571428565e-02 7.265428571428570876e+02 2.192078000452194786e+01 0.000000000000000000e+00
2.140857142857142958e-02 7.289142857142857110e+02 2.155726799476490640e+01 0.000000000000000000e+00
2.177142857142857352e-02 7.312857142857142208e+02 2.120108026357641862e+01 0.000000000000000000e+00
2.213428571428571745e-02 7.336571428571428442e+02 2.085206023026563571e+01 0.000000000000000000e+00
2.249714285714285791e-02 7.360285714285714675e+02 2.051005433372797171e+01 0.000000000000000000e+00
2.286000000000000185e-02 7.383999999999999773e+02 2.017491200267291873e+01 0.000000000000000000e+00
2.322285714285714578e-02 7.407714285714286007e+02 1.984648562470384192e+01 0.000000000000000000e+00
2.358571428571428624e-02 7.431428571428571104e+02 1.952463051426974872e+01 0.000000000000000000e+00
2.394857142857143018e-02 7.455142857142857338e+02 1.920920487952326638e+01 0.000000000000000000e+00
2.431142857142857411e-02 7.478857142857142435e+02 1.890006978813183380e+01 0.000000000000000000e+00
2.467428571428571804e-02 7.502571428571428669e+02 1.859708913209712478e+01 0.000000000000000000e+00
2.503714285714285850e-02 7.526285714285713766e+02 1.830012959164604780e+01 0.000000000000000000e+00
2.540000000000000244e-02 7.550000000000000000e+02 1.800906059826088068e+01 0.000000000000000000e+00
