      Position [m]           Temperature [K]            Css [wt.ppm]             Cp [wt.ppm]       
0.000000000000000000e+00 6.440000000000000000e+02 1.246850108306262399e+02 1.862567824708528178e+03
3.628571428571429028e-04 6.463857142857142435e+02 1.228911621094460855e+02 1.268624822878095074e+03
7.257142857142859140e-04 6.487714285714286007e+02 1.214217101549594418e+02 8.338916043750044764e+02
1.088571428571428763e-03 6.511571428571428442e+02 1.200825736700882373e+02 4.821614802451603623e+02
1.451428571428571611e-03 6.535428571428570876e+02 1.188100397843485183e+02 1.805078801325040843e+02
1.814285714285714677e-03 6.559285714285714448e+02 1.175097380201714827e+02 0.000000000000000000e+00
2.177142857142857092e-03 6.583142857142856883e+02 1.162228054663954708e+02 0.000000000000000000e+00
2.540000000000000157e-03 6.607000000000000455e+02 1.149485997575282283e+02 0.000000000000000000e+00
2.902857142857143222e-03 6.630857142857142890e+02 1.136865767927906887e+02 0.000000000000000000e+00
3.265714285714285854e-03 6.654714285714285325e+02 1.124362792703014691e+02 0.000000000000000000e+00
3.628571428571428920e-03 6.678571428571428896e+02 1.111973263496315951e+02 0.000000000000000000e+00
3.991428571428571985e-03 6.702428571428571331e+02 1.099694043533002059e+02 0.000000000000000000e+00
4.354285714285715050e-03 6.726285714285713766e+02 1.087522583689296027e+02 0.000000000000000000e+00
4.717142857142857248e-03 6.750142857142857338e+02 1.075456846783711029e+02 0.000000000000000000e+00
5.080000000000000314e-03 6.773999999999999773e+02 1.063495239441151625e+02 0.000000000000000000e+00
5.442857142857143379e-03 6.797857142857143344e+02 1.051636550883081895e+02 0.000000000000000000e+00
5.805714285714286445e-03 6.821714285714285779e+02 1.039879898044789428e+02 0.000000000000000000e+00
6.168571428571429510e-03 6.845571428571428214e+02 1.028224676465223837e+02 0.000000000000000000e+00
6.531428571428571708e-03 6.869428571428571786e+02 1.016670516436570892e+02 0.000000000000000000e+00
6.894285714285714774e-03 6.893285714285714221e+02 1.005217243939794116e+02 0.000000000000000000e+00
7.257142857142857839e-03 6.917142857142856656e+02 9.938648459291569282e+01 0.000000000000000000e+00
7.620000000000000905e-03 6.941000000000000227e+02 9.826134395633407337e+01 0.000000000000000000e+00
7.982857142857143970e-03 6.964857142857142662e+02 9.714632450129646202e+01 0.000000000000000000e+00
8.345714285714287903e-03 6.988714285714286234e+02 9.604145615047121964e+01 0.000000000000000000e+00
8.708571428571430101e-03 7.012571428571428669e+02 9.494677462903104015e+01 0.000000000000000000e+00
9.071428571428574034e-03 7.036428571428571104e+02 9.386231962548494323e+01 0.000000000000000000e+00
9.434285714285716232e-03 7.060285714285714675e+02 9.278813319032727236e+01 0.000000000000000000e+00
9.797142857142858430e-03 7.084142857142857110e+02 9.172425834863830119e+01 0.000000000000000000e+00
1.016000000000000236e-02 7.107999999999999545e+02 9.067073790485578400e+01 0.000000000000000000e+00
1.052285714285714456e-02 7.131857142857143117e+02 8.962761341986335140e+01 0.000000000000000000e+00
1.088571428571428849e-02 7.155714285714285552e+02 8.859492434231731295e+01 0.000000000000000000e+00
1.124857142857143069e-02 7.179571428571429124e+02 8.757270727776658248e+01 0.000000000000000000e+00
1.161142857142857289e-02 7.203428571428571558e+02 8.656099538062683507e+01 0.000000000000000000e+00
1.197428571428571682e-02 7.227285714285713993e+02 8.555981785545111507e+01 0.000000000000000000e+00
1.233714285714285902e-02 7.251142857142857565e+02 8.456919955520565679e+01 0.000000000000000000e+00
1.270000000000000295e-02 7.275000000000000000e+02 8.358916066542292356e+01 0.000000000000000000e+00
1.306285714285714515e-02 7.298857142857142435e+02 8.261971646416648696e+01 0.000000000000000000e+00
1.342571428571428735e-02 7.322714285714286007e+02 8.166087714871659387e+01 0.000000000000000000e+00
1.378857142857143128e-02 7.346571428571428442e+02 8.071264772077333305e+01 0.000000000000000000e+00
1.415142857142857348e-02 7.370428571428572013e+02 7.977502792278544064e+01 0.000000000000000000e+00
1.451428571428571741e-02 7.394285714285714448e+02 7.884801221875524391e+01 0.000000000000000000e+00
1.487714285714285961e-02 7.418142857142856883e+02 7.793158981353876413e+01 0.000000000000000000e+00
1.524000000000000181e-02 7.442000000000000455e+02 7.702574470528247730e+01 0.000000000000000000e+00
1.560285714285714574e-02 7.465857142857142890e+02 7.613045576618817734e+01 0.000000000000000000e+00
1.596571428571428794e-02 7.489714285714285325e+02 7.524569684730735730e+01 0.000000000000000000e+00
1.632857142857142840e-02 7.513571428571428896e+02 7.437143690352883141e+01 0.000000000000000000e+00
1.669142857142857234e-02 7.537428571428571331e+02 7.350764013533812147e+01 0.000000000000000000e+00
1.705428571428571627e-02 7.561285714285713766e+02 7.265426614430565166e+01 0.000000000000000000e+00
1.741714285714285673e-02 7.585142857142857338e+02 7.181127009960457031e+01 0.000000000000000000e+00
1.778000000000000067e-02 7.608999999999999773e+02 7.097860291316672487e+01 0.000000000000000000e+00
1.814285714285714460e-02 7.632857142857143344e+02 7.015621142136630795e+01 0.000000000000000000e+00
1.850571428571428853e-02 7.656714285714285779e+02 6.934403857137243676e+01 0.000000000000000000e+00
1.886857142857142899e-02 7.680571428571428214e+02 6.854202361053808090e+01 0.000000000000000000e+00
1.923142857142857293e-02 7.704428571428571786e+02 6.775010227740277458e+01 0.000000000000000000e+00
1.959428571428571686e-02 7.728285714285714221e+02 6.696820699306135793e+01 0.000000000000000000e+00
1.995714285714285732e-02 7.752142857142856656e+02 6.619626705182643889e+01 0.000000000000000000e+00
2.032000000000000126e-02 7.776000000000000227e+02 6.543420881025406288e+01 0.000000000000000000e+00
2.068285714285714519e-02 7.799857142857142662e+02 6.468195587373780597e+01 0.000000000000000000e+00
2.104571428571428565e-02 7.823714285714286234e+02 6.393942927999405157e+01 0.000000000000000000e+00
2.140857142857142958e-02 7.847571428571428669e+02 6.320654767886870218e+01 0.000000000000000000e+00
2.177142857142857352e-02 7.871428571428571104e+02 6.248322750798940461e+01 0.000000000000000000e+00
2.213428571428571745e-02 7.895285714285714675e+02 6.176938316387133199e+01 0.000000000000000000e+00
2.249714285714285791e-02 7.919142857142857110e+02 6.106492716816058675e+01 0.000000000000000000e+00
2.286000000000000185e-02 7.942999999999999545e+02 6.036977032876370686e+01 0.000000000000000000e+00
2.322285714285714578e-02 7.966857142857143117e+02 5.968382189567231677e+01 0.000000000000000000e+00
2.358571428571428624e-02 7.990714285714285552e+02 5.900698971134202964e+01 0.000000000000000000e+00
2.394857142857143018e-02 8.014571428571427987e+02 5.833918035553098491e+01 0.000000000000000000e+00
2.431142857142857411e-02 8.038428571428571558e+02 5.768029928454262745e+01 0.000000000000000000e+00
2.467428571428571804e-02 8.062285714285713993e+02 5.703025096485279732e+01 0.000000000000000000e+00
2.503714285714285850e-02 8.086142857142856428e+02 5.638893900112983459e+01 0.000000000000000000e+00
2.540000000000000244e-02 8.110000000000000000e+02 5.575626625868443398e+01 0.000000000000000000e+00
