      Position [m]           Temperature [K]            Css [wt.ppm]             Cp [wt.ppm]       
0.000000000000000000e+00 6.440000000000000000e+02 1.281686121564703740e+02 2.433953279813023528e+03
3.628571428571429028e-04 6.463857142857142435e+02 1.260943501192764131e+02 1.619592822194080554e+03
7.257142857142859140e-04 6.487714285714286007e+02 1.242360819904904474e+02 1.074665630548559193e+03
1.088571428571428763e-03 6.511571428571428442e+02 1.224860081842868880e+02 6.508633857061329309e+02
1.451428571428571611e-03 6.535428571428570876e+02 1.207424342043940442e+02 2.968817712628369350e+02
1.814285714285714677e-03 6.559285714285714448e+02 1.189532648780441946e+02 0.000000000000000000e+00
2.177142857142857092e-03 6.583142857142856883e+02 1.171977617772155043e+02 0.000000000000000000e+00
2.540000000000000157e-03 6.607000000000000455e+02 1.154747400068522865e+02 0.000000000000000000e+00
2.902857142857143222e-03 6.630857142857142890e+02 1.137831104257973891e+02 0.000000000000000000e+00
3.265714285714285854e-03 6.654714285714285325e+02 1.121218702560797027e+02 0.000000000000000000e+00
3.628571428571428920e-03 6.678571428571428896e+02 1.104900944490776737e+02 0.000000000000000000e+00
3.991428571428571985e-03 6.702428571428571331e+02 1.088869278114745072e+02 0.000000000000000000e+00
4.354285714285715050e-03 6.726285714285713766e+02 1.073115778420779662e+02 0.000000000000000000e+00
4.717142857142857248e-03 6.750142857142857338e+02 1.057633082325073559e+02 0.000000000000000000e+00
5.080000000000000314e-03 6.773999999999999773e+02 1.042414329861390883e+02 0.000000000000000000e+00
5.442857142857143379e-03 6.797857142857143344e+02 1.027453111110256714e+02 0.000000000000000000e+00
5.805714285714286445e-03 6.821714285714285779e+02 1.012743418438029153e+02 0.000000000000000000e+00
6.168571428571429510e-03 6.845571428571428214e+02 9.982796036296250008e+01 0.000000000000000000e+00
6.531428571428571708e-03 6.869428571428571786e+02 9.840563395137237990e+01 0.000000000000000000e+00
6.894285714285714774e-03 6.893285714285714221e+02 9.700685856956525299e+01 0.000000000000000000e+00
7.257142857142857839e-03 6.917142857142856656e+02 9.563115580311064434e+01 0.000000000000000000e+00
7.620000000000000905e-03 6.941000000000000227e+02 9.427807014932287188e+01 0.000000000000000000e+00
7.982857142857143970e-03 6.964857142857142662e+02 9.294716661060618890e+01 0.000000000000000000e+00
8.345714285714287903e-03 6.988714285714286234e+02 9.163802856387394513e+01 0.000000000000000000e+00
8.708571428571430101e-03 7.012571428571428669e+02 9.035025587766016031e+01 0.000000000000000000e+00
9.071428571428574034e-03 7.036428571428571104e+02 8.908346325073364369e+01 0.000000000000000000e+00
9.434285714285716232e-03 7.060285714285714675e+02 8.783727874819716419e+01 0.000000000000000000e+00
9.797142857142858430e-03 7.084142857142857110e+02 8.661134251316910593e+01 0.000000000000000000e+00
1.016000000000000236e-02 7.107999999999999545e+02 8.540530563418039378e+01 0.000000000000000000e+00
1.052285714285714456e-02 7.131857142857143117e+02 8.421882915036123052e+01 0.000000000000000000e+00
1.088571428571428849e-02 7.155714285714285552e+02 8.305158317830789372e+01 0.000000000000000000e+00
1.124857142857143069e-02 7.179571428571429124e+02 8.190324614622149113e+01 0.000000000000000000e+00
1.161142857142857289e-02 7.203428571428571558e+02 8.077350412247534450e+01 0.000000000000000000e+00
1.197428571428571682e-02 7.227285714285713993e+02 7.966205022719614703e+01 0.000000000000000000e+00
1.233714285714285902e-02 7.251142857142857565e+02 7.856858411675470677e+01 0.000000000000000000e+00
1.270000000000000295e-02 7.275000000000000000e+02 7.749281153223128626e+01 0.000000000000000000e+00
1.306285714285714515e-02 7.298857142857142435e+02 7.643444390397678490e+01 0.000000000000000000e+00
1.342571428571428735e-02 7.322714285714286007e+02 7.539319800533557725e+01 0.000000000000000000e+00
1.378857142857143128e-02 7.346571428571428442e+02 7.436879564942869081e+01 0.000000000000000000e+00
1.415142857142857348e-02 7.370428571428572013e+02 7.336096342364068335e+01 0.000000000000000000e+00
1.451428571428571741e-02 7.394285714285714448e+02 7.236943245710520500e+01 0.000000000000000000e+00
1.487714285714285961e-02 7.418142857142856883e+02 7.139393821705996857e+01 0.000000000000000000e+00
1.524000000000000181e-02 7.442000000000000455e+02 7.043422033044554098e+01 0.000000000000000000e+00
1.560285714285714574e-02 7.465857142857142890e+02 6.949002242756884584e+01 0.000000000000000000e+00
1.596571428571428794e-02 7.489714285714285325e+02 6.856109200503472323e+01 0.000000000000000000e+00
1.632857142857142840e-02 7.513571428571428896e+02 6.764718030549263972e+01 0.000000000000000000e+00
1.669142857142857234e-02 7.537428571428571331e+02 6.674804221203945076e+01 0.000000000000000000e+00
1.705428571428571627e-02 7.561285714285713766e+02 6.586343615537897733e+01 0.000000000000000000e+00
1.741714285714285673e-02 7.585142857142857338e+02 6.499312403206910460e+01 0.000000000000000000e+00
1.778000000000000067e-02 7.608999999999999773e+02 6.413687113238376014e+01 0.000000000000000000e+00
1.814285714285714460e-02 7.632857142857143344e+02 6.329444607649239174e+01 0.000000000000000000e+00
1.850571428571428853e-02 7.656714285714285779e+02 6.246562075781530865e+01 0.000000000000000000e+00
1.886857142857142899e-02 7.680571428571428214e+02 6.165017029254646275e+01 0.000000000000000000e+00
1.923142857142857293e-02 7.704428571428571786e+02 6.084787297445532772e+01 0.000000000000000000e+00
1.959428571428571686e-02 7.728285714285714221e+02 6.005851023418606616e+01 0.000000000000000000e+00
1.995714285714285732e-02 7.752142857142856656e+02 5.928186660236304562e+01 0.000000000000000000e+00
2.032000000000000126e-02 7.776000000000000227e+02 5.851772967589786845e+01 0.000000000000000000e+00
2.068285714285714519e-02 7.799857142857142662e+02 5.776589008696315375e+01 0.000000000000000000e+00
2.104571428571428565e-02 7.823714285714286234e+02 5.702614147416586832e+01 0.000000000000000000e+00
2.140857142857142958e-02 7.847571428571428669e+02 5.629828045551060711e+01 0.000000000000000000e+00
2.177142857142857352e-02 7.871428571428571104e+02 5.558210660279357285e+01 0.000000000000000000e+00
2.213428571428571745e-02 7.895285714285714675e+02 5.487742241711750069e+01 0.000000000000000000e+00
2.249714285714285791e-02 7.919142857142857110e+02 5.418403330525487149e+01 0.000000000000000000e+00
2.286000000000000185e-02 7.942999999999999545e+02 5.350174755662651904e+01 0.000000000000000000e+00
2.322285714285714578e-02 7.966857142857143117e+02 5.283037632069382994e+01 0.000000000000000000e+00
2.358571428571428624e-02 7.990714285714285552e+02 5.216973358459350862e+01 0.000000000000000000e+00
2.394857142857143018e-02 8.014571428571427987e+02 5.151963615086770432e+01 0.000000000000000000e+00
2.431142857142857411e-02 8.038428571428571558e+02 5.087990361516815341e+01 0.000000000000000000e+00
2.467428571428571804e-02 8.062285714285713993e+02 5.025035834383069044e+01 0.000000000000000000e+00
2.503714285714285850e-02 8.086142857142856428e+02 4.963082545123744183e+01 0.000000000000000000e+00
2.540000000000000244e-02 8.110000000000000000e+02 4.902113277689855408e+01 0.000000000000000000e+00
