      Position [m]           Temperature [K]            Css [wt.ppm]             Cp [wt.ppm]       
0.000000000000000000e+00 7.000000000000000000e+02 2.345042533246065943e+02 4.857987109555254392e+03
3.628571428571429028e-04 7.023714285714286234e+02 2.324128827870791270e+02 2.136938792417040531e+03
7.257142857142859140e-04 7.047428571428571331e+02 2.303051674000701894e+02 1.221391171707552985e+03
1.088571428571428763e-03 7.071142857142857565e+02 2.281638577259885494e+02 5.923605127811689499e+02
1.451428571428571611e-03 7.094857142857142662e+02 2.259813814868257396e+02 1.033769755754984061e+02
1.814285714285714677e-03 7.118571428571428896e+02 2.237568621030181362e+02 0.000000000000000000e+00
2.177142857142857092e-03 7.142285714285713993e+02 2.215642895014077283e+02 0.000000000000000000e+00
2.540000000000000157e-03 7.166000000000000227e+02 2.194028901652033028e+02 0.000000000000000000e+00
2.902857142857143222e-03 7.189714285714285325e+02 2.172719301454549452e+02 0.000000000000000000e+00
3.265714285714285854e-03 7.213428571428571558e+02 2.151707122586750529e+02 0.000000000000000000e+00
3.628571428571428920e-03 7.237142857142856656e+02 2.130985734817090815e+02 0.000000000000000000e+00
3.991428571428571985e-03 7.260857142857142890e+02 2.110548825315535453e+02 0.000000000000000000e+00
4.354285714285715050e-03 7.284571428571429124e+02 2.090390376183826504e+02 0.000000000000000000e+00
4.717142857142857248e-03 7.308285714285714221e+02 2.070504643606277284e+02 0.000000000000000000e+00
5.080000000000000314e-03 7.332000000000000455e+02 2.050886138515145376e+02 0.000000000000000000e+00
5.442857142857143379e-03 7.355714285714285552e+02 2.031529608670542189e+02 0.000000000000000000e+00
5.805714285714286445e-03 7.379428571428571786e+02 2.012430022059700718e+02 0.000000000000000000e+00
6.168571428571429510e-03 7.403142857142856883e+02 1.993582551526512816e+02 0.000000000000000000e+00
6.531428571428571708e-03 7.426857142857143117e+02 1.974982560546736750e+02 0.000000000000000000e+00
6.894285714285714774e-03 7.450571428571428214e+02 1.956625590069647558e+02 0.000000000000000000e+00
7.257142857142857839e-03 7.474285714285714448e+02 1.938507346351454146e+02 0.000000000000000000e+00
7.620000000000000905e-03 7.497999999999999545e+02 1.920623689710492954e+02 0.000000000000000000e+00
7.982857142857143970e-03 7.521714285714285779e+02 1.902970624138504547e+02 0.000000000000000000e+00
8.345714285714287903e-03 7.545428571428572013e+02 1.885544287706490536e+02 0.000000000000000000e+00
8.708571428571430101e-03 7.569142857142857110e+02 1.868340943707560484e+02 0.000000000000000000e+00
9.071428571428574034e-03 7.592857142857143344e+02 1.851356972482986691e+02 0.000000000000000000e+00
9.434285714285716232e-03 7.616571428571428442e+02 1.834588863881174063e+02 0.000000000000000000e+00
9.797142857142858430e-03 7.640285714285714675e+02 1.818033210302646125e+02 0.000000000000000000e+00
1.016000000000000236e-02 7.663999999999999773e+02 1.801686700287284850e+02 0.000000000000000000e+00
1.052285714285714456e-02 7.687714285714286007e+02 1.785546112603097697e+02 0.000000000000000000e+00
1.088571428571428849e-02 7.711428571428571104e+02 1.769608310798541027e+02 0.000000000000000000e+00
1.124857142857143069e-02 7.735142857142857338e+02 1.753870238183077106e+02 0.000000000000000000e+00
1.161142857142857289e-02 7.758857142857142435e+02 1.738328913203169463e+02 0.000000000000000000e+00
1.197428571428571682e-02 7.782571428571428669e+02 1.722981425183174053e+02 0.000000000000000000e+00
1.233714285714285902e-02 7.806285714285713766e+02 1.707824930402852885e+02 0.000000000000000000e+00
1.270000000000000295e-02 7.830000000000000000e+02 1.692856648485160065e+02 0.000000000000000000e+00
1.306285714285714515e-02 7.853714285714286234e+02 1.678073859069967000e+02 0.000000000000000000e+00
1.342571428571428735e-02 7.877428571428571331e+02 1.663473898751117588e+02 0.000000000000000000e+00
1.378857142857143128e-02 7.901142857142857565e+02 1.649054158255880225e+02 0.000000000000000000e+00
1.415142857142857348e-02 7.924857142857142662e+02 1.634812079847375230e+02 0.000000000000000000e+00
1.451428571428571741e-02 7.948571428571428896e+02 1.620745154932133687e+02 0.000000000000000000e+00
1.487714285714285961e-02 7.972285714285713993e+02 1.606850921856095340e+02 0.000000000000000000e+00
1.524000000000000181e-02 7.996000000000000227e+02 1.593126963873769739e+02 0.000000000000000000e+00
1.560285714285714574e-02 8.019714285714285325e+02 1.579570907276385299e+02 0.000000000000000000e+00
1.596571428571428794e-02 8.043428571428571558e+02 1.566180419665921590e+02 0.000000000000000000e+00
1.632857142857142840e-02 8.067142857142856656e+02 1.552953208362980888e+02 0.000000000000000000e+00
1.669142857142857234e-02 8.090857142857142890e+02 1.539887018937324399e+02 0.000000000000000000e+00
1.705428571428571627e-02 8.114571428571427987e+02 1.526979633850835967e+02 0.000000000000000000e+00
1.741714285714285673e-02 8.138285714285714221e+02 1.514228871203409597e+02 0.000000000000000000e+00
1.778000000000000067e-02 8.162000000000000455e+02 1.501632583573088482e+02 0.000000000000000000e+00
1.814285714285714460e-02 8.185714285714285552e+02 1.489188656942381783e+02 0.000000000000000000e+00
1.850571428571428853e-02 8.209428571428571786e+02 1.476895009703410153e+02 0.000000000000000000e+00
1.886857142857142899e-02 8.233142857142856883e+02 1.464749591735076990e+02 0.000000000000000000e+00
1.923142857142857293e-02 8.256857142857143117e+02 1.452750383546011221e+02 0.000000000000000000e+00
1.959428571428571686e-02 8.280571428571428214e+02 1.440895395477564307e+02 0.000000000000000000e+00
1.995714285714285732e-02 8.304285714285714448e+02 1.429182666961586108e+02 0.000000000000000000e+00
2.032000000000000126e-02 8.327999999999999545e+02 1.417610265828153615e+02 0.000000000000000000e+00
2.068285714285714519e-02 8.351714285714285779e+02 1.406176287658833246e+02 0.000000000000000000e+00
2.104571428571428565e-02 8.375428571428570876e+02 1.394878855181378583e+02 0.000000000000000000e+00
2.140857142857142958e-02 8.399142857142857110e+02 1.383716117702182942e+02 0.000000000000000000e+00
2.177142857142857352e-02 8.422857142857142208e+02 1.372686250573082418e+02 0.000000000000000000e+00
2.213428571428571745e-02 8.446571428571428442e+02 1.361787454689355172e+02 0.000000000000000000e+00
2.249714285714285791e-02 8.470285714285714675e+02 1.351017956016120820e+02 0.000000000000000000e+00
2.286000000000000185e-02 8.493999999999999773e+02 1.340376005140499274e+02 0.000000000000000000e+00
2.322285714285714578e-02 8.517714285714286007e+02 1.329859876847182534e+02 0.000000000000000000e+00
2.358571428571428624e-02 8.541428571428571104e+02 1.319467869715237498e+02 0.000000000000000000e+00
2.394857142857143018e-02 8.565142857142857338e+02 1.309198305734170447e+02 0.000000000000000000e+00
2.431142857142857411e-02 8.588857142857142435e+02 1.299049529937466332e+02 0.000000000000000000e+00
2.467428571428571804e-02 8.612571428571428669e+02 1.289019910051946454e+02 0.000000000000000000e+00
2.503714285714285850e-02 8.636285714285713766e+02 1.279107836161481657e+02 0.000000000000000000e+00
2.540000000000000244e-02 8.660000000000000000e+02 1.269311720383692119e+02 0.000000000000000000e+00
