      Position [m]           Temperature [K]            Css [wt.ppm]             Cp [wt.ppm]       
0.000000000000000000e+00 7.000000000000000000e+02 2.382277589775039246e+02 1.400501513111541317e+04
3.628571428571429028e-04 7.031714285714285779e+02 2.375529672636383225e+02 2.743226531303813317e+03
7.257142857142859140e-04 7.063428571428571558e+02 2.375582662650990358e+02 1.579540221376896625e+03
1.088571428571428763e-03 7.095142857142857338e+02 2.372146945544425307e+02 8.299868007824186407e+02
1.451428571428571611e-03 7.126857142857143117e+02 2.363301210277215034e+02 2.414339777418614403e+02
1.814285714285714677e-03 7.158571428571428896e+02 2.349284612918361006e+02 0.000000000000000000e+00
2.177142857142857092e-03 7.190285714285714675e+02 2.335159901640536759e+02 0.000000000000000000e+00
2.540000000000000157e-03 7.222000000000000455e+02 2.320936534850840758e+02 0.000000000000000000e+00
2.902857142857143222e-03 7.253714285714286234e+02 2.306624148331298443e+02 0.000000000000000000e+00
3.265714285714285854e-03 7.285428571428570876e+02 2.292232457637189782e+02 0.000000000000000000e+00
3.628571428571428920e-03 7.317142857142856656e+02 2.277771175368572187e+02 0.000000000000000000e+00
3.991428571428571985e-03 7.348857142857142435e+02 2.263249941485429133e+02 0.000000000000000000e+00
4.354285714285715050e-03 7.380571428571428214e+02 2.248678265043990905e+02 0.000000000000000000e+00
4.717142857142857248e-03 7.412285714285713993e+02 2.234065475916671915e+02 0.000000000000000000e+00
5.080000000000000314e-03 7.443999999999999773e+02 2.219420685222821987e+02 0.000000000000000000e+00
5.442857142857143379e-03 7.475714285714285552e+02 2.204752753344370433e+02 0.000000000000000000e+00
5.805714285714286445e-03 7.507428571428571331e+02 2.190070264531102282e+02 0.000000000000000000e+00
6.168571428571429510e-03 7.539142857142857110e+02 2.175381507216644650e+02 0.000000000000000000e+00
6.531428571428571708e-03 7.570857142857142890e+02 2.160694459269648746e+02 0.000000000000000000e+00
6.894285714285714774e-03 7.602571428571428669e+02 2.146016777496557211e+02 0.000000000000000000e+00
7.257142857142857839e-03 7.634285714285714448e+02 2.131355790793963649e+02 0.000000000000000000e+00
7.620000000000000905e-03 7.666000000000000227e+02 2.116718496421049167e+02 0.000000000000000000e+00
7.982857142857143970e-03 7.697714285714286007e+02 2.102111558926848147e+02 0.000000000000000000e+00
8.345714285714287903e-03 7.729428571428571786e+02 2.087541311324114019e+02 0.000000000000000000e+00
8.708571428571430101e-03 7.761142857142857565e+02 2.073013758152031301e+02 0.000000000000000000e+00
9.071428571428574034e-03 7.792857142857143344e+02 2.058534580114771870e+02 0.000000000000000000e+00
9.434285714285716232e-03 7.824571428571429124e+02 2.044109140022472104e+02 0.000000000000000000e+00
9.797142857142858430e-03 7.856285714285713766e+02 2.029742489796255711e+02 0.000000000000000000e+00
1.016000000000000236e-02 7.887999999999999545e+02 2.015439378329803617e+02 0.000000000000000000e+00
1.052285714285714456e-02 7.919714285714285325e+02 2.001204260027400608e+02 0.000000000000000000e+00
1.088571428571428849e-02 7.951428571428571104e+02 1.987041303862412178e+02 0.000000000000000000e+00
1.124857142857143069e-02 7.983142857142856883e+02 1.972954402821506505e+02 0.000000000000000000e+00
1.161142857142857289e-02 8.014857142857142662e+02 1.958947183618600434e+02 0.000000000000000000e+00
1.197428571428571682e-02 8.046571428571428442e+02 1.945023016579060879e+02 0.000000000000000000e+00
1.233714285714285902e-02 8.078285714285714221e+02 1.931185025609151751e+02 0.000000000000000000e+00
1.270000000000000295e-02 8.110000000000000000e+02 1.917436098178467603e+02 0.000000000000000000e+00
1.306285714285714515e-02 8.141714285714285779e+02 1.903778895254262409e+02 0.000000000000000000e+00
1.342571428571428735e-02 8.173428571428571558e+02 1.890215861136385058e+02 0.000000000000000000e+00
1.378857142857143128e-02 8.205142857142857338e+02 1.876749233150050031e+02 0.000000000000000000e+00
1.415142857142857348e-02 8.236857142857143117e+02 1.863381051161175606e+02 0.000000000000000000e+00
1.451428571428571741e-02 8.268571428571428896e+02 1.850113166885537339e+02 0.000000000000000000e+00
1.487714285714285961e-02 8.300285714285714675e+02 1.836947252968619182e+02 0.000000000000000000e+00
1.524000000000000181e-02 8.332000000000000455e+02 1.823884811817998752e+02 0.000000000000000000e+00
1.560285714285714574e-02 8.363714285714286234e+02 1.810927184174331899e+02 0.000000000000000000e+00
1.596571428571428794e-02 8.395428571428572013e+02 1.798075557410696490e+02 0.000000000000000000e+00
1.632857142857142840e-02 8.427142857142856656e+02 1.785330973553210470e+02 0.000000000000000000e+00
1.669142857142857234e-02 8.458857142857142435e+02 1.772694337018538988e+02 0.000000000000000000e+00
1.705428571428571627e-02 8.490571428571428214e+02 1.760166422066249936e+02 0.000000000000000000e+00
1.741714285714285673e-02 8.522285714285713993e+02 1.747747879965914706e+02 0.000000000000000000e+00
1.778000000000000067e-02 8.553999999999999773e+02 1.735439245880533576e+02 0.000000000000000000e+00
1.814285714285714460e-02 8.585714285714285552e+02 1.723240945469247833e+02 0.000000000000000000e+00
1.850571428571428853e-02 8.617428571428571331e+02 1.711153301213468012e+02 0.000000000000000000e+00
1.886857142857142899e-02 8.649142857142857110e+02 1.699176538471508593e+02 0.000000000000000000e+00
1.923142857142857293e-02 8.680857142857142890e+02 1.687310791267593117e+02 0.000000000000000000e+00
1.959428571428571686e-02 8.712571428571428669e+02 1.675556107821708736e+02 0.000000000000000000e+00
1.995714285714285732e-02 8.744285714285714448e+02 1.663912455827324663e+02 0.000000000000000000e+00
2.032000000000000126e-02 8.776000000000000227e+02 1.652379727484254488e+02 0.000000000000000000e+00
2.068285714285714519e-02 8.807714285714286007e+02 1.640957744294416614e+02 0.000000000000000000e+00
2.104571428571428565e-02 8.839428571428570649e+02 1.629646261628189166e+02 0.000000000000000000e+00
2.140857142857142958e-02 8.871142857142856428e+02 1.618444973069357786e+02 0.000000000000000000e+00
2.177142857142857352e-02 8.902857142857142208e+02 1.607353514546629469e+02 0.000000000000000000e+00
2.213428571428571745e-02 8.934571428571427987e+02 1.596371468259682445e+02 0.000000000000000000e+00
2.249714285714285791e-02 8.966285714285713766e+02 1.585498366407697119e+02 0.000000000000000000e+00
2.286000000000000185e-02 8.997999999999999545e+02 1.574733694728217017e+02 0.000000000000000000e+00
2.322285714285714578e-02 9.029714285714285325e+02 1.564076895854052225e+02 0.000000000000000000e+00
2.358571428571428624e-02 9.061428571428571104e+02 1.553527372495893530e+02 0.000000000000000000e+00
2.394857142857143018e-02 9.093142857142856883e+02 1.543084490457810034e+02 0.000000000000000000e+00
2.431142857142857411e-02 9.124857142857142662e+02 1.532747581493318023e+02 0.000000000000000000e+00
2.467428571428571804e-02 9.156571428571428442e+02 1.522515946008623757e+02 0.000000000000000000e+00
2.503714285714285850e-02 9.188285714285714221e+02 1.512388855620124559e+02 0.000000000000000000e+00
2.540000000000000244e-02 9.220000000000000000e+02 1.502365555572714868e+02 0.000000000000000000e+00
