      Position [m]           Temperature [K]            Css [wt.ppm]             Cp [wt.ppm]       
0.000000000000000000e+00 6.440000000000000000e+02 1.327504103478043476e+02 3.899179644430931148e+03
3.628571428571429028e-04 6.471714285714285779e+02 1.313289853405279359e+02 2.209500706745052867e+03
7.257142857142859140e-04 6.503428571428571558e+02 1.300134125712193622e+02 1.424525033131856389e+03
1.088571428571428763e-03 6.535142857142857338e+02 1.286768831997939628e+02 8.617801248619961143e+02
1.451428571428571611e-03 6.566857142857143117e+02 1.272583491248425105e+02 4.094885677649910463e+02
1.814285714285714677e-03 6.598571428571428896e+02 1.257373028045224288e+02 2.582759816132238129e+01
2.177142857142857092e-03 6.630285714285714675e+02 1.241127579930975031e+02 0.000000000000000000e+00
2.540000000000000157e-03 6.662000000000000455e+02 1.225150284059037915e+02 0.000000000000000000e+00
2.902857142857143222e-03 6.693714285714286234e+02 1.209435130705682582e+02 0.000000000000000000e+00
3.265714285714285854e-03 6.725428571428570876e+02 1.193976566866444813e+02 0.000000000000000000e+00
3.628571428571428920e-03 6.757142857142856656e+02 1.178769431771186049e+02 0.000000000000000000e+00
3.991428571428571985e-03 6.788857142857142435e+02 1.163808900950811420e+02 0.000000000000000000e+00
4.354285714285715050e-03 6.820571428571428214e+02 1.149090437834503433e+02 0.000000000000000000e+00
4.717142857142857248e-03 6.852285714285713993e+02 1.134609751967440872e+02 0.000000000000000000e+00
5.080000000000000314e-03 6.883999999999999773e+02 1.120362763039401131e+02 0.000000000000000000e+00
5.442857142857143379e-03 6.915714285714285552e+02 1.106345570005095595e+02 0.000000000000000000e+00
5.805714285714286445e-03 6.947428571428571331e+02 1.092554424658395078e+02 0.000000000000000000e+00
6.168571428571429510e-03 6.979142857142857110e+02 1.078985709095581740e+02 0.000000000000000000e+00
6.531428571428571708e-03 7.010857142857142890e+02 1.065635916568056558e+02 0.000000000000000000e+00
6.894285714285714774e-03 7.042571428571428669e+02 1.052501635283331325e+02 0.000000000000000000e+00
7.257142857142857839e-03 7.074285714285714448e+02 1.039579534765193216e+02 0.000000000000000000e+00
7.620000000000000905e-03 7.106000000000000227e+02 1.026866354430383410e+02 0.000000000000000000e+00
7.982857142857143970e-03 7.137714285714286007e+02 1.014358894080362177e+02 0.000000000000000000e+00
8.345714285714287903e-03 7.169428571428571786e+02 1.002054006043469059e+02 0.000000000000000000e+00
8.708571428571430101e-03 7.201142857142857565e+02 9.899485887353020530e+01 0.000000000000000000e+00
9.071428571428574034e-03 7.232857142857143344e+02 9.780395814339640026e+01 0.000000000000000000e+00
9.434285714285716232e-03 7.264571428571429124e+02 9.663239600924562467e+01 0.000000000000000000e+00
9.797142857142858430e-03 7.296285714285713766e+02 9.547987340329251538e+01 0.000000000000000000e+00
1.016000000000000236e-02 7.327999999999999545e+02 9.434609433875094453e+01 0.000000000000000000e+00
1.052285714285714456e-02 7.359714285714285325e+02 9.323076571680955738e+01 0.000000000000000000e+00
1.088571428571428849e-02 7.391428571428571104e+02 9.213359718627566508e+01 0.000000000000000000e+00
1.124857142857143069e-02 7.423142857142856883e+02 9.105430104703201266e+01 0.000000000000000000e+00
1.161142857142857289e-02 7.454857142857142662e+02 8.999259218964516549e+01 0.000000000000000000e+00
1.197428571428571682e-02 7.486571428571428442e+02 8.894818806452494186e+01 0.000000000000000000e+00
1.233714285714285902e-02 7.518285714285714221e+02 8.792080867494668439e+01 0.000000000000000000e+00
1.270000000000000295e-02 7.550000000000000000e+02 8.691017658906514498e+01 0.000000000000000000e+00
1.306285714285714515e-02 7.581714285714285779e+02 8.591601696675333244e+01 0.000000000000000000e+00
1.342571428571428735e-02 7.613428571428571558e+02 8.493805759771589692e+01 0.000000000000000000e+00
1.378857142857143128e-02 7.645142857142857338e+02 8.397602894786699324e+01 0.000000000000000000e+00
1.415142857142857348e-02 7.676857142857143117e+02 8.302966421143267439e+01 0.000000000000000000e+00
1.451428571428571741e-02 7.708571428571428896e+02 8.209869936664382806e+01 0.000000000000000000e+00
1.487714285714285961e-02 7.740285714285714675e+02 8.118287323324190652e+01 0.000000000000000000e+00
1.524000000000000181e-02 7.772000000000000455e+02 8.028192753032304552e+01 0.000000000000000000e+00
1.560285714285714574e-02 7.803714285714286234e+02 7.939560693331642938e+01 0.000000000000000000e+00
1.596571428571428794e-02 7.835428571428572013e+02 7.852365912911611190e+01 0.000000000000000000e+00
1.632857142857142840e-02 7.867142857142856656e+02 7.766583486858453966e+01 0.000000000000000000e+00
1.669142857142857234e-02 7.898857142857142435e+02 7.682188801581513360e+01 0.000000000000000000e+00
1.705428571428571627e-02 7.930571428571428214e+02 7.599157559368367743e+01 0.000000000000000000e+00
1.741714285714285673e-02 7.962285714285713993e+02 7.517465782534119967e+01 0.000000000000000000e+00
1.778000000000000067e-02 7.993999999999999773e+02 7.437089817140648051e+01 0.000000000000000000e+00
1.814285714285714460e-02 8.025714285714285552e+02 7.358006336270210568e+01 0.000000000000000000e+00
1.850571428571428853e-02 8.057428571428571331e+02 7.280192342845322173e+01 0.000000000000000000e+00
1.886857142857142899e-02 8.089142857142857110e+02 7.203625171992830190e+01 0.000000000000000000e+00
1.923142857142857293e-02 8.120857142857142890e+02 7.128282492955304406e+01 0.000000000000000000e+00
1.959428571428571686e-02 8.152571428571428669e+02 7.054142310556895268e+01 0.000000000000000000e+00
1.995714285714285732e-02 8.184285714285714448e+02 6.981182966234366916e+01 0.000000000000000000e+00
2.032000000000000126e-02 8.216000000000000227e+02 6.909383138646374789e+01 0.000000000000000000e+00
2.068285714285714519e-02 8.247714285714286007e+02 6.838721843876673745e+01 0.000000000000000000e+00
2.104571428571428565e-02 8.279428571428570649e+02 6.769178435247958703e+01 0.000000000000000000e+00
2.140857142857142958e-02 8.311142857142856428e+02 6.700732602764615820e+01 0.000000000000000000e+00
2.177142857142857352e-02 8.342857142857142208e+02 6.633364372203431003e+01 0.000000000000000000e+00
2.213428571428571745e-02 8.374571428571427987e+02 6.567054103871606685e+01 0.000000000000000000e+00
2.249714285714285791e-02 8.406285714285713766e+02 6.501782491051939417e+01 0.000000000000000000e+00
2.286000000000000185e-02 8.437999999999999545e+02 6.437530558154863058e+01 0.000000000000000000e+00
2.322285714285714578e-02 8.469714285714285325e+02 6.374279658597095732e+01 0.000000000000000000e+00
2.358571428571428624e-02 8.501428571428571104e+02 6.312011472426168268e+01 0.000000000000000000e+00
2.394857142857143018e-02 8.533142857142856883e+02 6.250708003709838323e+01 0.000000000000000000e+00
2.431142857142857411e-02 8.564857142857142662e+02 6.190351577708842257e+01 0.000000000000000000e+00
2.467428571428571804e-02 8.596571428571428442e+02 6.130924837850883335e+01 0.000000000000000000e+00
2.503714285714285850e-02 8.628285714285714221e+02 6.072410742523116767e+01 0.000000000000000000e+00
2.540000000000000244e-02 8.660000000000000000e+02 6.014792561699770346e+01 0.000000000000000000e+00
