        Time [s]             Temperature [°C]    
2.853734528708464495e+04 2.500000000000000000e+02
2.488528295511078250e+04 2.550000000000000000e+02
2.173082246284134453e+04 2.600000000000000000e+02
1.907952346262518768e+04 2.650000000000000000e+02
1.700268674718887996e+04 2.700000000000000000e+02
1.524537687379280578e+04 2.750000000000000000e+02
1.388295473125054377e+04 2.800000000000000000e+02
1.279047873846711627e+04 2.850000000000000000e+02
1.199086679326890226e+04 2.900000000000000000e+02
1.141105929847568950e+04 2.950000000000000000e+02
1.105326193002261243e+04 3.000000000000000000e+02
1.089020611816154087e+04 3.050000000000000000e+02
1.102518897407454097e+04 3.100000000000000000e+02
1.135584985019826672e+04 3.150000000000000000e+02
1.198519738421664806e+04 3.200000000000000000e+02
1.318484023845530828e+04 3.250000000000000000e+02
1.506587097564765827e+04 3.300000000000000000e+02
