Results for node = 1
    time [s]    temperature [K]    growth [/]    nucleation [/]   Css [wt.ppm]    Cp [wt.ppm]   
   0.0000E+00      6.9678E+02      0.0000E+00      0.0000E+00      2.0500E+02      0.0000E+00   
   4.1873E+01      6.8980E+02      0.0000E+00      0.0000E+00      2.0500E+02      0.0000E+00   
   1.2250E+02      6.7636E+02      0.0000E+00      0.0000E+00      2.0500E+02      0.0000E+00   
   2.0325E+02      6.6290E+02      0.0000E+00      0.0000E+00      2.0500E+02      0.0000E+00   
   2.8455E+02      6.4935E+02      0.0000E+00      0.0000E+00      2.0500E+02      0.0000E+00   
   3.6652E+02      6.3569E+02      0.0000E+00      0.0000E+00      2.0500E+02      0.0000E+00   
   4.4707E+02      6.2227E+02      0.0000E+00      0.0000E+00      2.0500E+02      0.0000E+00   
   5.2829E+02      6.0873E+02      0.0000E+00      0.0000E+00      2.0500E+02      0.0000E+00   
   6.1116E+02      5.9492E+02      2.9638E-02      9.7036E-01      1.9707E+02      7.9262E+00   
   6.9343E+02      5.8121E+02      4.4864E-02      9.5514E-01      1.7552E+02      2.9476E+01   
   7.7605E+02      5.6744E+02      5.2518E-02      9.4748E-01      1.5228E+02      5.2718E+01   
   8.6170E+02      5.5316E+02      4.9378E-02      9.5062E-01      1.3056E+02      7.4442E+01   
   9.4674E+02      5.3899E+02      3.9118E-02      9.6088E-01      1.1174E+02      9.3262E+01   
   1.0269E+03      5.2562E+02      2.8262E-02      9.7174E-01      9.6514E+01      1.0849E+02   
   1.1120E+03      5.2300E+02      1.0000E+00      0.0000E+00      9.2579E+01      1.1242E+02   
   1.1964E+03      5.2300E+02      1.0000E+00      0.0000E+00      9.2182E+01      1.1282E+02   
   1.2808E+03      5.2300E+02      1.0000E+00      0.0000E+00      9.1786E+01      1.1321E+02   
   1.3652E+03      5.2300E+02      1.0000E+00      0.0000E+00      9.1391E+01      1.1361E+02   
   1.4496E+03      5.2300E+02      1.0000E+00      0.0000E+00      9.0997E+01      1.1400E+02   
   1.5341E+03      5.2300E+02      1.0000E+00      0.0000E+00      9.0605E+01      1.1440E+02   
   1.6185E+03      5.2300E+02      1.0000E+00      0.0000E+00      9.0213E+01      1.1479E+02   
   1.7029E+03      5.2300E+02      1.0000E+00      0.0000E+00      8.9822E+01      1.1518E+02   
   1.7874E+03      5.2300E+02      1.0000E+00      0.0000E+00      8.9433E+01      1.1557E+02   
   1.8718E+03      5.2300E+02      1.0000E+00      0.0000E+00      8.9044E+01      1.1596E+02   
   1.9563E+03      5.2300E+02      1.0000E+00      0.0000E+00      8.8657E+01      1.1634E+02   
   2.0408E+03      5.2300E+02      1.0000E+00      0.0000E+00      8.8271E+01      1.1673E+02   
   2.1252E+03      5.2300E+02      1.0000E+00      0.0000E+00      8.7886E+01      1.1711E+02   
   2.2097E+03      5.2300E+02      1.0000E+00      0.0000E+00      8.7502E+01      1.1750E+02   
   2.2942E+03      5.2300E+02      1.0000E+00      0.0000E+00      8.7119E+01      1.1788E+02   
   2.3787E+03      5.2300E+02      1.0000E+00      0.0000E+00      8.6737E+01      1.1826E+02   
   2.4632E+03      5.2300E+02      1.0000E+00      0.0000E+00      8.6357E+01      1.1864E+02   
   2.5477E+03      5.2300E+02      1.0000E+00      0.0000E+00      8.5978E+01      1.1902E+02   
   2.6322E+03      5.2300E+02      1.0000E+00      0.0000E+00      8.5600E+01      1.1940E+02   
   2.7167E+03      5.2300E+02      1.0000E+00      0.0000E+00      8.5223E+01      1.1978E+02   
   2.8013E+03      5.2300E+02      1.0000E+00      0.0000E+00      8.4847E+01      1.2015E+02   
   2.8858E+03      5.2300E+02      1.0000E+00      0.0000E+00      8.4472E+01      1.2053E+02   
   2.9703E+03      5.2300E+02      1.0000E+00      0.0000E+00      8.4099E+01      1.2090E+02   
   3.0549E+03      5.2300E+02      1.0000E+00      0.0000E+00      8.3727E+01      1.2127E+02   
   3.1394E+03      5.2300E+02      1.0000E+00      0.0000E+00      8.3356E+01      1.2164E+02   
   3.2240E+03      5.2300E+02      1.0000E+00      0.0000E+00      8.2987E+01      1.2201E+02   
   3.3086E+03      5.2300E+02      1.0000E+00      0.0000E+00      8.2618E+01      1.2238E+02   
   3.3931E+03      5.2300E+02      1.0000E+00      0.0000E+00      8.2251E+01      1.2275E+02   
   3.4777E+03      5.2300E+02      1.0000E+00      0.0000E+00      8.1885E+01      1.2311E+02   
   3.5623E+03      5.2300E+02      1.0000E+00      0.0000E+00      8.1521E+01      1.2348E+02   
   3.6469E+03      5.2300E+02      1.0000E+00      0.0000E+00      8.1157E+01      1.2384E+02   
   3.7315E+03      5.2300E+02      1.0000E+00      0.0000E+00      8.0795E+01      1.2420E+02   
   3.8161E+03      5.2300E+02      1.0000E+00      0.0000E+00      8.0434E+01      1.2457E+02   
   3.9007E+03      5.2300E+02      1.0000E+00      0.0000E+00      8.0075E+01      1.2492E+02   
   3.9853E+03      5.2300E+02      1.0000E+00      0.0000E+00      7.9717E+01      1.2528E+02   
   4.0700E+03      5.2300E+02      1.0000E+00      0.0000E+00      7.9360E+01      1.2564E+02   
   4.1546E+03      5.2300E+02      1.0000E+00      0.0000E+00      7.9005E+01      1.2600E+02   
   4.2392E+03      5.2300E+02      1.0000E+00      0.0000E+00      7.8650E+01      1.2635E+02   
   4.3239E+03      5.2300E+02      1.0000E+00      0.0000E+00      7.8297E+01      1.2670E+02   
   4.4085E+03      5.2300E+02      1.0000E+00      0.0000E+00      7.7946E+01      1.2705E+02   
   4.4932E+03      5.2300E+02      1.0000E+00      0.0000E+00      7.7596E+01      1.2740E+02   
   4.5778E+03      5.2300E+02      1.0000E+00      0.0000E+00      7.7247E+01      1.2775E+02   
   4.6625E+03      5.2300E+02      1.0000E+00      0.0000E+00      7.6899E+01      1.2810E+02   
   4.7472E+03      5.2300E+02      1.0000E+00      0.0000E+00      7.6553E+01      1.2845E+02   
   4.8319E+03      5.2300E+02      1.0000E+00      0.0000E+00      7.6209E+01      1.2879E+02   
   4.9165E+03      5.2300E+02      1.0000E+00      0.0000E+00      7.5865E+01      1.2913E+02   
   5.0012E+03      5.2300E+02      1.0000E+00      0.0000E+00      7.5523E+01      1.2948E+02   
   5.0859E+03      5.2300E+02      1.0000E+00      0.0000E+00      7.5182E+01      1.2982E+02   
   5.1706E+03      5.2300E+02      1.0000E+00      0.0000E+00      7.4843E+01      1.3016E+02   
   5.2554E+03      5.2300E+02      1.0000E+00      0.0000E+00      7.4505E+01      1.3049E+02   
   5.3401E+03      5.2300E+02      1.0000E+00      0.0000E+00      7.4169E+01      1.3083E+02   
   5.4248E+03      5.2300E+02      1.0000E+00      0.0000E+00      7.3834E+01      1.3117E+02   
   5.5095E+03      5.2300E+02      1.0000E+00      0.0000E+00      7.3500E+01      1.3150E+02   
   5.5943E+03      5.2300E+02      1.0000E+00      0.0000E+00      7.3168E+01      1.3183E+02   
   5.6790E+03      5.2300E+02      1.0000E+00      0.0000E+00      7.2837E+01      1.3216E+02   
   5.7637E+03      5.2300E+02      1.0000E+00      0.0000E+00      7.2508E+01      1.3249E+02   
   5.8485E+03      5.2300E+02      1.0000E+00      0.0000E+00      7.2180E+01      1.3282E+02   
   5.9333E+03      5.2300E+02      1.0000E+00      0.0000E+00      7.1853E+01      1.3315E+02   
   6.0180E+03      5.2300E+02      1.0000E+00      0.0000E+00      7.1528E+01      1.3347E+02   
   6.1028E+03      5.2300E+02      1.0000E+00      0.0000E+00      7.1204E+01      1.3380E+02   
   6.1876E+03      5.2300E+02      1.0000E+00      0.0000E+00      7.0882E+01      1.3412E+02   
   6.2723E+03      5.2300E+02      1.0000E+00      0.0000E+00      7.0561E+01      1.3444E+02   
   6.3571E+03      5.2300E+02      1.0000E+00      0.0000E+00      7.0242E+01      1.3476E+02   
   6.4419E+03      5.2300E+02      1.0000E+00      0.0000E+00      6.9924E+01      1.3508E+02   
   6.5267E+03      5.2300E+02      1.0000E+00      0.0000E+00      6.9608E+01      1.3539E+02   
   6.6115E+03      5.2300E+02      1.0000E+00      0.0000E+00      6.9293E+01      1.3571E+02   
   6.6963E+03      5.2300E+02      1.0000E+00      0.0000E+00      6.8979E+01      1.3602E+02   
   6.7812E+03      5.2300E+02      1.0000E+00      0.0000E+00      6.8667E+01      1.3633E+02   
   6.8660E+03      5.2300E+02      1.0000E+00      0.0000E+00      6.8357E+01      1.3664E+02   
   6.9508E+03      5.2300E+02      1.0000E+00      0.0000E+00      6.8048E+01      1.3695E+02   
   7.0356E+03      5.2300E+02      1.0000E+00      0.0000E+00      6.7740E+01      1.3726E+02   
   7.1205E+03      5.2300E+02      1.0000E+00      0.0000E+00      6.7434E+01      1.3757E+02   
   7.2053E+03      5.2300E+02      1.0000E+00      0.0000E+00      6.7129E+01      1.3787E+02   
   7.2902E+03      5.2300E+02      1.0000E+00      0.0000E+00      6.6826E+01      1.3817E+02   
   7.3750E+03      5.2300E+02      1.0000E+00      0.0000E+00      6.6524E+01      1.3848E+02   
   7.4599E+03      5.2300E+02      1.0000E+00      0.0000E+00      6.6224E+01      1.3878E+02   
   7.5447E+03      5.2300E+02      1.0000E+00      0.0000E+00      6.5925E+01      1.3907E+02   
   7.6296E+03      5.2300E+02      1.0000E+00      0.0000E+00      6.5628E+01      1.3937E+02   
   7.7145E+03      5.2300E+02      1.0000E+00      0.0000E+00      6.5332E+01      1.3967E+02   
   7.7994E+03      5.2300E+02      1.0000E+00      0.0000E+00      6.5038E+01      1.3996E+02   
   7.8842E+03      5.2300E+02      1.0000E+00      0.0000E+00      6.4745E+01      1.4025E+02   
   7.9691E+03      5.2300E+02      1.0000E+00      0.0000E+00      6.4454E+01      1.4055E+02   
   8.0540E+03      5.2300E+02      1.0000E+00      0.0000E+00      6.4164E+01      1.4084E+02   
   8.1389E+03      5.2300E+02      1.0000E+00      0.0000E+00      6.3876E+01      1.4112E+02   
   8.2238E+03      5.2300E+02      1.0000E+00      0.0000E+00      6.3589E+01      1.4141E+02   
   8.3087E+03      5.2300E+02      1.0000E+00      0.0000E+00      6.3304E+01      1.4170E+02   
   8.3937E+03      5.2300E+02      1.0000E+00      0.0000E+00      6.3021E+01      1.4198E+02   
   8.4786E+03      5.2300E+02      1.0000E+00      0.0000E+00      6.2738E+01      1.4226E+02   
   8.5635E+03      5.2300E+02      1.0000E+00      0.0000E+00      6.2458E+01      1.4254E+02   
   8.6484E+03      5.2300E+02      1.0000E+00      0.0000E+00      6.2178E+01      1.4282E+02   
   8.7334E+03      5.2300E+02      1.0000E+00      0.0000E+00      6.1901E+01      1.4310E+02   
   8.8183E+03      5.2300E+02      1.0000E+00      0.0000E+00      6.1625E+01      1.4338E+02   
   8.9033E+03      5.2300E+02      1.0000E+00      0.0000E+00      6.1350E+01      1.4365E+02   
   8.9882E+03      5.2300E+02      1.0000E+00      0.0000E+00      6.1077E+01      1.4392E+02   
   9.0732E+03      5.2300E+02      1.0000E+00      0.0000E+00      6.0805E+01      1.4419E+02   
   9.1581E+03      5.2300E+02      1.0000E+00      0.0000E+00      6.0535E+01      1.4446E+02   
   9.2431E+03      5.2300E+02      1.0000E+00      0.0000E+00      6.0266E+01      1.4473E+02   
   9.3281E+03      5.2300E+02      1.0000E+00      0.0000E+00      5.9999E+01      1.4500E+02   
   9.4130E+03      5.2300E+02      1.0000E+00      0.0000E+00      5.9734E+01      1.4527E+02   
   9.4980E+03      5.2300E+02      1.0000E+00      0.0000E+00      5.9470E+01      1.4553E+02   
   9.5830E+03      5.2300E+02      1.0000E+00      0.0000E+00      5.9207E+01      1.4579E+02   
   9.6680E+03      5.2300E+02      1.0000E+00      0.0000E+00      5.8946E+01      1.4605E+02   
   9.7530E+03      5.2300E+02      1.0000E+00      0.0000E+00      5.8687E+01      1.4631E+02   
   9.8380E+03      5.2300E+02      1.0000E+00      0.0000E+00      5.8429E+01      1.4657E+02   
   9.9230E+03      5.2300E+02      1.0000E+00      0.0000E+00      5.8172E+01      1.4683E+02   
   1.0008E+04      5.2300E+02      1.0000E+00      0.0000E+00      5.7917E+01      1.4708E+02   
   1.0093E+04      5.2300E+02      1.0000E+00      0.0000E+00      5.7664E+01      1.4734E+02   
   1.0178E+04      5.2300E+02      1.0000E+00      0.0000E+00      5.7412E+01      1.4759E+02   
   1.0263E+04      5.2300E+02      1.0000E+00      0.0000E+00      5.7161E+01      1.4784E+02   
   1.0348E+04      5.2300E+02      1.0000E+00      0.0000E+00      5.6912E+01      1.4809E+02   
   1.0433E+04      5.2300E+02      1.0000E+00      0.0000E+00      5.6665E+01      1.4834E+02   
   1.0518E+04      5.2300E+02      1.0000E+00      0.0000E+00      5.6419E+01      1.4858E+02   
   1.0603E+04      5.2300E+02      1.0000E+00      0.0000E+00      5.6174E+01      1.4883E+02   
   1.0688E+04      5.2300E+02      1.0000E+00      0.0000E+00      5.5931E+01      1.4907E+02   
   1.0773E+04      5.2300E+02      1.0000E+00      0.0000E+00      5.5690E+01      1.4931E+02   
   1.0858E+04      5.2300E+02      1.0000E+00      0.0000E+00      5.5450E+01      1.4955E+02   
   1.0943E+04      5.2300E+02      1.0000E+00      0.0000E+00      5.5211E+01      1.4979E+02   
   1.1028E+04      5.2300E+02      1.0000E+00      0.0000E+00      5.4975E+01      1.5003E+02   
   1.1113E+04      5.2300E+02      1.0000E+00      0.0000E+00      5.4739E+01      1.5026E+02   
   1.1199E+04      5.2300E+02      1.0000E+00      0.0000E+00      5.4505E+01      1.5049E+02   
   1.1284E+04      5.2300E+02      1.0000E+00      0.0000E+00      5.4273E+01      1.5073E+02   
   1.1369E+04      5.2300E+02      1.0000E+00      0.0000E+00      5.4042E+01      1.5096E+02   
   1.1454E+04      5.2300E+02      1.0000E+00      0.0000E+00      5.3812E+01      1.5119E+02   
   1.1539E+04      5.2300E+02      1.0000E+00      0.0000E+00      5.3584E+01      1.5142E+02   
   1.1624E+04      5.2300E+02      1.0000E+00      0.0000E+00      5.3357E+01      1.5164E+02   
   1.1709E+04      5.2300E+02      1.0000E+00      0.0000E+00      5.3132E+01      1.5187E+02   
   1.1794E+04      5.2300E+02      1.0000E+00      0.0000E+00      5.2909E+01      1.5209E+02   
   1.1879E+04      5.2300E+02      1.0000E+00      0.0000E+00      5.2687E+01      1.5231E+02   
   1.1964E+04      5.2300E+02      1.0000E+00      0.0000E+00      5.2466E+01      1.5253E+02   
   1.2049E+04      5.2300E+02      1.0000E+00      0.0000E+00      5.2247E+01      1.5275E+02   
   1.2135E+04      5.2300E+02      1.0000E+00      0.0000E+00      5.2029E+01      1.5297E+02   
   1.2220E+04      5.2300E+02      1.0000E+00      0.0000E+00      5.1813E+01      1.5319E+02   
   1.2305E+04      5.2300E+02      1.0000E+00      0.0000E+00      5.1598E+01      1.5340E+02   
   1.2390E+04      5.2300E+02      1.0000E+00      0.0000E+00      5.1385E+01      1.5362E+02   
   1.2475E+04      5.2300E+02      1.0000E+00      0.0000E+00      5.1173E+01      1.5383E+02   
   1.2560E+04      5.2300E+02      1.0000E+00      0.0000E+00      5.0962E+01      1.5404E+02   
   1.2645E+04      5.2300E+02      1.0000E+00      0.0000E+00      5.0753E+01      1.5425E+02   
   1.2730E+04      5.2300E+02      1.0000E+00      0.0000E+00      5.0546E+01      1.5445E+02   
   1.2816E+04      5.2300E+02      1.0000E+00      0.0000E+00      5.0340E+01      1.5466E+02   
   1.2901E+04      5.2300E+02      1.0000E+00      0.0000E+00      5.0135E+01      1.5486E+02   
   1.2986E+04      5.2300E+02      1.0000E+00      0.0000E+00      4.9932E+01      1.5507E+02   
   1.3071E+04      5.2300E+02      1.0000E+00      0.0000E+00      4.9730E+01      1.5527E+02   
   1.3156E+04      5.2300E+02      1.0000E+00      0.0000E+00      4.9530E+01      1.5547E+02   
   1.3241E+04      5.2300E+02      1.0000E+00      0.0000E+00      4.9331E+01      1.5567E+02   
   1.3327E+04      5.2300E+02      1.0000E+00      0.0000E+00      4.9133E+01      1.5587E+02   
   1.3412E+04      5.2300E+02      1.0000E+00      0.0000E+00      4.8937E+01      1.5606E+02   
   1.3497E+04      5.2300E+02      1.0000E+00      0.0000E+00      4.8742E+01      1.5626E+02   
   1.3582E+04      5.2300E+02      1.0000E+00      0.0000E+00      4.8549E+01      1.5645E+02   
   1.3667E+04      5.2300E+02      1.0000E+00      0.0000E+00      4.8357E+01      1.5664E+02   
   1.3752E+04      5.2300E+02      1.0000E+00      0.0000E+00      4.8167E+01      1.5683E+02   
   1.3838E+04      5.2300E+02      1.0000E+00      0.0000E+00      4.7978E+01      1.5702E+02   
   1.3923E+04      5.2300E+02      1.0000E+00      0.0000E+00      4.7790E+01      1.5721E+02   
   1.4008E+04      5.2300E+02      1.0000E+00      0.0000E+00      4.7604E+01      1.5740E+02   
   1.4093E+04      5.2300E+02      1.0000E+00      0.0000E+00      4.7419E+01      1.5758E+02   
   1.4178E+04      5.2300E+02      1.0000E+00      0.0000E+00      4.7235E+01      1.5776E+02   
   1.4264E+04      5.2300E+02      1.0000E+00      0.0000E+00      4.7053E+01      1.5795E+02   
   1.4349E+04      5.2300E+02      1.0000E+00      0.0000E+00      4.6872E+01      1.5813E+02   
   1.4434E+04      5.2300E+02      1.0000E+00      0.0000E+00      4.6693E+01      1.5831E+02   
   1.4519E+04      5.2300E+02      1.0000E+00      0.0000E+00      4.6515E+01      1.5849E+02   
   1.4604E+04      5.2300E+02      1.0000E+00      0.0000E+00      4.6338E+01      1.5866E+02   
   1.4690E+04      5.2300E+02      1.0000E+00      0.0000E+00      4.6163E+01      1.5884E+02   
   1.4775E+04      5.2300E+02      1.0000E+00      0.0000E+00      4.5989E+01      1.5901E+02   
   1.4860E+04      5.2300E+02      1.0000E+00      0.0000E+00      4.5816E+01      1.5918E+02   
   1.4945E+04      5.2300E+02      1.0000E+00      0.0000E+00      4.5644E+01      1.5936E+02   
   1.5031E+04      5.2300E+02      1.0000E+00      0.0000E+00      4.5474E+01      1.5953E+02   
   1.5116E+04      5.2300E+02      1.0000E+00      0.0000E+00      4.5306E+01      1.5969E+02   
   1.5201E+04      5.2300E+02      1.0000E+00      0.0000E+00      4.5138E+01      1.5986E+02   
   1.5286E+04      5.2300E+02      1.0000E+00      0.0000E+00      4.4972E+01      1.6003E+02   
   1.5371E+04      5.2300E+02      1.0000E+00      0.0000E+00      4.4808E+01      1.6019E+02   
   1.5457E+04      5.2300E+02      1.0000E+00      0.0000E+00      4.4644E+01      1.6036E+02   
   1.5542E+04      5.2300E+02      1.0000E+00      0.0000E+00      4.4482E+01      1.6052E+02   
   1.5627E+04      5.2300E+02      1.0000E+00      0.0000E+00      4.4321E+01      1.6068E+02   
   1.5712E+04      5.2300E+02      1.0000E+00      0.0000E+00      4.4162E+01      1.6084E+02   
   1.5798E+04      5.2300E+02      1.0000E+00      0.0000E+00      4.4003E+01      1.6100E+02   
   1.5883E+04      5.2300E+02      1.0000E+00      0.0000E+00      4.3846E+01      1.6115E+02   
   1.5968E+04      5.2300E+02      1.0000E+00      0.0000E+00      4.3691E+01      1.6131E+02   
   1.6054E+04      5.2300E+02      1.0000E+00      0.0000E+00      4.3536E+01      1.6146E+02   
   1.6139E+04      5.2300E+02      1.0000E+00      0.0000E+00      4.3383E+01      1.6162E+02   
   1.6224E+04      5.2300E+02      1.0000E+00      0.0000E+00      4.3231E+01      1.6177E+02   
   1.6309E+04      5.2300E+02      1.0000E+00      0.0000E+00      4.3081E+01      1.6192E+02   
   1.6395E+04      5.2300E+02      1.0000E+00      0.0000E+00      4.2931E+01      1.6207E+02   
   1.6480E+04      5.2300E+02      1.0000E+00      0.0000E+00      4.2783E+01      1.6222E+02   
   1.6565E+04      5.2300E+02      1.0000E+00      0.0000E+00      4.2636E+01      1.6236E+02   
   1.6650E+04      5.2300E+02      1.0000E+00      0.0000E+00      4.2490E+01      1.6251E+02   
   1.6736E+04      5.2300E+02      1.0000E+00      0.0000E+00      4.2346E+01      1.6265E+02   
   1.6821E+04      5.2300E+02      1.0000E+00      0.0000E+00      4.2203E+01      1.6280E+02   
   1.6906E+04      5.2300E+02      1.0000E+00      0.0000E+00      4.2061E+01      1.6294E+02   
   1.6992E+04      5.2300E+02      1.0000E+00      0.0000E+00      4.1920E+01      1.6308E+02   
   1.7077E+04      5.2300E+02      1.0000E+00      0.0000E+00      4.1780E+01      1.6322E+02   
   1.7162E+04      5.2300E+02      1.0000E+00      0.0000E+00      4.1642E+01      1.6336E+02   
   1.7248E+04      5.2300E+02      1.0000E+00      0.0000E+00      4.1505E+01      1.6350E+02   
   1.7333E+04      5.2300E+02      1.0000E+00      0.0000E+00      4.1369E+01      1.6363E+02   
   1.7418E+04      5.2300E+02      1.0000E+00      0.0000E+00      4.1234E+01      1.6377E+02   
   1.7503E+04      5.2300E+02      1.0000E+00      0.0000E+00      4.1100E+01      1.6390E+02   
   1.7589E+04      5.2300E+02      1.0000E+00      0.0000E+00      4.0968E+01      1.6403E+02   
   1.7674E+04      5.2300E+02      1.0000E+00      0.0000E+00      4.0836E+01      1.6416E+02   
   1.7759E+04      5.2300E+02      1.0000E+00      0.0000E+00      4.0706E+01      1.6429E+02   
   1.7845E+04      5.2300E+02      1.0000E+00      0.0000E+00      4.0577E+01      1.6442E+02   
   1.7930E+04      5.2300E+02      1.0000E+00      0.0000E+00      4.0449E+01      1.6455E+02   
   1.8015E+04      5.2300E+02      1.0000E+00      0.0000E+00      4.0323E+01      1.6468E+02   
   1.8101E+04      5.2300E+02      1.0000E+00      0.0000E+00      4.0197E+01      1.6480E+02   
   1.8186E+04      5.2300E+02      1.0000E+00      0.0000E+00      4.0072E+01      1.6493E+02   
   1.8271E+04      5.2300E+02      1.0000E+00      0.0000E+00      3.9949E+01      1.6505E+02   
   1.8357E+04      5.2300E+02      1.0000E+00      0.0000E+00      3.9827E+01      1.6517E+02   
   1.8437E+04      5.2300E+02      1.0000E+00      0.0000E+00      3.9713E+01      1.6529E+02   
   1.8517E+04      5.2300E+02      1.0000E+00      0.0000E+00      3.9601E+01      1.6540E+02   
   1.8597E+04      5.2300E+02      1.0000E+00      0.0000E+00      3.9489E+01      1.6551E+02   
   1.8677E+04      5.2300E+02      1.0000E+00      0.0000E+00      3.9378E+01      1.6562E+02   
   1.8757E+04      5.2300E+02      1.0000E+00      0.0000E+00      3.9268E+01      1.6573E+02   
   1.8837E+04      5.2300E+02      1.0000E+00      0.0000E+00      3.9160E+01      1.6584E+02   
   1.8917E+04      5.2300E+02      1.0000E+00      0.0000E+00      3.9052E+01      1.6595E+02   
   1.8997E+04      5.2300E+02      1.0000E+00      0.0000E+00      3.8945E+01      1.6606E+02   
   1.9077E+04      5.2300E+02      1.0000E+00      0.0000E+00      3.8839E+01      1.6616E+02   
   1.9157E+04      5.2300E+02      1.0000E+00      0.0000E+00      3.8734E+01      1.6627E+02   
   1.9237E+04      5.2300E+02      1.0000E+00      0.0000E+00      3.8630E+01      1.6637E+02   
   1.9317E+04      5.2300E+02      1.0000E+00      0.0000E+00      3.8526E+01      1.6647E+02   
   1.9397E+04      5.2300E+02      1.0000E+00      0.0000E+00      3.8424E+01      1.6658E+02   
   1.9477E+04      5.2300E+02      1.0000E+00      0.0000E+00      3.8323E+01      1.6668E+02   
   1.9557E+04      5.2300E+02      1.0000E+00      0.0000E+00      3.8222E+01      1.6678E+02   
   1.9637E+04      5.2300E+02      1.0000E+00      0.0000E+00      3.8123E+01      1.6688E+02   
   1.9717E+04      5.2300E+02      1.0000E+00      0.0000E+00      3.8024E+01      1.6698E+02   
   1.9797E+04      5.2300E+02      1.0000E+00      0.0000E+00      3.7926E+01      1.6707E+02   
   1.9877E+04      5.2300E+02      1.0000E+00      0.0000E+00      3.7829E+01      1.6717E+02   
   1.9957E+04      5.2300E+02      1.0000E+00      0.0000E+00      3.7733E+01      1.6727E+02   
   2.0037E+04      5.2300E+02      1.0000E+00      0.0000E+00      3.7638E+01      1.6736E+02   
   2.0117E+04      5.2300E+02      1.0000E+00      0.0000E+00      3.7544E+01      1.6746E+02   
   2.0197E+04      5.2300E+02      1.0000E+00      0.0000E+00      3.7450E+01      1.6755E+02   
   2.0277E+04      5.2300E+02      1.0000E+00      0.0000E+00      3.7358E+01      1.6764E+02   
   2.0357E+04      5.2300E+02      1.0000E+00      0.0000E+00      3.7266E+01      1.6773E+02   
   2.0437E+04      5.2300E+02      1.0000E+00      0.0000E+00      3.7175E+01      1.6783E+02   
   2.0517E+04      5.2300E+02      1.0000E+00      0.0000E+00      3.7085E+01      1.6792E+02   
   2.0597E+04      5.2300E+02      1.0000E+00      0.0000E+00      3.6996E+01      1.6800E+02   
   2.0677E+04      5.2300E+02      1.0000E+00      0.0000E+00      3.6907E+01      1.6809E+02   
   2.0757E+04      5.2300E+02      1.0000E+00      0.0000E+00      3.6820E+01      1.6818E+02   
   2.0837E+04      5.2300E+02      1.0000E+00      0.0000E+00      3.6733E+01      1.6827E+02   
   2.0918E+04      5.2300E+02      1.0000E+00      0.0000E+00      3.6647E+01      1.6835E+02   
   2.0998E+04      5.2300E+02      1.0000E+00      0.0000E+00      3.6562E+01      1.6844E+02   
   2.1078E+04      5.2300E+02      1.0000E+00      0.0000E+00      3.6478E+01      1.6852E+02   
   2.1158E+04      5.2300E+02      1.0000E+00      0.0000E+00      3.6394E+01      1.6861E+02   
   2.1238E+04      5.2300E+02      1.0000E+00      0.0000E+00      3.6311E+01      1.6869E+02   
   2.1318E+04      5.2300E+02      1.0000E+00      0.0000E+00      3.6229E+01      1.6877E+02   
   2.1398E+04      5.2300E+02      1.0000E+00      0.0000E+00      3.6148E+01      1.6885E+02   
   2.1478E+04      5.2300E+02      1.0000E+00      0.0000E+00      3.6068E+01      1.6893E+02   
   2.1558E+04      5.2300E+02      1.0000E+00      0.0000E+00      3.5988E+01      1.6901E+02   
   2.1638E+04      5.2300E+02      1.0000E+00      0.0000E+00      3.5909E+01      1.6909E+02   
   2.1718E+04      5.2300E+02      1.0000E+00      0.0000E+00      3.5831E+01      1.6917E+02   
   2.1798E+04      5.2300E+02      1.0000E+00      0.0000E+00      3.5754E+01      1.6925E+02   
   2.1878E+04      5.2300E+02      1.0000E+00      0.0000E+00      3.5678E+01      1.6932E+02   
   2.1958E+04      5.2300E+02      1.0000E+00      0.0000E+00      3.5602E+01      1.6940E+02   
   2.2038E+04      5.2300E+02      1.0000E+00      0.0000E+00      3.5527E+01      1.6947E+02   
   2.2118E+04      5.2300E+02      1.0000E+00      0.0000E+00      3.5452E+01      1.6955E+02   
   2.2199E+04      5.2300E+02      1.0000E+00      0.0000E+00      3.5379E+01      1.6962E+02   
   2.2279E+04      5.2300E+02      1.0000E+00      0.0000E+00      3.5306E+01      1.6969E+02   
   2.2359E+04      5.2300E+02      1.0000E+00      0.0000E+00      3.5234E+01      1.6977E+02   
   2.2439E+04      5.2300E+02      1.0000E+00      0.0000E+00      3.5162E+01      1.6984E+02   
   2.2519E+04      5.2300E+02      1.0000E+00      0.0000E+00      3.5092E+01      1.6991E+02   
   2.2599E+04      5.2300E+02      1.0000E+00      0.0000E+00      3.5022E+01      1.6998E+02   
   2.2679E+04      5.2300E+02      1.0000E+00      0.0000E+00      3.4952E+01      1.7005E+02   
   2.2759E+04      5.2300E+02      1.0000E+00      0.0000E+00      3.4884E+01      1.7012E+02   
   2.2839E+04      5.2300E+02      1.0000E+00      0.0000E+00      3.4816E+01      1.7018E+02   
   2.2919E+04      5.2300E+02      1.0000E+00      0.0000E+00      3.4749E+01      1.7025E+02   
   2.2999E+04      5.2300E+02      1.0000E+00      0.0000E+00      3.4682E+01      1.7032E+02   
   2.3079E+04      5.2300E+02      1.0000E+00      0.0000E+00      3.4616E+01      1.7038E+02   
   2.3160E+04      5.2300E+02      1.0000E+00      0.0000E+00      3.4551E+01      1.7045E+02   
   2.3240E+04      5.2300E+02      1.0000E+00      0.0000E+00      3.4486E+01      1.7051E+02   
   2.3320E+04      5.2300E+02      1.0000E+00      0.0000E+00      3.4423E+01      1.7058E+02   
   2.3400E+04      5.2300E+02      1.0000E+00      0.0000E+00      3.4359E+01      1.7064E+02   
   2.3480E+04      5.2300E+02      1.0000E+00      0.0000E+00      3.4297E+01      1.7070E+02   
   2.3560E+04      5.2300E+02      1.0000E+00      0.0000E+00      3.4235E+01      1.7077E+02   
   2.3640E+04      5.2300E+02      1.0000E+00      0.0000E+00      3.4174E+01      1.7083E+02   
   2.3720E+04      5.2300E+02      1.0000E+00      0.0000E+00      3.4113E+01      1.7089E+02   
   2.3800E+04      5.2300E+02      1.0000E+00      0.0000E+00      3.4053E+01      1.7095E+02   
   2.3880E+04      5.2300E+02      1.0000E+00      0.0000E+00      3.3994E+01      1.7101E+02   
   2.3960E+04      5.2300E+02      1.0000E+00      0.0000E+00      3.3935E+01      1.7107E+02   
   2.4041E+04      5.2300E+02      1.0000E+00      0.0000E+00      3.3877E+01      1.7112E+02   
   2.4121E+04      5.2300E+02      1.0000E+00      0.0000E+00      3.3819E+01      1.7118E+02   
   2.4201E+04      5.2300E+02      1.0000E+00      0.0000E+00      3.3762E+01      1.7124E+02   
   2.4281E+04      5.2300E+02      1.0000E+00      0.0000E+00      3.3706E+01      1.7129E+02   
   2.4361E+04      5.2300E+02      1.0000E+00      0.0000E+00      3.3650E+01      1.7135E+02   
   2.4441E+04      5.2300E+02      1.0000E+00      0.0000E+00      3.3595E+01      1.7140E+02   
   2.4521E+04      5.2300E+02      1.0000E+00      0.0000E+00      3.3541E+01      1.7146E+02   
   2.4601E+04      5.2300E+02      1.0000E+00      0.0000E+00      3.3487E+01      1.7151E+02   
   2.4681E+04      5.2300E+02      1.0000E+00      0.0000E+00      3.3433E+01      1.7157E+02   
   2.4761E+04      5.2300E+02      1.0000E+00      0.0000E+00      3.3381E+01      1.7162E+02   
   2.4842E+04      5.2300E+02      1.0000E+00      0.0000E+00      3.3328E+01      1.7167E+02   
   2.4922E+04      5.2300E+02      1.0000E+00      0.0000E+00      3.3277E+01      1.7172E+02   
   2.5002E+04      5.2300E+02      1.0000E+00      0.0000E+00      3.3226E+01      1.7177E+02   
   2.5082E+04      5.2300E+02      1.0000E+00      0.0000E+00      3.3175E+01      1.7182E+02   
   2.5162E+04      5.2300E+02      1.0000E+00      0.0000E+00      3.3125E+01      1.7187E+02   
   2.5242E+04      5.2300E+02      1.0000E+00      0.0000E+00      3.3076E+01      1.7192E+02   
   2.5322E+04      5.2300E+02      1.0000E+00      0.0000E+00      3.3027E+01      1.7197E+02   
   2.5402E+04      5.2300E+02      1.0000E+00      0.0000E+00      3.2979E+01      1.7202E+02   
   2.5482E+04      5.2300E+02      1.0000E+00      0.0000E+00      3.2931E+01      1.7207E+02   
   2.5563E+04      5.2300E+02      1.0000E+00      0.0000E+00      3.2883E+01      1.7212E+02   
   2.5643E+04      5.2300E+02      1.0000E+00      0.0000E+00      3.2837E+01      1.7216E+02   
   2.5723E+04      5.2300E+02      1.0000E+00      0.0000E+00      3.2790E+01      1.7221E+02   
   2.5803E+04      5.2300E+02      1.0000E+00      0.0000E+00      3.2745E+01      1.7226E+02   
   2.5883E+04      5.2300E+02      1.0000E+00      0.0000E+00      3.2700E+01      1.7230E+02   
   2.5963E+04      5.2300E+02      1.0000E+00      0.0000E+00      3.2655E+01      1.7235E+02   
   2.6043E+04      5.2300E+02      1.0000E+00      0.0000E+00      3.2611E+01      1.7239E+02   
   2.6123E+04      5.2300E+02      1.0000E+00      0.0000E+00      3.2567E+01      1.7243E+02   
   2.6204E+04      5.2300E+02      1.0000E+00      0.0000E+00      3.2524E+01      1.7248E+02   
   2.6284E+04      5.2300E+02      1.0000E+00      0.0000E+00      3.2481E+01      1.7252E+02   
   2.6364E+04      5.2300E+02      1.0000E+00      0.0000E+00      3.2439E+01      1.7256E+02   
   2.6444E+04      5.2300E+02      1.0000E+00      0.0000E+00      3.2397E+01      1.7260E+02   
   2.6524E+04      5.2300E+02      1.0000E+00      0.0000E+00      3.2356E+01      1.7264E+02   
   2.6604E+04      5.2300E+02      1.0000E+00      0.0000E+00      3.2315E+01      1.7268E+02   
   2.6684E+04      5.2300E+02      1.0000E+00      0.0000E+00      3.2275E+01      1.7273E+02   
   2.6764E+04      5.2300E+02      1.0000E+00      0.0000E+00      3.2235E+01      1.7277E+02   
   2.6845E+04      5.2300E+02      1.0000E+00      0.0000E+00      3.2196E+01      1.7280E+02   
   2.6925E+04      5.2300E+02      1.0000E+00      0.0000E+00      3.2157E+01      1.7284E+02   
   2.7005E+04      5.2300E+02      1.0000E+00      0.0000E+00      3.2118E+01      1.7288E+02   
   2.7085E+04      5.2300E+02      1.0000E+00      0.0000E+00      3.2080E+01      1.7292E+02   
   2.7165E+04      5.2300E+02      1.0000E+00      0.0000E+00      3.2042E+01      1.7296E+02   
   2.7245E+04      5.2300E+02      1.0000E+00      0.0000E+00      3.2005E+01      1.7299E+02   
   2.7325E+04      5.2300E+02      1.0000E+00      0.0000E+00      3.1969E+01      1.7303E+02   
   2.7405E+04      5.2300E+02      1.0000E+00      0.0000E+00      3.1932E+01      1.7307E+02   
   2.7486E+04      5.2300E+02      1.0000E+00      0.0000E+00      3.1896E+01      1.7310E+02   
   2.7566E+04      5.2300E+02      1.0000E+00      0.0000E+00      3.1861E+01      1.7314E+02   
   2.7646E+04      5.2300E+02      1.0000E+00      0.0000E+00      3.1826E+01      1.7317E+02   
   2.7726E+04      5.2300E+02      1.0000E+00      0.0000E+00      3.1791E+01      1.7321E+02   
   2.7806E+04      5.2300E+02      1.0000E+00      0.0000E+00      3.1757E+01      1.7324E+02   
   2.7886E+04      5.2300E+02      1.0000E+00      0.0000E+00      3.1723E+01      1.7328E+02   
   2.7966E+04      5.2300E+02      1.0000E+00      0.0000E+00      3.1690E+01      1.7331E+02   
   2.8047E+04      5.2300E+02      1.0000E+00      0.0000E+00      3.1657E+01      1.7334E+02   
   2.8127E+04      5.2300E+02      1.0000E+00      0.0000E+00      3.1624E+01      1.7338E+02   
   2.8207E+04      5.2300E+02      1.0000E+00      0.0000E+00      3.1592E+01      1.7341E+02   
   2.8287E+04      5.2300E+02      1.0000E+00      0.0000E+00      3.1561E+01      1.7344E+02   
   2.8367E+04      5.2300E+02      1.0000E+00      0.0000E+00      3.1529E+01      1.7347E+02   
   2.8447E+04      5.2300E+02      1.0000E+00      0.0000E+00      3.1498E+01      1.7350E+02   
   2.8527E+04      5.2300E+02      1.0000E+00      0.0000E+00      3.1467E+01      1.7353E+02   
   2.8607E+04      5.2300E+02      1.0000E+00      0.0000E+00      3.1437E+01      1.7356E+02   
   2.8688E+04      5.2300E+02      1.0000E+00      0.0000E+00      3.1407E+01      1.7359E+02   
   2.8768E+04      5.2300E+02      1.0000E+00      0.0000E+00      3.1378E+01      1.7362E+02   
   2.8848E+04      5.2300E+02      1.0000E+00      0.0000E+00      3.1349E+01      1.7365E+02   
   2.8928E+04      5.2300E+02      1.0000E+00      0.0000E+00      3.1320E+01      1.7368E+02   
   2.9008E+04      5.2300E+02      1.0000E+00      0.0000E+00      3.1291E+01      1.7371E+02   
   2.9088E+04      5.2300E+02      1.0000E+00      0.0000E+00      3.1263E+01      1.7374E+02   
   2.9168E+04      5.2300E+02      1.0000E+00      0.0000E+00      3.1235E+01      1.7376E+02   
   2.9249E+04      5.2300E+02      1.0000E+00      0.0000E+00      3.1208E+01      1.7379E+02   
   2.9329E+04      5.2300E+02      1.0000E+00      0.0000E+00      3.1181E+01      1.7382E+02   
   2.9409E+04      5.2300E+02      1.0000E+00      0.0000E+00      3.1154E+01      1.7385E+02   
   2.9489E+04      5.2300E+02      1.0000E+00      0.0000E+00      3.1128E+01      1.7387E+02   
   2.9569E+04      5.2300E+02      1.0000E+00      0.0000E+00      3.1102E+01      1.7390E+02   
   2.9649E+04      5.2300E+02      1.0000E+00      0.0000E+00      3.1076E+01      1.7392E+02   
