      Position [m]           Temperature [K]            Css [wt.ppm]             Cp [wt.ppm]       
-5.421010862427522170e-20 5.347000000000000455e+02 2.125878841239958916e+01 1.947375524342955657e+02
4.762499999999998939e-04 5.355400000000000773e+02 2.114964649523290774e+01 1.715574441825312135e+02
9.524999999999998962e-04 5.363799999999999955e+02 2.110891374336018700e+01 1.539079589428714883e+02
1.428749999999999899e-03 5.372200000000000273e+02 2.125076928376168084e+01 1.412900363341881871e+02
1.904999999999999576e-03 5.380599999999999454e+02 2.141955594744790403e+01 1.334619305458180065e+02
2.381249999999999686e-03 5.388999999999999773e+02 2.166561179311765883e+01 1.300971690036086841e+02
2.857499999999999363e-03 5.395333333333333030e+02 2.199267459330216212e+01 1.382803085716403189e+02
3.333749999999999474e-03 5.401666666666666288e+02 2.248300242061936061e+01 1.507762639549950734e+02
3.809999999999999151e-03 5.407999999999999545e+02 2.300816938970151426e+01 1.676609191609273637e+02
4.286249999999999262e-03 5.414333333333333940e+02 2.352739882637213498e+01 1.889336447283258167e+02
4.762499999999999373e-03 5.420666666666667197e+02 2.425607111685264883e+01 2.143364910134399111e+02
5.238749999999999483e-03 5.427000000000000455e+02 2.498942771841335286e+01 2.440171629297281299e+02
5.714999999999999594e-03 5.449000000000000909e+02 2.537492904297825191e+01 2.143856165843424151e+02
6.191249999999998838e-03 5.471000000000000227e+02 2.578351069248050464e+01 1.849976375816570453e+02
6.667499999999998948e-03 5.493000000000000682e+02 2.620324817945456886e+01 1.552587155736095212e+02
7.143749999999999059e-03 5.515000000000000000e+02 2.665215540210012435e+01 1.244650157163339230e+02
7.619999999999999170e-03 5.537000000000000455e+02 2.707985284131331483e+01 9.223808109045853598e+01
8.096249999999999281e-03 5.569000000000000909e+02 2.723881096389695600e+01 1.676726200071366790e+01
8.572500000000000259e-03 5.601000000000000227e+02 2.737190673805169538e+01 0.000000000000000000e+00
9.048749999999999502e-03 5.633000000000000682e+02 2.745903736798076977e+01 0.000000000000000000e+00
9.525000000000000480e-03 5.665000000000000000e+02 2.750374752937598899e+01 0.000000000000000000e+00
1.000124999999999972e-02 5.697000000000000455e+02 2.751027802539812228e+01 0.000000000000000000e+00
1.047749999999999897e-02 5.728999999999999773e+02 2.748249049131710819e+01 0.000000000000000000e+00
1.095374999999999995e-02 5.761000000000000227e+02 2.742390070428597681e+01 0.000000000000000000e+00
1.142999999999999919e-02 5.793000000000000682e+02 2.733770960959402885e+01 0.000000000000000000e+00
1.190625000000000017e-02 5.825000000000000000e+02 2.722683147431273198e+01 0.000000000000000000e+00
1.238249999999999941e-02 5.857000000000000455e+02 2.709391943888360998e+01 0.000000000000000000e+00
1.285874999999999865e-02 5.888999999999999773e+02 2.694138873192470385e+01 0.000000000000000000e+00
1.333499999999999963e-02 5.921000000000000227e+02 2.677143777137616709e+01 0.000000000000000000e+00
1.381124999999999887e-02 5.953750000000000000e+02 2.656900723110619822e+01 0.000000000000000000e+00
1.428749999999999985e-02 5.986499999999999773e+02 2.635333626715766542e+01 0.000000000000000000e+00
1.476374999999999910e-02 6.019249999999999545e+02 2.612612592741434270e+01 0.000000000000000000e+00
1.523999999999999834e-02 6.052000000000000455e+02 2.588891859244304783e+01 0.000000000000000000e+00
1.571624999999999758e-02 6.084750000000000227e+02 2.564311227736783749e+01 0.000000000000000000e+00
1.619249999999999856e-02 6.117500000000000000e+02 2.538997362047978967e+01 0.000000000000000000e+00
1.666874999999999607e-02 6.150249999999999773e+02 2.513064968277819844e+01 0.000000000000000000e+00
1.714499999999999705e-02 6.182999999999999545e+02 2.486617867057005427e+01 0.000000000000000000e+00
1.762124999999999803e-02 6.215750000000000455e+02 2.459749968238990192e+01 0.000000000000000000e+00
1.809749999999999553e-02 6.248499999999999091e+02 2.432546157170823165e+01 0.000000000000000000e+00
1.857374999999999651e-02 6.281250000000000000e+02 2.405083100806708885e+01 0.000000000000000000e+00
1.904999999999999749e-02 6.313999999999999773e+02 2.377429981132421588e+01 0.000000000000000000e+00
1.952624999999999847e-02 6.326000000000000227e+02 2.386509210970641703e+01 0.000000000000000000e+00
2.000249999999999598e-02 6.337999999999999545e+02 2.395075237027168313e+01 0.000000000000000000e+00
2.047874999999999696e-02 6.350000000000000000e+02 2.403142636768708229e+01 0.000000000000000000e+00
2.095499999999999793e-02 6.361999999999999318e+02 2.410725605516066850e+01 0.000000000000000000e+00
2.143124999999999544e-02 6.373999999999999773e+02 2.417837966157231833e+01 0.000000000000000000e+00
2.190749999999999642e-02 6.386000000000000227e+02 2.424493178630693535e+01 0.000000000000000000e+00
2.238374999999999740e-02 6.397999999999999545e+02 2.430704349183239543e+01 0.000000000000000000e+00
2.285999999999999491e-02 6.410000000000000000e+02 2.436484239406508223e+01 0.000000000000000000e+00
2.333624999999999589e-02 6.422000000000000455e+02 2.441845275056566322e+01 0.000000000000000000e+00
2.381249999999999686e-02 6.433999999999999773e+02 2.446799554660747233e+01 0.000000000000000000e+00
2.428874999999999784e-02 6.446000000000000227e+02 2.451358857915975875e+01 0.000000000000000000e+00
2.476499999999999535e-02 6.457999999999999545e+02 2.455534653882821416e+01 0.000000000000000000e+00
2.524124999999999633e-02 6.470000000000000000e+02 2.459338108979381587e+01 0.000000000000000000e+00
2.571749999999999731e-02 6.452571428571428669e+02 2.514281381252174441e+01 0.000000000000000000e+00
2.619374999999999482e-02 6.435142857142857338e+02 2.570615604835535351e+01 0.000000000000000000e+00
2.666999999999999579e-02 6.417714285714286007e+02 2.628381249146169907e+01 0.000000000000000000e+00
2.714624999999999677e-02 6.400285714285714675e+02 2.687620100771565390e+01 0.000000000000000000e+00
2.762249999999999428e-02 6.382857142857143344e+02 2.748375310063786969e+01 0.000000000000000000e+00
2.809874999999999526e-02 6.365428571428572013e+02 2.810691439462004837e+01 0.000000000000000000e+00
2.857499999999999624e-02 6.348000000000000682e+02 2.874614513606969268e+01 0.000000000000000000e+00
2.905124999999999721e-02 6.330571428571428214e+02 2.940192071312518607e+01 0.000000000000000000e+00
2.952749999999999472e-02 6.313142857142856883e+02 3.007473219461107661e+01 0.000000000000000000e+00
3.000374999999999570e-02 6.295714285714285552e+02 3.076508688892221954e+01 0.000000000000000000e+00
3.047999999999999668e-02 6.278285714285714221e+02 3.147350892354341667e+01 0.000000000000000000e+00
3.095624999999999419e-02 6.260857142857142890e+02 3.220053984593015173e+01 0.000000000000000000e+00
3.143250000000000210e-02 6.243428571428571558e+02 3.294673924649237051e+01 0.000000000000000000e+00
3.190874999999999961e-02 6.226000000000000227e+02 3.371268540444083328e+01 0.000000000000000000e+00
3.238499999999999712e-02 6.183833333333333258e+02 3.513986167218515533e+01 0.000000000000000000e+00
3.286125000000000157e-02 6.141666666666666288e+02 3.664894298354426638e+01 0.000000000000000000e+00
3.333749999999999908e-02 6.099500000000000455e+02 3.824573937013163061e+01 0.000000000000000000e+00
3.381374999999999659e-02 6.057333333333333485e+02 3.993654683695068286e+01 0.000000000000000000e+00
3.429000000000000103e-02 6.015166666666666515e+02 4.172819383842226415e+01 0.000000000000000000e+00
3.476624999999999854e-02 5.972999999999999545e+02 4.362809271883138251e+01 0.000000000000000000e+00
3.524249999999999605e-02 5.942714285714286007e+02 4.521151222346992427e+01 0.000000000000000000e+00
3.571875000000000050e-02 5.912428571428571331e+02 4.686849481201252843e+01 0.000000000000000000e+00
3.619499999999999801e-02 5.882142857142856656e+02 4.860313411742023959e+01 1.767874824684000430e+02
3.667124999999999552e-02 5.851857142857143117e+02 5.034558420218911579e+01 4.226393325731564232e+02
3.714749999999999996e-02 5.821571428571428442e+02 5.207762648537801908e+01 6.955288903700953824e+02
3.762374999999999747e-02 5.791285714285713766e+02 5.377431333706140748e+01 1.001707655910072617e+03
3.809999999999999498e-02 5.761000000000000227e+02 5.540079180356497801e+01 1.349758516890027977e+03
