      Position [m]           Temperature [K]            Css [wt.ppm]             Cp [wt.ppm]       
-5.421010862427522170e-20 5.902000000000000455e+02 5.518606814151446116e+01 5.079185420376389288e+02
4.762499999999998939e-04 5.907000000000000455e+02 5.486844109118495538e+01 4.597868892368697402e+02
9.524999999999998962e-04 5.912000000000000455e+02 5.461885950648464672e+01 4.177755703267322360e+02
1.428749999999999899e-03 5.917000000000000455e+02 5.443438468883579162e+01 3.812376025976773803e+02
1.904999999999999576e-03 5.922000000000000455e+02 5.431799154426381904e+01 3.496161551274908561e+02
2.381249999999999686e-03 5.927000000000000455e+02 5.429647361797322702e+01 3.223588449559745754e+02
2.857499999999999363e-03 5.930000000000000000e+02 5.446870791736780859e+01 3.187844381959002931e+02
3.333749999999999474e-03 5.933000000000000682e+02 5.469962784047753246e+01 3.187387801804813421e+02
3.809999999999999151e-03 5.936000000000000227e+02 5.496429794030036220e+01 3.220287950919083073e+02
4.286249999999999262e-03 5.938999999999999773e+02 5.531054583007155401e+01 3.284035108627351178e+02
4.762499999999999373e-03 5.942000000000000455e+02 5.569159601335407217e+01 3.376909241638398385e+02
5.238749999999999483e-03 5.945000000000000000e+02 5.608777412476610635e+01 3.496889552086981325e+02
5.714999999999999594e-03 5.955399999999999636e+02 5.597149720831419728e+01 2.887078752550194736e+02
6.191249999999998838e-03 5.965800000000000409e+02 5.585916560894767713e+01 2.307001331737829446e+02
6.667499999999998948e-03 5.976200000000000045e+02 5.576332249592837798e+01 1.750222338750768643e+02
7.143749999999999059e-03 5.986600000000000819e+02 5.570248903077371949e+01 1.211153012495399111e+02
7.619999999999999170e-03 5.997000000000000455e+02 5.564045876169558369e+01 6.855274854950208407e+01
8.096249999999999281e-03 6.010333333333334167e+02 5.535160904392839853e+01 0.000000000000000000e+00
8.572500000000000259e-03 6.023666666666666742e+02 5.505933619784910604e+01 0.000000000000000000e+00
9.048749999999999502e-03 6.037000000000000455e+02 5.476232120291642502e+01 0.000000000000000000e+00
9.525000000000000480e-03 6.050333333333334167e+02 5.446084195605995859e+01 0.000000000000000000e+00
1.000124999999999972e-02 6.063666666666666742e+02 5.415517020356425348e+01 0.000000000000000000e+00
1.047749999999999897e-02 6.077000000000000455e+02 5.384556945599919686e+01 0.000000000000000000e+00
1.095374999999999995e-02 6.090333333333334167e+02 5.353229545265354972e+01 0.000000000000000000e+00
1.142999999999999919e-02 6.103666666666666742e+02 5.321559632888047986e+01 0.000000000000000000e+00
1.190625000000000017e-02 6.117000000000000455e+02 5.289571269191806380e+01 0.000000000000000000e+00
1.238249999999999941e-02 6.130333333333334167e+02 5.257287767288222113e+01 0.000000000000000000e+00
1.285874999999999865e-02 6.143666666666666742e+02 5.224731698718527184e+01 0.000000000000000000e+00
1.333499999999999963e-02 6.157000000000000455e+02 5.191924901246841273e+01 0.000000000000000000e+00
1.381124999999999887e-02 6.175416666666667425e+02 5.123630397048295748e+01 0.000000000000000000e+00
1.428749999999999985e-02 6.193833333333333258e+02 5.056150667419781541e+01 0.000000000000000000e+00
1.476374999999999910e-02 6.212250000000000227e+02 4.989487544562771149e+01 0.000000000000000000e+00
1.523999999999999834e-02 6.230666666666667197e+02 4.923642074256675016e+01 0.000000000000000000e+00
1.571624999999999758e-02 6.249083333333333030e+02 4.858614557715407756e+01 0.000000000000000000e+00
1.619249999999999856e-02 6.267500000000000000e+02 4.794404592771850560e+01 0.000000000000000000e+00
1.666874999999999607e-02 6.285916666666666970e+02 4.731011114189551137e+01 0.000000000000000000e+00
1.714499999999999705e-02 6.304333333333332803e+02 4.668432432944236865e+01 0.000000000000000000e+00
1.762124999999999803e-02 6.322749999999999773e+02 4.606666274354196133e+01 0.000000000000000000e+00
1.809749999999999553e-02 6.341166666666666742e+02 4.545709814968521556e+01 0.000000000000000000e+00
1.857374999999999651e-02 6.359583333333332575e+02 4.485559718147960950e+01 0.000000000000000000e+00
1.904999999999999749e-02 6.377999999999999545e+02 4.426212168294678406e+01 0.000000000000000000e+00
1.952624999999999847e-02 6.384230769230769056e+02 4.434812101970852183e+01 0.000000000000000000e+00
2.000249999999999598e-02 6.390461538461538566e+02 4.442972651310503807e+01 0.000000000000000000e+00
2.047874999999999696e-02 6.396692307692306940e+02 4.450699158120782073e+01 0.000000000000000000e+00
2.095499999999999793e-02 6.402923076923076451e+02 4.457996947679387745e+01 0.000000000000000000e+00
2.143124999999999544e-02 6.409153846153845961e+02 4.464871328228588965e+01 0.000000000000000000e+00
2.190749999999999642e-02 6.415384615384615472e+02 4.471327590533569918e+01 0.000000000000000000e+00
2.238374999999999740e-02 6.421615384615383846e+02 4.477371007492079968e+01 0.000000000000000000e+00
2.285999999999999491e-02 6.427846153846153356e+02 4.483006833782967959e+01 0.000000000000000000e+00
2.333624999999999589e-02 6.434076923076922867e+02 4.488240305542223751e+01 0.000000000000000000e+00
2.381249999999999686e-02 6.440307692307692378e+02 4.493076640055946314e+01 0.000000000000000000e+00
2.428874999999999784e-02 6.446538461538460751e+02 4.497521035460735561e+01 0.000000000000000000e+00
2.476499999999999535e-02 6.452769230769230262e+02 4.501578670442795982e+01 0.000000000000000000e+00
2.524124999999999633e-02 6.458999999999999773e+02 4.505254703928315507e+01 0.000000000000000000e+00
2.571749999999999731e-02 6.452999999999999545e+02 4.575444501324056290e+01 0.000000000000000000e+00
2.619374999999999482e-02 6.446999999999999318e+02 4.646389611135435160e+01 0.000000000000000000e+00
2.666999999999999579e-02 6.441000000000000227e+02 4.718094525607757106e+01 0.000000000000000000e+00
2.714624999999999677e-02 6.435000000000000000e+02 4.790563650798759454e+01 0.000000000000000000e+00
2.762249999999999428e-02 6.428999999999999773e+02 4.863801302473278554e+01 0.000000000000000000e+00
2.809874999999999526e-02 6.422999999999999545e+02 4.937811701895822125e+01 0.000000000000000000e+00
2.857499999999999624e-02 6.417000000000000455e+02 5.012598971510972490e+01 0.000000000000000000e+00
2.905124999999999721e-02 6.411000000000000227e+02 5.088167130500833935e+01 0.000000000000000000e+00
2.952749999999999472e-02 6.405000000000000000e+02 5.164520090207462744e+01 0.000000000000000000e+00
3.000374999999999570e-02 6.398999999999999773e+02 5.241661649407620160e+01 0.000000000000000000e+00
3.047999999999999668e-02 6.392999999999999545e+02 5.319595489426178148e+01 0.000000000000000000e+00
3.095624999999999419e-02 6.387000000000000455e+02 5.398325169073728347e+01 0.000000000000000000e+00
3.143250000000000210e-02 6.381000000000000227e+02 5.477854119393536081e+01 0.000000000000000000e+00
3.190874999999999961e-02 6.375000000000000000e+02 5.558185638202235168e+01 0.000000000000000000e+00
3.238499999999999712e-02 6.358833333333333258e+02 5.709738887353529435e+01 0.000000000000000000e+00
3.286125000000000157e-02 6.342666666666666515e+02 5.865598385405232307e+01 0.000000000000000000e+00
3.333749999999999908e-02 6.326499999999999773e+02 6.025893614486982841e+01 0.000000000000000000e+00
3.381374999999999659e-02 6.310333333333333030e+02 6.190757982063506404e+01 0.000000000000000000e+00
3.429000000000000103e-02 6.294166666666666288e+02 6.360328926539892080e+01 0.000000000000000000e+00
3.476624999999999854e-02 6.277999999999999545e+02 6.534748023930441718e+01 0.000000000000000000e+00
3.524249999999999605e-02 6.264714285714285325e+02 6.689970730530100695e+01 0.000000000000000000e+00
3.571875000000000050e-02 6.251428571428571104e+02 6.848847981345573999e+01 0.000000000000000000e+00
3.619499999999999801e-02 6.238142857142856883e+02 7.011465378258350256e+01 0.000000000000000000e+00
3.667124999999999552e-02 6.224857142857142662e+02 7.177910268272492544e+01 0.000000000000000000e+00
3.714749999999999996e-02 6.211571428571428442e+02 7.348271753899524583e+01 0.000000000000000000e+00
3.762374999999999747e-02 6.198285714285714221e+02 7.522640701081806469e+01 1.117756051429750670e+02
3.809999999999999498e-02 6.185000000000000000e+02 7.679233347839490875e+01 2.878307985603682937e+02
