      Position [m]           Temperature [K]            Css [wt.ppm]             Cp [wt.ppm]       
-5.421010862427522170e-20 5.902000000000000455e+02 5.394965715898923975e+01 4.227516783402775218e+02
4.762499999999998939e-04 5.907000000000000455e+02 5.375886145244047754e+01 3.856349002435054558e+02
9.524999999999998962e-04 5.912000000000000455e+02 5.360189581830387340e+01 3.533253842044459816e+02
1.428749999999999899e-03 5.917000000000000455e+02 5.358303315139938405e+01 3.252966135565263244e+02
1.904999999999999576e-03 5.922000000000000455e+02 5.358312948099437278e+01 3.012984783235717714e+02
2.381249999999999686e-03 5.927000000000000455e+02 5.363389623054713695e+01 2.809354449777600280e+02
2.857499999999999363e-03 5.930000000000000000e+02 5.385043735044311575e+01 2.796896497830634303e+02
3.333749999999999474e-03 5.933000000000000682e+02 5.407170134671505934e+01 2.816156704598001852e+02
3.809999999999999151e-03 5.936000000000000227e+02 5.440644332973228359e+01 2.864479409082835559e+02
4.286249999999999262e-03 5.938999999999999773e+02 5.477154178273904961e+01 2.941139749798887237e+02
4.762499999999999373e-03 5.942000000000000455e+02 5.517066095043230689e+01 3.044524993723487114e+02
5.238749999999999483e-03 5.945000000000000000e+02 5.559282691618312100e+01 3.173115916545006598e+02
5.714999999999999594e-03 5.955399999999999636e+02 5.569732588992093980e+01 2.715565737597544853e+02
6.191249999999998838e-03 5.965800000000000409e+02 5.581228288356680167e+01 2.277743005214900904e+02
6.667499999999998948e-03 5.976200000000000045e+02 5.594400668595069703e+01 1.855127580038226824e+02
7.143749999999999059e-03 5.986600000000000819e+02 5.608641124190688743e+01 1.443857561764867512e+02
7.619999999999999170e-03 5.997000000000000455e+02 5.626365974792507529e+01 1.040032953167451240e+02
8.096249999999999281e-03 6.010333333333334167e+02 5.627975369359241853e+01 4.186301671863490981e+01
8.572500000000000259e-03 6.023666666666666742e+02 5.629547360269197043e+01 0.000000000000000000e+00
9.048749999999999502e-03 6.037000000000000455e+02 5.630131238693090978e+01 0.000000000000000000e+00
9.525000000000000480e-03 6.050333333333334167e+02 5.629659818442137009e+01 0.000000000000000000e+00
1.000124999999999972e-02 6.063666666666666742e+02 5.628168889047519485e+01 0.000000000000000000e+00
1.047749999999999897e-02 6.077000000000000455e+02 5.625693588569869519e+01 0.000000000000000000e+00
1.095374999999999995e-02 6.090333333333334167e+02 5.622268217613537189e+01 0.000000000000000000e+00
1.142999999999999919e-02 6.103666666666666742e+02 5.617926237474167550e+01 0.000000000000000000e+00
1.190625000000000017e-02 6.117000000000000455e+02 5.612700276207587535e+01 0.000000000000000000e+00
1.238249999999999941e-02 6.130333333333334167e+02 5.606622135548684582e+01 0.000000000000000000e+00
1.285874999999999865e-02 6.143666666666666742e+02 5.599722799893996239e+01 0.000000000000000000e+00
1.333499999999999963e-02 6.157000000000000455e+02 5.592032447244511673e+01 0.000000000000000000e+00
1.381124999999999887e-02 6.175416666666667425e+02 5.559082862729650287e+01 0.000000000000000000e+00
1.428749999999999985e-02 6.193833333333333258e+02 5.525678232343199170e+01 0.000000000000000000e+00
1.476374999999999910e-02 6.212250000000000227e+02 5.491859635549874952e+01 0.000000000000000000e+00
1.523999999999999834e-02 6.230666666666667197e+02 5.457666169817689905e+01 0.000000000000000000e+00
1.571624999999999758e-02 6.249083333333333030e+02 5.423135030802599488e+01 0.000000000000000000e+00
1.619249999999999856e-02 6.267500000000000000e+02 5.388301590032197907e+01 0.000000000000000000e+00
1.666874999999999607e-02 6.285916666666666970e+02 5.353199470101483826e+01 0.000000000000000000e+00
1.714499999999999705e-02 6.304333333333332803e+02 5.317860617393756684e+01 0.000000000000000000e+00
1.762124999999999803e-02 6.322749999999999773e+02 5.282315372345298954e+01 0.000000000000000000e+00
1.809749999999999553e-02 6.341166666666666742e+02 5.246592537279895652e+01 0.000000000000000000e+00
1.857374999999999651e-02 6.359583333333332575e+02 5.210719441846637778e+01 0.000000000000000000e+00
1.904999999999999749e-02 6.377999999999999545e+02 5.174722006101201544e+01 0.000000000000000000e+00
1.952624999999999847e-02 6.384230769230769056e+02 5.189267758885244319e+01 0.000000000000000000e+00
2.000249999999999598e-02 6.390461538461538566e+02 5.203389735088942558e+01 0.000000000000000000e+00
2.047874999999999696e-02 6.396692307692306940e+02 5.217092338206612823e+01 0.000000000000000000e+00
2.095499999999999793e-02 6.402923076923076451e+02 5.230379971055849353e+01 0.000000000000000000e+00
2.143124999999999544e-02 6.409153846153845961e+02 5.243257034341425538e+01 0.000000000000000000e+00
2.190749999999999642e-02 6.415384615384615472e+02 5.255727925270517176e+01 0.000000000000000000e+00
2.238374999999999740e-02 6.421615384615383846e+02 5.267797036217024242e+01 0.000000000000000000e+00
2.285999999999999491e-02 6.427846153846153356e+02 5.279468753432826134e+01 0.000000000000000000e+00
2.333624999999999589e-02 6.434076923076922867e+02 5.290747455803988686e+01 0.000000000000000000e+00
2.381249999999999686e-02 6.440307692307692378e+02 5.301637513649981059e+01 0.000000000000000000e+00
2.428874999999999784e-02 6.446538461538460751e+02 5.312143287564258287e+01 0.000000000000000000e+00
2.476499999999999535e-02 6.452769230769230262e+02 5.322269127294590874e+01 0.000000000000000000e+00
2.524124999999999633e-02 6.458999999999999773e+02 5.332019370661654278e+01 0.000000000000000000e+00
2.571749999999999731e-02 6.452999999999999545e+02 5.392467473759982255e+01 0.000000000000000000e+00
2.619374999999999482e-02 6.446999999999999318e+02 5.453439034345905156e+01 0.000000000000000000e+00
2.666999999999999579e-02 6.441000000000000227e+02 5.514936383040434009e+01 0.000000000000000000e+00
2.714624999999999677e-02 6.435000000000000000e+02 5.576961798230799872e+01 0.000000000000000000e+00
2.762249999999999428e-02 6.428999999999999773e+02 5.639517503738956350e+01 0.000000000000000000e+00
2.809874999999999526e-02 6.422999999999999545e+02 5.702605666417627361e+01 0.000000000000000000e+00
2.857499999999999624e-02 6.417000000000000455e+02 5.766228393670784413e+01 0.000000000000000000e+00
2.905124999999999721e-02 6.411000000000000227e+02 5.830387730895483145e+01 0.000000000000000000e+00
2.952749999999999472e-02 6.405000000000000000e+02 5.895085658841702525e+01 0.000000000000000000e+00
3.000374999999999570e-02 6.398999999999999773e+02 5.960324090886859949e+01 0.000000000000000000e+00
3.047999999999999668e-02 6.392999999999999545e+02 6.026104870221524834e+01 0.000000000000000000e+00
3.095624999999999419e-02 6.387000000000000455e+02 6.092429766942703395e+01 0.000000000000000000e+00
3.143250000000000210e-02 6.381000000000000227e+02 6.159300475051108492e+01 0.000000000000000000e+00
3.190874999999999961e-02 6.375000000000000000e+02 6.226718609348588274e+01 0.000000000000000000e+00
3.238499999999999712e-02 6.358833333333333258e+02 6.345574359868768965e+01 0.000000000000000000e+00
3.286125000000000157e-02 6.342666666666666515e+02 6.467084040744227025e+01 0.000000000000000000e+00
3.333749999999999908e-02 6.326499999999999773e+02 6.591312996672141367e+01 0.000000000000000000e+00
3.381374999999999659e-02 6.310333333333333030e+02 6.718328191841763442e+01 0.000000000000000000e+00
3.429000000000000103e-02 6.294166666666666288e+02 6.848198241573884104e+01 0.000000000000000000e+00
3.476624999999999854e-02 6.277999999999999545e+02 6.980993443611727400e+01 0.000000000000000000e+00
3.524249999999999605e-02 6.264714285714285325e+02 7.100115093600108196e+01 0.000000000000000000e+00
3.571875000000000050e-02 6.251428571428571104e+02 7.221467276225638443e+01 0.000000000000000000e+00
3.619499999999999801e-02 6.238142857142856883e+02 7.345092717079428724e+01 0.000000000000000000e+00
3.667124999999999552e-02 6.224857142857142662e+02 7.471034812901189071e+01 0.000000000000000000e+00
3.714749999999999996e-02 6.211571428571428442e+02 7.599337628409240608e+01 7.581949450812852831e+01
3.762374999999999747e-02 6.198285714285714221e+02 7.716520409943973391e+01 2.259078053708405207e+02
3.809999999999999498e-02 6.185000000000000000e+02 7.820577327224887654e+01 3.779161749314287135e+02
