      Position [m]           Temperature [K]            Css [wt.ppm]             Cp [wt.ppm]       
-5.421010862427522170e-20 5.341000000000000227e+02 1.921008736201593692e+01 8.663489111336372162e+01
4.762499999999998939e-04 5.348200000000000500e+02 1.910766186129205835e+01 6.801081704004577944e+01
9.524999999999998962e-04 5.355400000000000773e+02 1.912323284625047748e+01 5.374869064107991790e+01
1.428749999999999899e-03 5.362599999999999909e+02 1.920882964847866603e+01 4.359365858368814628e+01
1.904999999999999576e-03 5.369800000000000182e+02 1.936233392714227364e+01 3.741338786936763228e+01
2.381249999999999686e-03 5.377000000000000455e+02 1.958004090911309802e+01 3.516594948857991909e+01
2.857499999999999363e-03 5.382666666666666515e+02 1.990065950374579984e+01 4.195412909801187595e+01
3.333749999999999474e-03 5.388333333333333712e+02 2.030905019250479882e+01 5.311110731451110212e+01
3.809999999999999151e-03 5.393999999999999773e+02 2.076991140970915950e+01 6.903821329850508448e+01
4.286249999999999262e-03 5.399666666666666970e+02 2.137230562389790833e+01 9.009174932265418079e+01
4.762499999999999373e-03 5.405333333333333030e+02 2.204759383033304943e+01 1.168529072474098172e+02
5.238749999999999483e-03 5.411000000000000227e+02 2.276745484094966798e+01 1.499347102397675258e+02
5.714999999999999594e-03 5.433000000000000682e+02 2.325691983035013877e+01 1.276163072236940224e+02
6.191249999999998838e-03 5.455000000000000000e+02 2.378087845876658690e+01 1.078964085165531799e+02
6.667499999999998948e-03 5.477000000000000455e+02 2.440232765882957722e+01 8.989877159191517819e+01
7.143749999999999059e-03 5.498999999999999773e+02 2.505846459705757567e+01 7.276898366953298591e+01
7.619999999999999170e-03 5.521000000000000227e+02 2.571884678039870309e+01 5.554133713415412643e+01
8.096249999999999281e-03 5.550583333333333940e+02 2.618268205864031373e+01 6.288979248595969906e+00
8.572500000000000259e-03 5.580166666666666515e+02 2.663492852947918976e+01 0.000000000000000000e+00
9.048749999999999502e-03 5.609750000000000227e+02 2.701891371883028370e+01 0.000000000000000000e+00
9.525000000000000480e-03 5.639333333333333940e+02 2.734069653318110582e+01 0.000000000000000000e+00
1.000124999999999972e-02 5.668916666666666515e+02 2.760569225643301650e+01 0.000000000000000000e+00
1.047749999999999897e-02 5.698500000000000227e+02 2.781886854661469144e+01 0.000000000000000000e+00
1.095374999999999995e-02 5.728083333333333940e+02 2.798478372763870325e+01 0.000000000000000000e+00
1.142999999999999919e-02 5.757666666666666515e+02 2.810762112437047122e+01 0.000000000000000000e+00
1.190625000000000017e-02 5.787250000000000227e+02 2.819122044387435722e+01 0.000000000000000000e+00
1.238249999999999941e-02 5.816833333333333940e+02 2.823910645122459684e+01 0.000000000000000000e+00
1.285874999999999865e-02 5.846416666666666515e+02 2.825451517787490019e+01 0.000000000000000000e+00
1.333499999999999963e-02 5.876000000000000227e+02 2.824041788003411213e+01 0.000000000000000000e+00
1.381124999999999887e-02 5.907416666666666742e+02 2.815163131313842371e+01 0.000000000000000000e+00
1.428749999999999985e-02 5.938833333333333258e+02 2.803900067775623128e+01 0.000000000000000000e+00
1.476374999999999910e-02 5.970249999999999773e+02 2.790502345127684691e+01 0.000000000000000000e+00
1.523999999999999834e-02 6.001666666666666288e+02 2.775197813154949245e+01 0.000000000000000000e+00
1.571624999999999758e-02 6.033083333333332803e+02 2.758194335967856148e+01 0.000000000000000000e+00
1.619249999999999856e-02 6.064500000000000455e+02 2.739681531901006650e+01 0.000000000000000000e+00
1.666874999999999607e-02 6.095916666666665833e+02 2.719832357140316859e+01 0.000000000000000000e+00
1.714499999999999705e-02 6.127333333333333485e+02 2.698804547642076201e+01 0.000000000000000000e+00
1.762124999999999803e-02 6.158750000000000000e+02 2.676741932510934419e+01 0.000000000000000000e+00
1.809749999999999553e-02 6.190166666666666515e+02 2.653775630741796121e+01 0.000000000000000000e+00
1.857374999999999651e-02 6.221583333333333030e+02 2.630025142092055290e+01 0.000000000000000000e+00
1.904999999999999749e-02 6.252999999999999545e+02 2.605599341821901049e+01 0.000000000000000000e+00
1.952624999999999847e-02 6.270384615384615472e+02 2.610474865401873501e+01 0.000000000000000000e+00
2.000249999999999598e-02 6.287769230769230262e+02 2.614484448212845891e+01 0.000000000000000000e+00
2.047874999999999696e-02 6.305153846153846189e+02 2.617668015415840088e+01 0.000000000000000000e+00
2.095499999999999793e-02 6.322538461538460979e+02 2.620063801789026314e+01 0.000000000000000000e+00
2.143124999999999544e-02 6.339923076923076906e+02 2.621708424954869088e+01 0.000000000000000000e+00
2.190749999999999642e-02 6.357307692307691696e+02 2.622636955309799944e+01 0.000000000000000000e+00
2.238374999999999740e-02 6.374692307692307622e+02 2.622882982806742547e+01 0.000000000000000000e+00
2.285999999999999491e-02 6.392076923076922412e+02 2.622478680734556633e+01 0.000000000000000000e+00
2.333624999999999589e-02 6.409461538461538339e+02 2.621454866632200620e+01 0.000000000000000000e+00
2.381249999999999686e-02 6.426846153846153129e+02 2.619841060469558514e+01 0.000000000000000000e+00
2.428874999999999784e-02 6.444230769230769056e+02 2.617665540220953346e+01 0.000000000000000000e+00
2.476499999999999535e-02 6.461615384615383846e+02 2.614955394951865841e+01 0.000000000000000000e+00
2.524124999999999633e-02 6.478999999999999773e+02 2.611736575533879190e+01 0.000000000000000000e+00
2.571749999999999731e-02 6.461285714285713766e+02 2.677808793482602212e+01 0.000000000000000000e+00
2.619374999999999482e-02 6.443571428571428896e+02 2.745684044271555280e+01 0.000000000000000000e+00
2.666999999999999579e-02 6.425857142857142890e+02 2.815418417240829640e+01 0.000000000000000000e+00
2.714624999999999677e-02 6.408142857142856883e+02 2.887069954137794880e+01 0.000000000000000000e+00
2.762249999999999428e-02 6.390428571428572013e+02 2.960698723225587514e+01 0.000000000000000000e+00
2.809874999999999526e-02 6.372714285714286007e+02 3.036366896369092672e+01 0.000000000000000000e+00
2.857499999999999624e-02 6.355000000000000000e+02 3.114138829220465610e+01 0.000000000000000000e+00
2.905124999999999721e-02 6.337285714285713993e+02 3.194081144631049796e+01 0.000000000000000000e+00
2.952749999999999472e-02 6.319571428571429124e+02 3.276262819421535966e+01 0.000000000000000000e+00
3.000374999999999570e-02 6.301857142857143117e+02 3.360755274647263491e+01 0.000000000000000000e+00
3.047999999999999668e-02 6.284142857142857110e+02 3.447632469501008501e+01 0.000000000000000000e+00
3.095624999999999419e-02 6.266428571428572241e+02 3.536970999000902793e+01 0.000000000000000000e+00
3.143250000000000210e-02 6.248714285714286234e+02 3.628850195616894325e+01 0.000000000000000000e+00
3.190874999999999961e-02 6.231000000000000227e+02 3.723352234994744947e+01 0.000000000000000000e+00
3.238499999999999712e-02 6.192333333333333485e+02 3.884763570111120146e+01 0.000000000000000000e+00
3.286125000000000157e-02 6.153666666666666742e+02 4.055246612585936816e+01 0.000000000000000000e+00
3.333749999999999908e-02 6.115000000000000000e+02 4.235420008903588496e+01 0.000000000000000000e+00
3.381374999999999659e-02 6.076333333333333258e+02 4.425951622601257895e+01 0.000000000000000000e+00
3.429000000000000103e-02 6.037666666666666515e+02 4.627562980595484987e+01 0.000000000000000000e+00
3.476624999999999854e-02 5.998999999999999773e+02 4.841034166174003417e+01 0.000000000000000000e+00
3.524249999999999605e-02 5.965285714285714675e+02 5.045923580437300870e+01 0.000000000000000000e+00
3.571875000000000050e-02 5.931571428571428442e+02 5.261765998904680686e+01 1.967330262443248898e+02
3.619499999999999801e-02 5.897857142857142208e+02 5.485537797071560107e+01 5.057235702393176666e+02
3.667124999999999552e-02 5.864142857142857110e+02 5.716366551773606375e+01 8.680521934229066119e+02
3.714749999999999996e-02 5.830428571428570876e+02 5.952464479251995044e+01 1.307874074406860245e+03
3.762374999999999747e-02 5.796714285714284642e+02 6.190311968131182141e+01 1.872668287073192687e+03
3.809999999999999498e-02 5.762999999999999545e+02 6.422659883512682200e+01 2.688236106188539907e+03
