H1 	0.104 	0.052 	316.6 	440 
H2 	0.091 	0.177 	318.5 	410 
H3 	0.110 	0.305 	320.0 	345 
H4 	0.112 	0.443 	321.0 	325 
H5 	0.113 	0.582 	323.0 	280 
H6 	0.114 	0.723 	325.9 	205 
H7 	0.110 	0.863 	329.5 	150 
H8 	0.112 	1.001 	333.4 	120 
H9 	0.249 	1.208 	339.2 	100 
H10 	0.210 	1.465 	347.7 	73 
H11 	0.208 	1.701 	356.9 	81 
H12 	0.223 	1.943 	365.3 	76 
H13 	0.209 	2.186 	368.4 	70 
H14 	0.217 	2.426 	371.5 	65 
H15 	0.205 	2.664 	371.3 	60 
H16 	0.224 	2.905 	368.1 	74 
H17 	0.206 	3.147 	364.9 	80 
H18 	0.206 	3.380 	358.2 	87 
H19 	0.114 	3.567 	351.7 	130 
H20 	0.159 	3.731 	345.1 	620 
