H1 	0.102 	0.051 	316.6 	465 
H2 	0.088 	0.188 	318.7 	410 
H3 	0.089 	0.318 	320.1 	335 
H4 	0.081 	0.445 	321.0 	290 
H5 	0.089 	0.573 	322.8 	255 
H6 	0.080 	0.699 	325.4 	195 
H7 	0.085 	0.824 	328.4 	130 
H8 	0.086 	0.952 	332.0 	120 
H9 	0.212 	1.143 	337.4 	86 
H10 	0.208 	1.395 	345.1 	79 
H11 	0.210 	1.646 	354.8 	76 
H12 	0.191 	1.888 	364.1 	69 
H13 	0.210 	2.131 	367.7 	78 
H14 	0.198 	2.377 	370.8 	81 
H15 	0.212 	2.624 	371.8 	79 
H16 	0.208 	2.876 	368.5 	87 
H17 	0.207 	3.126 	365.2 	88 
H18 	0.212 	3.378 	358.3 	100 
H19 	0.091 	3.572 	351.5 	130 
H20 	0.150 	3.735 	344.9 	800 
