Results for node = 1
    time [s]    temperature [K]    growth [/]    nucleation [/]   Css [wt.ppm]    Cp [wt.ppm]   
   0.0000E+00      2.9300E+02      0.0000E+00      0.0000E+00      4.8679E-02      2.5495E+02   
   1.4500E+00      2.9330E+02      0.0000E+00      0.0000E+00      4.8764E-02      2.5495E+02   
   2.1450E+01      2.9739E+02      0.0000E+00      0.0000E+00      5.0109E-02      2.5495E+02   
   4.1450E+01      3.0148E+02      0.0000E+00      0.0000E+00      5.1835E-02      2.5495E+02   
   6.1450E+01      3.0557E+02      0.0000E+00      0.0000E+00      5.4036E-02      2.5495E+02   
   8.1450E+01      3.0966E+02      0.0000E+00      0.0000E+00      5.6827E-02      2.5494E+02   
   1.0145E+02      3.1375E+02      0.0000E+00      0.0000E+00      6.0346E-02      2.5494E+02   
   1.2145E+02      3.1784E+02      0.0000E+00      0.0000E+00      6.4757E-02      2.5494E+02   
   1.4145E+02      3.2193E+02      0.0000E+00      0.0000E+00      7.0261E-02      2.5493E+02   
   1.6145E+02      3.2602E+02      0.0000E+00      0.0000E+00      7.7093E-02      2.5492E+02   
   1.8145E+02      3.3011E+02      0.0000E+00      0.0000E+00      8.5538E-02      2.5491E+02   
   2.0145E+02      3.3421E+02      0.0000E+00      0.0000E+00      9.5928E-02      2.5490E+02   
   2.2145E+02      3.3830E+02      0.0000E+00      0.0000E+00      1.0866E-01      2.5489E+02   
   2.4145E+02      3.4239E+02      0.0000E+00      0.0000E+00      1.2420E-01      2.5488E+02   
   2.6145E+02      3.4648E+02      0.0000E+00      0.0000E+00      1.4310E-01      2.5486E+02   
   2.8145E+02      3.5057E+02      0.0000E+00      0.0000E+00      1.6601E-01      2.5483E+02   
   3.0145E+02      3.5466E+02      0.0000E+00      0.0000E+00      1.9366E-01      2.5481E+02   
   3.2145E+02      3.5875E+02      0.0000E+00      0.0000E+00      2.2695E-01      2.5477E+02   
   3.4145E+02      3.6284E+02      0.0000E+00      0.0000E+00      2.6688E-01      2.5473E+02   
   3.6145E+02      3.6693E+02      0.0000E+00      0.0000E+00      3.1464E-01      2.5469E+02   
   3.8145E+02      3.7102E+02      0.0000E+00      0.0000E+00      3.7157E-01      2.5463E+02   
   4.0145E+02      3.7511E+02      0.0000E+00      0.0000E+00      4.3924E-01      2.5456E+02   
   4.2145E+02      3.7921E+02      0.0000E+00      0.0000E+00      5.1940E-01      2.5448E+02   
   4.4145E+02      3.8330E+02      0.0000E+00      0.0000E+00      6.1409E-01      2.5439E+02   
   4.6145E+02      3.8739E+02      0.0000E+00      0.0000E+00      7.2554E-01      2.5427E+02   
   4.8145E+02      3.9148E+02      0.0000E+00      0.0000E+00      8.5631E-01      2.5414E+02   
   5.0145E+02      3.9557E+02      0.0000E+00      0.0000E+00      1.0092E+00      2.5399E+02   
   5.2145E+02      3.9966E+02      0.0000E+00      0.0000E+00      1.1872E+00      2.5381E+02   
   5.4145E+02      4.0375E+02      0.0000E+00      0.0000E+00      1.3938E+00      2.5361E+02   
   5.6145E+02      4.0784E+02      0.0000E+00      0.0000E+00      1.6325E+00      2.5337E+02   
   5.8145E+02      4.1193E+02      0.0000E+00      0.0000E+00      1.9070E+00      2.5309E+02   
   6.0145E+02      4.1602E+02      0.0000E+00      0.0000E+00      2.2213E+00      2.5278E+02   
   6.2145E+02      4.2011E+02      0.0000E+00      0.0000E+00      2.5794E+00      2.5242E+02   
   6.4145E+02      4.2421E+02      0.0000E+00      0.0000E+00      2.9851E+00      2.5201E+02   
   6.6145E+02      4.2830E+02      0.0000E+00      0.0000E+00      3.4423E+00      2.5156E+02   
   6.8145E+02      4.3239E+02      0.0000E+00      0.0000E+00      3.9544E+00      2.5105E+02   
   7.0145E+02      4.3648E+02      0.0000E+00      0.0000E+00      4.5246E+00      2.5048E+02   
   7.2145E+02      4.4057E+02      0.0000E+00      0.0000E+00      5.1554E+00      2.4984E+02   
   7.4145E+02      4.4466E+02      0.0000E+00      0.0000E+00      5.8488E+00      2.4915E+02   
   7.6145E+02      4.4875E+02      0.0000E+00      0.0000E+00      6.6059E+00      2.4839E+02   
   7.8145E+02      4.5284E+02      0.0000E+00      0.0000E+00      7.4272E+00      2.4757E+02   
   8.0145E+02      4.5693E+02      0.0000E+00      0.0000E+00      8.3123E+00      2.4669E+02   
   8.2145E+02      4.6102E+02      0.0000E+00      0.0000E+00      9.2604E+00      2.4574E+02   
   8.4145E+02      4.6511E+02      0.0000E+00      0.0000E+00      1.0270E+01      2.4473E+02   
   8.6145E+02      4.6921E+02      0.0000E+00      0.0000E+00      1.1339E+01      2.4366E+02   
   8.8145E+02      4.7330E+02      0.0000E+00      0.0000E+00      1.2465E+01      2.4253E+02   
   9.0145E+02      4.7739E+02      0.0000E+00      0.0000E+00      1.3648E+01      2.4135E+02   
   9.2145E+02      4.8148E+02      0.0000E+00      0.0000E+00      1.4886E+01      2.4011E+02   
   9.4145E+02      4.8557E+02      0.0000E+00      0.0000E+00      1.6178E+01      2.3882E+02   
   9.6145E+02      4.8966E+02      0.0000E+00      0.0000E+00      1.7524E+01      2.3748E+02   
   9.8145E+02      4.9375E+02      0.0000E+00      0.0000E+00      1.8927E+01      2.3607E+02   
   1.0014E+03      4.9784E+02      0.0000E+00      0.0000E+00      2.0387E+01      2.3461E+02   
   1.0214E+03      5.0193E+02      0.0000E+00      0.0000E+00      2.1908E+01      2.3309E+02   
   1.0414E+03      5.0602E+02      0.0000E+00      0.0000E+00      2.3492E+01      2.3151E+02   
   1.0614E+03      5.1011E+02      0.0000E+00      0.0000E+00      2.5144E+01      2.2986E+02   
   1.0814E+03      5.1421E+02      0.0000E+00      0.0000E+00      2.6867E+01      2.2813E+02   
   1.1014E+03      5.1830E+02      0.0000E+00      0.0000E+00      2.8664E+01      2.2634E+02   
   1.1214E+03      5.2239E+02      0.0000E+00      0.0000E+00      3.0540E+01      2.2446E+02   
   1.1414E+03      5.2648E+02      0.0000E+00      0.0000E+00      3.2498E+01      2.2250E+02   
   1.1614E+03      5.3057E+02      0.0000E+00      0.0000E+00      3.4542E+01      2.2046E+02   
   1.1814E+03      5.3466E+02      0.0000E+00      0.0000E+00      3.6674E+01      2.1833E+02   
   1.2014E+03      5.3875E+02      0.0000E+00      0.0000E+00      3.8899E+01      2.1610E+02   
   1.2214E+03      5.4284E+02      0.0000E+00      0.0000E+00      4.1218E+01      2.1378E+02   
   1.2414E+03      5.4693E+02      0.0000E+00      0.0000E+00      4.3636E+01      2.1136E+02   
   1.2614E+03      5.5102E+02      0.0000E+00      0.0000E+00      4.6154E+01      2.0885E+02   
   1.2814E+03      5.5511E+02      0.0000E+00      0.0000E+00      4.8777E+01      2.0622E+02   
   1.3014E+03      5.5921E+02      0.0000E+00      0.0000E+00      5.1507E+01      2.0349E+02   
   1.3214E+03      5.6330E+02      0.0000E+00      0.0000E+00      5.4347E+01      2.0065E+02   
   1.3414E+03      5.6739E+02      0.0000E+00      0.0000E+00      5.7299E+01      1.9770E+02   
   1.3614E+03      5.7148E+02      0.0000E+00      0.0000E+00      6.0367E+01      1.9463E+02   
   1.3814E+03      5.7557E+02      0.0000E+00      0.0000E+00      6.3553E+01      1.9145E+02   
   1.4014E+03      5.7966E+02      0.0000E+00      0.0000E+00      6.6860E+01      1.8814E+02   
   1.4214E+03      5.8375E+02      0.0000E+00      0.0000E+00      7.0291E+01      1.8471E+02   
   1.4414E+03      5.8784E+02      0.0000E+00      0.0000E+00      7.3848E+01      1.8115E+02   
   1.4614E+03      5.9193E+02      0.0000E+00      0.0000E+00      7.7535E+01      1.7747E+02   
   1.4814E+03      5.9602E+02      0.0000E+00      0.0000E+00      8.1353E+01      1.7365E+02   
   1.5014E+03      6.0011E+02      0.0000E+00      0.0000E+00      8.5306E+01      1.6969E+02   
   1.5214E+03      6.0421E+02      0.0000E+00      0.0000E+00      8.9396E+01      1.6560E+02   
   1.5414E+03      6.0830E+02      0.0000E+00      0.0000E+00      9.3626E+01      1.6137E+02   
   1.5614E+03      6.1239E+02      0.0000E+00      0.0000E+00      9.7998E+01      1.5700E+02   
   1.5814E+03      6.1648E+02      0.0000E+00      0.0000E+00      1.0252E+02      1.5248E+02   
   1.6014E+03      6.2057E+02      0.0000E+00      0.0000E+00      1.0718E+02      1.4782E+02   
   1.6214E+03      6.2466E+02      0.0000E+00      0.0000E+00      1.1199E+02      1.4301E+02   
   1.6414E+03      6.2875E+02      0.0000E+00      0.0000E+00      1.1696E+02      1.3804E+02   
   1.6614E+03      6.3284E+02      0.0000E+00      0.0000E+00      1.2208E+02      1.3292E+02   
   1.6814E+03      6.3693E+02      0.0000E+00      0.0000E+00      1.2736E+02      1.2764E+02   
   1.7014E+03      6.4102E+02      0.0000E+00      0.0000E+00      1.3280E+02      1.2220E+02   
   1.7214E+03      6.4511E+02      0.0000E+00      0.0000E+00      1.3840E+02      1.1660E+02   
   1.7414E+03      6.4921E+02      0.0000E+00      0.0000E+00      1.4416E+02      1.1084E+02   
   1.7614E+03      6.5330E+02      0.0000E+00      0.0000E+00      1.5009E+02      1.0491E+02   
   1.7814E+03      6.5739E+02      0.0000E+00      0.0000E+00      1.5619E+02      9.8809E+01   
   1.8014E+03      6.6148E+02      0.0000E+00      0.0000E+00      1.6246E+02      9.2540E+01   
   1.8214E+03      6.6557E+02      0.0000E+00      0.0000E+00      1.6890E+02      8.6097E+01   
   1.8414E+03      6.6966E+02      0.0000E+00      0.0000E+00      1.7552E+02      7.9480E+01   
   1.8614E+03      6.7375E+02      0.0000E+00      0.0000E+00      1.8231E+02      7.2685E+01   
   1.8814E+03      6.7784E+02      0.0000E+00      0.0000E+00      1.8929E+02      6.5712E+01   
   1.9014E+03      6.8193E+02      0.0000E+00      0.0000E+00      1.9644E+02      5.8557E+01   
   1.9214E+03      6.8602E+02      0.0000E+00      0.0000E+00      2.0378E+02      5.1220E+01   
   1.9414E+03      6.9011E+02      0.0000E+00      0.0000E+00      2.1130E+02      4.3697E+01   
   1.9614E+03      6.9421E+02      0.0000E+00      0.0000E+00      2.1901E+02      3.5988E+01   
   1.9814E+03      6.9800E+02      0.0000E+00      0.0000E+00      2.2672E+02      2.8275E+01   
   2.0014E+03      6.9800E+02      0.0000E+00      0.0000E+00      2.2705E+02      2.7950E+01   
   2.0214E+03      6.9800E+02      0.0000E+00      0.0000E+00      2.2705E+02      2.7950E+01   
   2.0414E+03      6.9800E+02      0.0000E+00      0.0000E+00      2.2705E+02      2.7950E+01   
   2.0614E+03      6.9800E+02      0.0000E+00      0.0000E+00      2.2705E+02      2.7950E+01   
   2.0814E+03      6.9800E+02      0.0000E+00      0.0000E+00      2.2705E+02      2.7950E+01   
   2.1014E+03      6.9800E+02      0.0000E+00      0.0000E+00      2.2705E+02      2.7950E+01   
   2.1214E+03      6.9800E+02      0.0000E+00      0.0000E+00      2.2705E+02      2.7950E+01   
   2.1414E+03      6.9800E+02      0.0000E+00      0.0000E+00      2.2705E+02      2.7950E+01   
   2.1614E+03      6.9800E+02      0.0000E+00      0.0000E+00      2.2705E+02      2.7950E+01   
   2.1814E+03      6.9800E+02      0.0000E+00      0.0000E+00      2.2705E+02      2.7950E+01   
   2.2014E+03      6.9800E+02      0.0000E+00      0.0000E+00      2.2705E+02      2.7950E+01   
   2.2214E+03      6.9800E+02      0.0000E+00      0.0000E+00      2.2705E+02      2.7950E+01   
   2.2414E+03      6.9800E+02      0.0000E+00      0.0000E+00      2.2705E+02      2.7950E+01   
   2.2614E+03      6.9800E+02      0.0000E+00      0.0000E+00      2.2705E+02      2.7950E+01   
   2.2814E+03      6.9800E+02      0.0000E+00      0.0000E+00      2.2705E+02      2.7950E+01   
   2.3014E+03      6.9800E+02      0.0000E+00      0.0000E+00      2.2705E+02      2.7950E+01   
   2.3214E+03      6.9800E+02      0.0000E+00      0.0000E+00      2.2705E+02      2.7950E+01   
   2.3414E+03      6.9800E+02      0.0000E+00      0.0000E+00      2.2705E+02      2.7950E+01   
   2.3614E+03      6.9800E+02      0.0000E+00      0.0000E+00      2.2705E+02      2.7950E+01   
   2.3814E+03      6.9800E+02      0.0000E+00      0.0000E+00      2.2705E+02      2.7950E+01   
   2.4014E+03      6.9800E+02      0.0000E+00      0.0000E+00      2.2705E+02      2.7950E+01   
   2.4215E+03      6.9800E+02      0.0000E+00      0.0000E+00      2.2705E+02      2.7950E+01   
   2.4415E+03      6.9800E+02      0.0000E+00      0.0000E+00      2.2705E+02      2.7950E+01   
   2.4615E+03      6.9800E+02      0.0000E+00      0.0000E+00      2.2705E+02      2.7950E+01   
   2.4815E+03      6.9800E+02      0.0000E+00      0.0000E+00      2.2705E+02      2.7950E+01   
   2.5015E+03      6.9800E+02      0.0000E+00      0.0000E+00      2.2705E+02      2.7950E+01   
   2.5215E+03      6.9800E+02      0.0000E+00      0.0000E+00      2.2705E+02      2.7950E+01   
   2.5415E+03      6.9800E+02      0.0000E+00      0.0000E+00      2.2705E+02      2.7950E+01   
   2.5615E+03      6.9800E+02      0.0000E+00      0.0000E+00      2.2705E+02      2.7950E+01   
   2.5815E+03      6.9772E+02      1.0000E+00      0.0000E+00      2.2705E+02      2.7950E+01   
   2.6015E+03      6.9386E+02      1.0000E+00      0.0000E+00      2.2705E+02      2.7953E+01   
   2.6215E+03      6.8999E+02      1.0000E+00      0.0000E+00      2.2704E+02      2.7960E+01   
   2.6415E+03      6.8613E+02      1.0000E+00      0.0000E+00      2.2703E+02      2.7973E+01   
   2.6615E+03      6.8227E+02      1.0000E+00      0.0000E+00      2.2701E+02      2.7992E+01   
   2.6815E+03      6.7840E+02      1.0000E+00      0.0000E+00      2.2698E+02      2.8018E+01   
   2.7015E+03      6.7454E+02      1.0000E+00      0.0000E+00      2.2695E+02      2.8051E+01   
   2.7215E+03      6.7067E+02      1.0000E+00      0.0000E+00      2.2691E+02      2.8094E+01   
   2.7415E+03      6.6681E+02      1.0000E+00      0.0000E+00      2.2685E+02      2.8147E+01   
   2.7615E+03      6.6295E+02      1.0000E+00      0.0000E+00      2.2679E+02      2.8210E+01   
   2.7815E+03      6.5908E+02      1.0000E+00      0.0000E+00      2.2671E+02      2.8287E+01   
   2.8015E+03      6.5522E+02      1.0000E+00      0.0000E+00      2.2662E+02      2.8377E+01   
   2.8215E+03      6.5136E+02      1.0000E+00      0.0000E+00      2.2652E+02      2.8482E+01   
   2.8415E+03      6.4749E+02      1.0000E+00      0.0000E+00      2.2640E+02      2.8603E+01   
   2.8615E+03      6.4363E+02      1.0000E+00      0.0000E+00      2.2626E+02      2.8743E+01   
   2.8815E+03      6.3977E+02      1.0000E+00      0.0000E+00      2.2610E+02      2.8901E+01   
   2.9015E+03      6.3590E+02      1.0000E+00      0.0000E+00      2.2592E+02      2.9081E+01   
   2.9215E+03      6.3204E+02      1.0000E+00      0.0000E+00      2.2572E+02      2.9283E+01   
   2.9415E+03      6.2817E+02      1.0000E+00      0.0000E+00      2.2549E+02      2.9509E+01   
   2.9615E+03      6.2431E+02      1.0000E+00      0.0000E+00      2.2524E+02      2.9759E+01   
   2.9815E+03      6.2045E+02      1.0000E+00      0.0000E+00      2.2497E+02      3.0035E+01   
   3.0015E+03      6.1658E+02      6.6810E-01      3.3190E-01      2.2466E+02      3.0344E+01   
   3.0215E+03      6.1272E+02      1.7223E-01      8.2777E-01      2.2341E+02      3.1595E+01   
   3.0415E+03      6.0886E+02      1.1429E-01      8.8571E-01      2.2073E+02      3.4270E+01   
   3.0615E+03      6.0499E+02      9.4527E-02      9.0547E-01      2.1684E+02      3.8157E+01   
   3.0815E+03      6.0113E+02      8.6178E-02      9.1382E-01      2.1196E+02      4.3037E+01   
   3.1015E+03      5.9727E+02      8.2630E-02      9.1737E-01      2.0631E+02      4.8694E+01   
   3.1215E+03      5.9340E+02      8.1392E-02      9.1861E-01      2.0008E+02      5.4918E+01   
   3.1415E+03      5.8954E+02      8.1270E-02      9.1873E-01      1.9348E+02      6.1521E+01   
   3.1615E+03      5.8567E+02      8.1581E-02      9.1842E-01      1.8666E+02      6.8337E+01   
   3.1815E+03      5.8181E+02      8.1888E-02      9.1811E-01      1.7977E+02      7.5227E+01   
   3.2015E+03      5.7795E+02      8.1881E-02      9.1812E-01      1.7292E+02      8.2082E+01   
   3.2215E+03      5.7408E+02      8.1343E-02      9.1866E-01      1.6617E+02      8.8825E+01   
   3.2415E+03      5.7022E+02      8.0131E-02      9.1987E-01      1.5960E+02      9.5402E+01   
   3.2615E+03      5.6636E+02      7.8175E-02      9.2182E-01      1.5322E+02      1.0178E+02   
   3.2815E+03      5.6249E+02      7.5474E-02      9.2453E-01      1.4705E+02      1.0795E+02   
   3.3015E+03      5.5863E+02      7.2092E-02      9.2791E-01      1.4110E+02      1.1390E+02   
   3.3215E+03      5.5477E+02      6.8141E-02      9.3186E-01      1.3536E+02      1.1964E+02   
   3.3415E+03      5.5090E+02      6.3765E-02      9.3623E-01      1.2982E+02      1.2518E+02   
   3.3615E+03      5.4704E+02      5.9118E-02      9.4088E-01      1.2447E+02      1.3053E+02   
   3.3815E+03      5.4317E+02      5.4344E-02      9.4566E-01      1.1930E+02      1.3570E+02   
   3.4015E+03      5.3931E+02      4.9572E-02      9.5043E-01      1.1431E+02      1.4069E+02   
   3.4215E+03      5.3545E+02      4.4905E-02      9.5510E-01      1.0948E+02      1.4552E+02   
   3.4415E+03      5.3158E+02      4.0419E-02      9.5958E-01      1.0482E+02      1.5018E+02   
   3.4615E+03      5.2772E+02      3.6171E-02      9.6383E-01      1.0030E+02      1.5470E+02   
   3.4815E+03      5.2386E+02      3.2195E-02      9.6780E-01      9.5938E+01      1.5906E+02   
   3.5015E+03      5.1999E+02      2.8513E-02      9.7149E-01      9.1718E+01      1.6328E+02   
   3.5215E+03      5.1613E+02      2.5132E-02      9.7487E-01      8.7639E+01      1.6736E+02   
   3.5415E+03      5.1227E+02      2.2053E-02      9.7795E-01      8.3696E+01      1.7130E+02   
   3.5615E+03      5.0840E+02      1.9266E-02      9.8073E-01      7.9885E+01      1.7511E+02   
   3.5815E+03      5.0454E+02      1.6762E-02      9.8324E-01      7.6204E+01      1.7880E+02   
   3.6015E+03      5.0067E+02      1.4523E-02      9.8548E-01      7.2648E+01      1.8235E+02   
   3.6215E+03      4.9681E+02      1.2532E-02      9.8747E-01      6.9215E+01      1.8579E+02   
   3.6415E+03      4.9295E+02      1.0771E-02      9.8923E-01      6.5901E+01      1.8910E+02   
   3.6615E+03      4.8908E+02      9.2207E-03      9.9078E-01      6.2704E+01      1.9230E+02   
   3.6815E+03      4.8522E+02      7.8624E-03      9.9214E-01      5.9621E+01      1.9538E+02   
   3.7015E+03      4.8136E+02      6.6777E-03      9.9332E-01      5.6648E+01      1.9835E+02   
   3.7215E+03      4.7749E+02      5.6488E-03      9.9435E-01      5.3784E+01      2.0122E+02   
   3.7415E+03      4.7363E+02      4.7592E-03      9.9524E-01      5.1025E+01      2.0397E+02   
   3.7615E+03      4.6977E+02      3.9934E-03      9.9601E-01      4.8370E+01      2.0663E+02   
   3.7815E+03      4.6590E+02      3.3369E-03      9.9666E-01      4.5816E+01      2.0918E+02   
   3.8015E+03      4.6204E+02      2.7766E-03      9.9722E-01      4.3359E+01      2.1164E+02   
   3.8215E+03      4.5817E+02      2.3005E-03      9.9770E-01      4.0999E+01      2.1400E+02   
   3.8415E+03      4.5431E+02      1.8976E-03      9.9810E-01      3.8733E+01      2.1627E+02   
   3.8615E+03      4.5045E+02      1.5583E-03      9.9844E-01      3.6558E+01      2.1844E+02   
   3.8815E+03      4.4658E+02      1.2737E-03      9.9873E-01      3.4473E+01      2.2053E+02   
   3.9015E+03      4.4300E+02      4.0902E-03      9.9591E-01      3.2541E+01      2.2246E+02   
   3.9215E+03      4.4300E+02      3.9871E-02      9.6013E-01      3.2467E+01      2.2253E+02   
   3.9415E+03      4.4300E+02      3.9879E-02      9.6012E-01      3.2416E+01      2.2258E+02   
   3.9615E+03      4.4300E+02      3.9887E-02      9.6011E-01      3.2365E+01      2.2264E+02   
   3.9815E+03      4.4300E+02      3.9895E-02      9.6011E-01      3.2313E+01      2.2269E+02   
   4.0015E+03      4.4300E+02      3.9902E-02      9.6010E-01      3.2262E+01      2.2274E+02   
   4.0215E+03      4.4300E+02      3.9910E-02      9.6009E-01      3.2211E+01      2.2279E+02   
   4.0415E+03      4.4300E+02      3.9918E-02      9.6008E-01      3.2160E+01      2.2284E+02   
   4.0615E+03      4.4300E+02      3.9925E-02      9.6007E-01      3.2109E+01      2.2289E+02   
   4.0815E+03      4.4300E+02      3.9933E-02      9.6007E-01      3.2059E+01      2.2294E+02   
   4.1015E+03      4.4300E+02      3.9940E-02      9.6006E-01      3.2008E+01      2.2299E+02   
   4.1215E+03      4.4300E+02      3.9948E-02      9.6005E-01      3.1958E+01      2.2304E+02   
   4.1415E+03      4.4300E+02      3.9955E-02      9.6004E-01      3.1907E+01      2.2309E+02   
   4.1615E+03      4.4300E+02      3.9963E-02      9.6004E-01      3.1857E+01      2.2314E+02   
   4.1815E+03      4.4300E+02      3.9970E-02      9.6003E-01      3.1807E+01      2.2319E+02   
   4.2015E+03      4.4300E+02      3.9977E-02      9.6002E-01      3.1756E+01      2.2324E+02   
   4.2215E+03      4.4300E+02      3.9984E-02      9.6002E-01      3.1706E+01      2.2329E+02   
   4.2415E+03      4.4300E+02      3.9991E-02      9.6001E-01      3.1657E+01      2.2334E+02   
   4.2615E+03      4.4300E+02      3.9999E-02      9.6000E-01      3.1607E+01      2.2339E+02   
   4.2815E+03      4.4300E+02      4.0006E-02      9.5999E-01      3.1557E+01      2.2344E+02   
   4.3015E+03      4.4300E+02      4.0013E-02      9.5999E-01      3.1507E+01      2.2349E+02   
   4.3215E+03      4.4300E+02      4.0020E-02      9.5998E-01      3.1458E+01      2.2354E+02   
   4.3415E+03      4.4300E+02      4.0026E-02      9.5997E-01      3.1408E+01      2.2359E+02   
   4.3615E+03      4.4300E+02      4.0033E-02      9.5997E-01      3.1359E+01      2.2364E+02   
   4.3815E+03      4.4300E+02      4.0040E-02      9.5996E-01      3.1310E+01      2.2369E+02   
   4.4015E+03      4.4300E+02      4.0047E-02      9.5995E-01      3.1261E+01      2.2374E+02   
   4.4215E+03      4.4300E+02      4.0054E-02      9.5995E-01      3.1212E+01      2.2379E+02   
   4.4415E+03      4.4300E+02      4.0060E-02      9.5994E-01      3.1163E+01      2.2384E+02   
   4.4615E+03      4.4300E+02      4.0067E-02      9.5993E-01      3.1114E+01      2.2389E+02   
   4.4815E+03      4.4300E+02      4.0073E-02      9.5993E-01      3.1065E+01      2.2393E+02   
   4.5015E+03      4.4335E+02      1.0000E+00      0.0000E+00      3.1020E+01      2.2398E+02   
   4.5215E+03      4.4812E+02      1.0000E+00      0.0000E+00      3.1018E+01      2.2398E+02   
   4.5415E+03      4.5290E+02      1.0000E+00      0.0000E+00      3.1015E+01      2.2398E+02   
   4.5615E+03      4.5768E+02      1.0000E+00      0.0000E+00      3.1012E+01      2.2399E+02   
   4.5815E+03      4.6246E+02      1.0000E+00      0.0000E+00      3.1008E+01      2.2399E+02   
   4.6015E+03      4.6724E+02      1.0000E+00      0.0000E+00      3.1003E+01      2.2400E+02   
   4.6215E+03      4.7201E+02      1.0000E+00      0.0000E+00      3.0997E+01      2.2400E+02   
   4.6415E+03      4.7679E+02      1.0000E+00      0.0000E+00      3.0990E+01      2.2401E+02   
   4.6615E+03      4.8157E+02      1.0000E+00      0.0000E+00      3.0982E+01      2.2402E+02   
   4.6815E+03      4.8635E+02      1.0000E+00      0.0000E+00      3.0973E+01      2.2403E+02   
   4.7015E+03      4.9112E+02      1.0000E+00      0.0000E+00      3.0963E+01      2.2404E+02   
   4.7215E+03      4.9590E+02      1.0000E+00      0.0000E+00      3.0952E+01      2.2405E+02   
   4.7415E+03      5.0068E+02      1.0000E+00      0.0000E+00      3.0941E+01      2.2406E+02   
   4.7615E+03      5.0546E+02      1.0000E+00      0.0000E+00      3.0930E+01      2.2407E+02   
   4.7815E+03      5.1024E+02      1.0000E+00      0.0000E+00      3.0920E+01      2.2408E+02   
   4.8015E+03      5.1501E+02      1.0000E+00      0.0000E+00      3.0913E+01      2.2409E+02   
   4.8215E+03      5.1979E+02      0.0000E+00      0.0000E+00      3.1024E+01      2.2398E+02   
   4.8415E+03      5.2457E+02      0.0000E+00      0.0000E+00      3.2096E+01      2.2290E+02   
   4.8615E+03      5.2935E+02      0.0000E+00      0.0000E+00      3.3913E+01      2.2109E+02   
   4.8815E+03      5.3412E+02      0.0000E+00      0.0000E+00      3.6162E+01      2.1884E+02   
   4.9015E+03      5.3890E+02      0.0000E+00      0.0000E+00      3.8678E+01      2.1632E+02   
   4.9215E+03      5.4368E+02      0.0000E+00      0.0000E+00      4.1383E+01      2.1362E+02   
   4.9415E+03      5.4846E+02      0.0000E+00      0.0000E+00      4.4243E+01      2.1076E+02   
   4.9615E+03      5.5324E+02      0.0000E+00      0.0000E+00      4.7250E+01      2.0775E+02   
   4.9815E+03      5.5801E+02      0.0000E+00      0.0000E+00      5.0402E+01      2.0460E+02   
   5.0015E+03      5.6279E+02      0.0000E+00      0.0000E+00      5.3702E+01      2.0130E+02   
   5.0215E+03      5.6757E+02      0.0000E+00      0.0000E+00      5.7156E+01      1.9784E+02   
   5.0415E+03      5.7235E+02      0.0000E+00      0.0000E+00      6.0766E+01      1.9423E+02   
   5.0615E+03      5.7712E+02      0.0000E+00      0.0000E+00      6.4538E+01      1.9046E+02   
   5.0815E+03      5.8190E+02      0.0000E+00      0.0000E+00      6.8476E+01      1.8652E+02   
   5.1015E+03      5.8668E+02      0.0000E+00      0.0000E+00      7.2584E+01      1.8242E+02   
   5.1215E+03      5.9146E+02      0.0000E+00      0.0000E+00      7.6867E+01      1.7813E+02   
   5.1415E+03      5.9624E+02      0.0000E+00      0.0000E+00      8.1329E+01      1.7367E+02   
   5.1615E+03      6.0101E+02      0.0000E+00      0.0000E+00      8.5975E+01      1.6903E+02   
   5.1815E+03      6.0579E+02      0.0000E+00      0.0000E+00      9.0808E+01      1.6419E+02   
   5.2015E+03      6.1057E+02      0.0000E+00      0.0000E+00      9.5833E+01      1.5917E+02   
   5.2215E+03      6.1535E+02      0.0000E+00      0.0000E+00      1.0105E+02      1.5395E+02   
   5.2415E+03      6.2012E+02      0.0000E+00      0.0000E+00      1.0647E+02      1.4853E+02   
   5.2615E+03      6.2490E+02      0.0000E+00      0.0000E+00      1.1210E+02      1.4290E+02   
   5.2815E+03      6.2968E+02      0.0000E+00      0.0000E+00      1.1793E+02      1.3707E+02   
   5.3015E+03      6.3446E+02      0.0000E+00      0.0000E+00      1.2397E+02      1.3103E+02   
   5.3215E+03      6.3924E+02      0.0000E+00      0.0000E+00      1.3023E+02      1.2477E+02   
   5.3415E+03      6.4401E+02      0.0000E+00      0.0000E+00      1.3671E+02      1.1829E+02   
   5.3615E+03      6.4879E+02      0.0000E+00      0.0000E+00      1.4341E+02      1.1159E+02   
   5.3815E+03      6.5357E+02      0.0000E+00      0.0000E+00      1.5034E+02      1.0466E+02   
   5.4015E+03      6.5800E+02      0.0000E+00      0.0000E+00      1.5738E+02      9.7622E+01   
   5.4215E+03      6.5800E+02      0.0000E+00      0.0000E+00      1.5802E+02      9.6981E+01   
   5.4415E+03      6.5800E+02      0.0000E+00      0.0000E+00      1.5802E+02      9.6980E+01   
   5.4615E+03      6.5800E+02      0.0000E+00      0.0000E+00      1.5802E+02      9.6980E+01   
   5.4815E+03      6.5800E+02      0.0000E+00      0.0000E+00      1.5802E+02      9.6980E+01   
   5.5015E+03      6.5800E+02      0.0000E+00      0.0000E+00      1.5802E+02      9.6980E+01   
   5.5215E+03      6.5800E+02      0.0000E+00      0.0000E+00      1.5802E+02      9.6980E+01   
   5.5415E+03      6.5800E+02      0.0000E+00      0.0000E+00      1.5802E+02      9.6980E+01   
   5.5615E+03      6.5800E+02      0.0000E+00      0.0000E+00      1.5802E+02      9.6980E+01   
   5.5815E+03      6.5800E+02      0.0000E+00      0.0000E+00      1.5802E+02      9.6980E+01   
   5.6015E+03      6.5800E+02      0.0000E+00      0.0000E+00      1.5802E+02      9.6980E+01   
   5.6215E+03      6.5800E+02      0.0000E+00      0.0000E+00      1.5802E+02      9.6980E+01   
   5.6415E+03      6.5800E+02      0.0000E+00      0.0000E+00      1.5802E+02      9.6980E+01   
   5.6615E+03      6.5800E+02      0.0000E+00      0.0000E+00      1.5802E+02      9.6980E+01   
   5.6815E+03      6.5800E+02      0.0000E+00      0.0000E+00      1.5802E+02      9.6980E+01   
   5.7015E+03      6.5800E+02      0.0000E+00      0.0000E+00      1.5802E+02      9.6980E+01   
   5.7215E+03      6.5800E+02      0.0000E+00      0.0000E+00      1.5802E+02      9.6980E+01   
   5.7415E+03      6.5800E+02      0.0000E+00      0.0000E+00      1.5802E+02      9.6980E+01   
   5.7615E+03      6.5800E+02      0.0000E+00      0.0000E+00      1.5802E+02      9.6980E+01   
   5.7815E+03      6.5800E+02      0.0000E+00      0.0000E+00      1.5802E+02      9.6980E+01   
   5.8015E+03      6.5800E+02      0.0000E+00      0.0000E+00      1.5802E+02      9.6980E+01   
   5.8215E+03      6.5800E+02      0.0000E+00      0.0000E+00      1.5802E+02      9.6980E+01   
   5.8415E+03      6.5800E+02      0.0000E+00      0.0000E+00      1.5802E+02      9.6980E+01   
   5.8615E+03      6.5800E+02      0.0000E+00      0.0000E+00      1.5802E+02      9.6980E+01   
   5.8815E+03      6.5800E+02      0.0000E+00      0.0000E+00      1.5802E+02      9.6980E+01   
   5.9015E+03      6.5800E+02      0.0000E+00      0.0000E+00      1.5802E+02      9.6980E+01   
   5.9215E+03      6.5800E+02      0.0000E+00      0.0000E+00      1.5802E+02      9.6980E+01   
   5.9415E+03      6.5800E+02      0.0000E+00      0.0000E+00      1.5802E+02      9.6980E+01   
   5.9615E+03      6.5800E+02      0.0000E+00      0.0000E+00      1.5802E+02      9.6980E+01   
   5.9815E+03      6.5800E+02      0.0000E+00      0.0000E+00      1.5802E+02      9.6980E+01   
   6.0015E+03      6.5776E+02      1.0000E+00      0.0000E+00      1.5802E+02      9.6980E+01   
   6.0215E+03      6.5442E+02      1.0000E+00      0.0000E+00      1.5800E+02      9.6995E+01   
   6.0415E+03      6.5109E+02      1.0000E+00      0.0000E+00      1.5797E+02      9.7033E+01   
   6.0615E+03      6.4776E+02      1.0000E+00      0.0000E+00      1.5791E+02      9.7094E+01   
   6.0815E+03      6.4442E+02      1.0000E+00      0.0000E+00      1.5782E+02      9.7177E+01   
   6.1015E+03      6.4109E+02      1.0000E+00      0.0000E+00      1.5772E+02      9.7285E+01   
   6.1215E+03      6.3776E+02      1.0000E+00      0.0000E+00      1.5758E+02      9.7418E+01   
   6.1415E+03      6.3442E+02      1.0000E+00      0.0000E+00      1.5742E+02      9.7578E+01   
   6.1615E+03      6.3109E+02      1.0000E+00      0.0000E+00      1.5723E+02      9.7767E+01   
   6.1815E+03      6.2776E+02      1.0000E+00      0.0000E+00      1.5701E+02      9.7986E+01   
   6.2015E+03      6.2442E+02      1.0000E+00      0.0000E+00      1.5677E+02      9.8235E+01   
   6.2215E+03      6.2109E+02      1.0000E+00      0.0000E+00      1.5648E+02      9.8515E+01   
   6.2415E+03      6.1776E+02      1.0000E+00      0.0000E+00      1.5617E+02      9.8828E+01   
   6.2615E+03      6.1442E+02      1.0000E+00      0.0000E+00      1.5583E+02      9.9173E+01   
   6.2815E+03      6.1109E+02      1.0000E+00      0.0000E+00      1.5545E+02      9.9550E+01   
   6.3015E+03      6.0776E+02      1.0000E+00      0.0000E+00      1.5504E+02      9.9958E+01   
   6.3215E+03      6.0442E+02      1.0000E+00      0.0000E+00      1.5461E+02      1.0039E+02   
   6.3415E+03      6.0109E+02      1.0000E+00      0.0000E+00      1.5414E+02      1.0086E+02   
   6.3615E+03      5.9776E+02      1.0000E+00      0.0000E+00      1.5365E+02      1.0135E+02   
   6.3815E+03      5.9442E+02      1.0000E+00      0.0000E+00      1.5314E+02      1.0186E+02   
   6.4015E+03      5.9109E+02      1.0000E+00      0.0000E+00      1.5262E+02      1.0238E+02   
   6.4215E+03      5.8776E+02      1.0000E+00      0.0000E+00      1.5208E+02      1.0292E+02   
   6.4415E+03      5.8442E+02      1.0000E+00      0.0000E+00      1.5154E+02      1.0346E+02   
   6.4615E+03      5.8109E+02      1.0000E+00      0.0000E+00      1.5099E+02      1.0401E+02   
   6.4815E+03      5.7776E+02      1.0000E+00      0.0000E+00      1.5045E+02      1.0455E+02   
   6.5015E+03      5.7442E+02      1.0000E+00      0.0000E+00      1.4992E+02      1.0508E+02   
   6.5215E+03      5.7109E+02      1.0000E+00      0.0000E+00      1.4940E+02      1.0560E+02   
   6.5415E+03      5.6776E+02      2.8501E-01      7.1499E-01      1.4854E+02      1.0646E+02   
   6.5615E+03      5.6442E+02      1.4534E-01      8.5466E-01      1.4599E+02      1.0901E+02   
   6.5815E+03      5.6109E+02      1.0964E-01      8.9036E-01      1.4232E+02      1.1268E+02   
   6.6015E+03      5.5800E+02      9.9863E-02      9.0014E-01      1.3809E+02      1.1691E+02   
   6.6215E+03      5.5800E+02      2.1333E-01      7.8667E-01      1.3523E+02      1.1977E+02   
   6.6415E+03      5.5800E+02      4.3326E-01      5.6674E-01      1.3387E+02      1.2113E+02   
   6.6615E+03      5.5800E+02      7.9863E-01      2.0137E-01      1.3318E+02      1.2182E+02   
   6.6815E+03      5.5800E+02      1.0000E+00      0.0000E+00      1.3275E+02      1.2225E+02   
   6.7015E+03      5.5800E+02      1.0000E+00      0.0000E+00      1.3235E+02      1.2265E+02   
   6.7215E+03      5.5800E+02      1.0000E+00      0.0000E+00      1.3195E+02      1.2305E+02   
   6.7415E+03      5.5800E+02      1.0000E+00      0.0000E+00      1.3155E+02      1.2345E+02   
   6.7615E+03      5.5800E+02      1.0000E+00      0.0000E+00      1.3115E+02      1.2385E+02   
   6.7815E+03      5.5800E+02      1.0000E+00      0.0000E+00      1.3075E+02      1.2425E+02   
   6.8015E+03      5.5800E+02      1.0000E+00      0.0000E+00      1.3035E+02      1.2465E+02   
   6.8215E+03      5.5800E+02      1.0000E+00      0.0000E+00      1.2995E+02      1.2505E+02   
   6.8415E+03      5.5800E+02      1.0000E+00      0.0000E+00      1.2955E+02      1.2545E+02   
   6.8615E+03      5.5800E+02      1.0000E+00      0.0000E+00      1.2915E+02      1.2585E+02   
   6.8815E+03      5.5800E+02      1.0000E+00      0.0000E+00      1.2876E+02      1.2624E+02   
   6.9015E+03      5.5800E+02      1.0000E+00      0.0000E+00      1.2836E+02      1.2664E+02   
   6.9215E+03      5.5800E+02      1.0000E+00      0.0000E+00      1.2797E+02      1.2703E+02   
   6.9415E+03      5.5800E+02      1.0000E+00      0.0000E+00      1.2758E+02      1.2742E+02   
   6.9615E+03      5.5800E+02      1.0000E+00      0.0000E+00      1.2718E+02      1.2782E+02   
   6.9815E+03      5.5800E+02      1.0000E+00      0.0000E+00      1.2679E+02      1.2821E+02   
   7.0015E+03      5.5800E+02      1.0000E+00      0.0000E+00      1.2640E+02      1.2860E+02   
   7.0215E+03      5.5800E+02      1.0000E+00      0.0000E+00      1.2601E+02      1.2899E+02   
   7.0415E+03      5.5800E+02      1.0000E+00      0.0000E+00      1.2562E+02      1.2938E+02   
   7.0615E+03      5.5800E+02      1.0000E+00      0.0000E+00      1.2523E+02      1.2977E+02   
   7.0815E+03      5.5800E+02      1.0000E+00      0.0000E+00      1.2485E+02      1.3015E+02   
   7.1015E+03      5.5800E+02      1.0000E+00      0.0000E+00      1.2446E+02      1.3054E+02   
   7.1215E+03      5.5800E+02      1.0000E+00      0.0000E+00      1.2407E+02      1.3093E+02   
   7.1415E+03      5.5800E+02      1.0000E+00      0.0000E+00      1.2369E+02      1.3131E+02   
   7.1615E+03      5.5800E+02      1.0000E+00      0.0000E+00      1.2331E+02      1.3169E+02   
   7.1815E+03      5.5800E+02      1.0000E+00      0.0000E+00      1.2292E+02      1.3208E+02   
   7.2015E+03      5.5800E+02      1.0000E+00      0.0000E+00      1.2254E+02      1.3246E+02   
   7.2215E+03      5.5800E+02      1.0000E+00      0.0000E+00      1.2216E+02      1.3284E+02   
   7.2415E+03      5.5800E+02      1.0000E+00      0.0000E+00      1.2178E+02      1.3322E+02   
   7.2615E+03      5.5800E+02      1.0000E+00      0.0000E+00      1.2140E+02      1.3360E+02   
   7.2815E+03      5.5800E+02      1.0000E+00      0.0000E+00      1.2102E+02      1.3398E+02   
   7.3015E+03      5.5800E+02      1.0000E+00      0.0000E+00      1.2064E+02      1.3436E+02   
   7.3215E+03      5.5800E+02      1.0000E+00      0.0000E+00      1.2027E+02      1.3473E+02   
   7.3415E+03      5.5800E+02      1.0000E+00      0.0000E+00      1.1989E+02      1.3511E+02   
   7.3615E+03      5.5800E+02      1.0000E+00      0.0000E+00      1.1952E+02      1.3548E+02   
   7.3815E+03      5.5800E+02      1.0000E+00      0.0000E+00      1.1915E+02      1.3585E+02   
   7.4015E+03      5.5800E+02      1.0000E+00      0.0000E+00      1.1877E+02      1.3623E+02   
   7.4215E+03      5.5800E+02      1.0000E+00      0.0000E+00      1.1840E+02      1.3660E+02   
   7.4415E+03      5.5800E+02      1.0000E+00      0.0000E+00      1.1803E+02      1.3697E+02   
   7.4615E+03      5.5800E+02      1.0000E+00      0.0000E+00      1.1766E+02      1.3734E+02   
   7.4815E+03      5.5800E+02      1.0000E+00      0.0000E+00      1.1729E+02      1.3771E+02   
   7.5015E+03      5.5800E+02      1.0000E+00      0.0000E+00      1.1693E+02      1.3807E+02   
   7.5215E+03      5.5800E+02      1.0000E+00      0.0000E+00      1.1656E+02      1.3844E+02   
   7.5415E+03      5.5800E+02      1.0000E+00      0.0000E+00      1.1619E+02      1.3881E+02   
   7.5615E+03      5.5800E+02      1.0000E+00      0.0000E+00      1.1583E+02      1.3917E+02   
   7.5815E+03      5.5800E+02      1.0000E+00      0.0000E+00      1.1547E+02      1.3953E+02   
   7.6015E+03      5.5800E+02      1.0000E+00      0.0000E+00      1.1510E+02      1.3990E+02   
   7.6215E+03      5.5800E+02      1.0000E+00      0.0000E+00      1.1474E+02      1.4026E+02   
   7.6415E+03      5.5800E+02      1.0000E+00      0.0000E+00      1.1438E+02      1.4062E+02   
   7.6615E+03      5.5800E+02      1.0000E+00      0.0000E+00      1.1402E+02      1.4098E+02   
   7.6815E+03      5.5800E+02      1.0000E+00      0.0000E+00      1.1367E+02      1.4133E+02   
   7.7015E+03      5.5800E+02      1.0000E+00      0.0000E+00      1.1331E+02      1.4169E+02   
   7.7215E+03      5.5800E+02      1.0000E+00      0.0000E+00      1.1295E+02      1.4205E+02   
   7.7415E+03      5.5800E+02      1.0000E+00      0.0000E+00      1.1260E+02      1.4240E+02   
   7.7615E+03      5.5800E+02      1.0000E+00      0.0000E+00      1.1224E+02      1.4276E+02   
   7.7815E+03      5.5800E+02      1.0000E+00      0.0000E+00      1.1189E+02      1.4311E+02   
   7.8015E+03      5.5834E+02      1.0000E+00      0.0000E+00      1.1154E+02      1.4346E+02   
   7.8215E+03      5.6301E+02      1.0000E+00      0.0000E+00      1.1118E+02      1.4382E+02   
   7.8415E+03      5.6767E+02      1.0000E+00      0.0000E+00      1.1080E+02      1.4420E+02   
   7.8615E+03      5.7234E+02      1.0000E+00      0.0000E+00      1.1040E+02      1.4460E+02   
   7.8815E+03      5.7701E+02      1.0000E+00      0.0000E+00      1.1001E+02      1.4499E+02   
   7.9015E+03      5.8167E+02      1.0000E+00      0.0000E+00      1.0962E+02      1.4538E+02   
   7.9215E+03      5.8634E+02      1.0000E+00      0.0000E+00      1.0924E+02      1.4576E+02   
   7.9415E+03      5.9101E+02      1.0000E+00      0.0000E+00      1.0889E+02      1.4611E+02   
   7.9615E+03      5.9567E+02      1.0000E+00      0.0000E+00      1.0858E+02      1.4642E+02   
   7.9815E+03      6.0034E+02      1.0000E+00      0.0000E+00      1.0831E+02      1.4669E+02   
   8.0015E+03      6.0501E+02      1.0000E+00      0.0000E+00      1.0808E+02      1.4692E+02   
   8.0215E+03      6.0967E+02      1.0000E+00      0.0000E+00      1.0791E+02      1.4709E+02   
   8.0415E+03      6.1434E+02      1.0000E+00      0.0000E+00      1.0780E+02      1.4720E+02   
   8.0615E+03      6.1901E+02      1.0000E+00      0.0000E+00      1.0775E+02      1.4725E+02   
   8.0815E+03      6.2367E+02      0.0000E+00      0.0000E+00      1.1071E+02      1.4429E+02   
   8.1015E+03      6.2834E+02      0.0000E+00      0.0000E+00      1.1630E+02      1.3870E+02   
   8.1215E+03      6.3301E+02      0.0000E+00      0.0000E+00      1.2214E+02      1.3286E+02   
   8.1415E+03      6.3767E+02      0.0000E+00      0.0000E+00      1.2819E+02      1.2681E+02   
   8.1615E+03      6.4234E+02      0.0000E+00      0.0000E+00      1.3444E+02      1.2056E+02   
   8.1815E+03      6.4701E+02      0.0000E+00      0.0000E+00      1.4090E+02      1.1410E+02   
   8.2015E+03      6.5167E+02      0.0000E+00      0.0000E+00      1.4758E+02      1.0742E+02   
   8.2215E+03      6.5634E+02      0.0000E+00      0.0000E+00      1.5448E+02      1.0052E+02   
   8.2415E+03      6.6101E+02      0.0000E+00      0.0000E+00      1.6160E+02      9.3399E+01   
   8.2615E+03      6.6567E+02      0.0000E+00      0.0000E+00      1.6894E+02      8.6056E+01   
   8.2815E+03      6.7034E+02      0.0000E+00      0.0000E+00      1.7652E+02      7.8484E+01   
   8.3015E+03      6.7501E+02      0.0000E+00      0.0000E+00      1.8432E+02      7.0683E+01   
   8.3215E+03      6.7967E+02      0.0000E+00      0.0000E+00      1.9235E+02      6.2647E+01   
   8.3415E+03      6.8434E+02      0.0000E+00      0.0000E+00      2.0063E+02      5.4375E+01   
   8.3615E+03      6.8901E+02      0.0000E+00      0.0000E+00      2.0914E+02      4.5863E+01   
   8.3815E+03      6.9367E+02      0.0000E+00      0.0000E+00      2.1789E+02      3.7109E+01   
   8.4015E+03      6.9800E+02      0.0000E+00      0.0000E+00      2.2668E+02      2.8321E+01   
   8.4215E+03      6.9800E+02      0.0000E+00      0.0000E+00      2.2705E+02      2.7950E+01   
   8.4415E+03      6.9800E+02      0.0000E+00      0.0000E+00      2.2705E+02      2.7950E+01   
   8.4615E+03      6.9800E+02      0.0000E+00      0.0000E+00      2.2705E+02      2.7950E+01   
   8.4815E+03      6.9800E+02      0.0000E+00      0.0000E+00      2.2705E+02      2.7950E+01   
   8.5015E+03      6.9800E+02      0.0000E+00      0.0000E+00      2.2705E+02      2.7950E+01   
   8.5215E+03      6.9800E+02      0.0000E+00      0.0000E+00      2.2705E+02      2.7950E+01   
   8.5415E+03      6.9800E+02      0.0000E+00      0.0000E+00      2.2705E+02      2.7950E+01   
   8.5615E+03      6.9800E+02      0.0000E+00      0.0000E+00      2.2705E+02      2.7950E+01   
   8.5815E+03      6.9800E+02      0.0000E+00      0.0000E+00      2.2705E+02      2.7950E+01   
   8.6015E+03      6.9800E+02      0.0000E+00      0.0000E+00      2.2705E+02      2.7950E+01   
   8.6215E+03      6.9800E+02      0.0000E+00      0.0000E+00      2.2705E+02      2.7950E+01   
   8.6415E+03      6.9800E+02      0.0000E+00      0.0000E+00      2.2705E+02      2.7950E+01   
   8.6615E+03      6.9800E+02      0.0000E+00      0.0000E+00      2.2705E+02      2.7950E+01   
   8.6815E+03      6.9800E+02      0.0000E+00      0.0000E+00      2.2705E+02      2.7950E+01   
   8.7015E+03      6.9800E+02      0.0000E+00      0.0000E+00      2.2705E+02      2.7950E+01   
   8.7215E+03      6.9800E+02      0.0000E+00      0.0000E+00      2.2705E+02      2.7950E+01   
   8.7415E+03      6.9800E+02      0.0000E+00      0.0000E+00      2.2705E+02      2.7950E+01   
   8.7615E+03      6.9800E+02      0.0000E+00      0.0000E+00      2.2705E+02      2.7950E+01   
   8.7815E+03      6.9800E+02      0.0000E+00      0.0000E+00      2.2705E+02      2.7950E+01   
   8.8015E+03      6.9800E+02      0.0000E+00      0.0000E+00      2.2705E+02      2.7950E+01   
   8.8215E+03      6.9800E+02      0.0000E+00      0.0000E+00      2.2705E+02      2.7950E+01   
   8.8415E+03      6.9800E+02      0.0000E+00      0.0000E+00      2.2705E+02      2.7950E+01   
   8.8615E+03      6.9800E+02      0.0000E+00      0.0000E+00      2.2705E+02      2.7950E+01   
   8.8815E+03      6.9800E+02      0.0000E+00      0.0000E+00      2.2705E+02      2.7950E+01   
   8.9015E+03      6.9800E+02      0.0000E+00      0.0000E+00      2.2705E+02      2.7950E+01   
   8.9215E+03      6.9800E+02      0.0000E+00      0.0000E+00      2.2705E+02      2.7950E+01   
   8.9415E+03      6.9800E+02      0.0000E+00      0.0000E+00      2.2705E+02      2.7950E+01   
   8.9615E+03      6.9800E+02      0.0000E+00      0.0000E+00      2.2705E+02      2.7950E+01   
   8.9815E+03      6.9800E+02      0.0000E+00      0.0000E+00      2.2705E+02      2.7950E+01   
   9.0015E+03      6.9770E+02      1.0000E+00      0.0000E+00      2.2705E+02      2.7950E+01   
   9.0215E+03      6.9362E+02      1.0000E+00      0.0000E+00      2.2705E+02      2.7953E+01   
   9.0415E+03      6.8954E+02      1.0000E+00      0.0000E+00      2.2704E+02      2.7961E+01   
   9.0615E+03      6.8545E+02      1.0000E+00      0.0000E+00      2.2703E+02      2.7974E+01   
   9.0815E+03      6.8137E+02      1.0000E+00      0.0000E+00      2.2701E+02      2.7995E+01   
   9.1015E+03      6.7729E+02      1.0000E+00      0.0000E+00      2.2698E+02      2.8022E+01   
   9.1215E+03      6.7320E+02      1.0000E+00      0.0000E+00      2.2694E+02      2.8059E+01   
   9.1415E+03      6.6912E+02      1.0000E+00      0.0000E+00      2.2689E+02      2.8105E+01   
   9.1615E+03      6.6504E+02      1.0000E+00      0.0000E+00      2.2684E+02      2.8162E+01   
   9.1815E+03      6.6095E+02      1.0000E+00      0.0000E+00      2.2677E+02      2.8232E+01   
   9.2015E+03      6.5687E+02      1.0000E+00      0.0000E+00      2.2668E+02      2.8316E+01   
   9.2215E+03      6.5279E+02      1.0000E+00      0.0000E+00      2.2659E+02      2.8414E+01   
   9.2415E+03      6.4870E+02      1.0000E+00      0.0000E+00      2.2647E+02      2.8530E+01   
   9.2615E+03      6.4462E+02      1.0000E+00      0.0000E+00      2.2634E+02      2.8664E+01   
   9.2815E+03      6.4054E+02      1.0000E+00      0.0000E+00      2.2618E+02      2.8818E+01   
   9.3015E+03      6.3645E+02      1.0000E+00      0.0000E+00      2.2601E+02      2.8994E+01   
   9.3215E+03      6.3237E+02      1.0000E+00      0.0000E+00      2.2581E+02      2.9194E+01   
   9.3415E+03      6.2829E+02      1.0000E+00      0.0000E+00      2.2558E+02      2.9418E+01   
   9.3615E+03      6.2420E+02      1.0000E+00      0.0000E+00      2.2533E+02      2.9667E+01   
   9.3815E+03      6.2012E+02      1.0000E+00      0.0000E+00      2.2506E+02      2.9944E+01   
   9.4015E+03      6.1604E+02      4.3540E-01      5.6460E-01      2.2470E+02      3.0299E+01   
   9.4215E+03      6.1195E+02      1.5060E-01      8.4940E-01      2.2316E+02      3.1842E+01   
   9.4415E+03      6.0787E+02      1.0472E-01      8.9528E-01      2.2013E+02      3.4872E+01   
   9.4615E+03      6.0379E+02      8.8365E-02      9.1163E-01      2.1583E+02      3.9167E+01   
   9.4815E+03      5.9970E+02      8.1408E-02      9.1859E-01      2.1051E+02      4.4493E+01   
   9.5015E+03      5.9562E+02      7.8465E-02      9.2153E-01      2.0438E+02      5.0615E+01   
   9.5215E+03      5.9154E+02      7.7419E-02      9.2258E-01      1.9769E+02      5.7310E+01   
   9.5415E+03      5.8745E+02      7.7223E-02      9.2278E-01      1.9063E+02      6.4370E+01   
   9.5615E+03      5.8337E+02      7.7267E-02      9.2273E-01      1.8338E+02      7.1617E+01   
   9.5815E+03      5.7929E+02      7.7159E-02      9.2284E-01      1.7610E+02      7.8904E+01   
   9.6015E+03      5.7520E+02      7.6627E-02      9.2337E-01      1.6888E+02      8.6118E+01   
   9.6215E+03      5.7112E+02      7.5490E-02      9.2451E-01      1.6182E+02      9.3178E+01   
   9.6414E+03      5.6704E+02      7.3646E-02      9.2635E-01      1.5497E+02      1.0003E+02   
   9.6614E+03      5.6295E+02      7.1068E-02      9.2893E-01      1.4834E+02      1.0666E+02   
   9.6814E+03      5.5887E+02      6.7801E-02      9.3220E-01      1.4196E+02      1.1304E+02   
   9.7014E+03      5.5479E+02      6.3948E-02      9.3605E-01      1.3582E+02      1.1918E+02   
   9.7214E+03      5.5070E+02      5.9653E-02      9.4035E-01      1.2991E+02      1.2509E+02   
   9.7414E+03      5.4662E+02      5.5075E-02      9.4493E-01      1.2422E+02      1.3078E+02   
   9.7614E+03      5.4254E+02      5.0369E-02      9.4963E-01      1.1875E+02      1.3625E+02   
   9.7814E+03      5.3845E+02      4.5673E-02      9.5433E-01      1.1347E+02      1.4153E+02   
   9.8014E+03      5.3437E+02      4.1095E-02      9.5891E-01      1.0838E+02      1.4662E+02   
   9.8214E+03      5.3029E+02      3.6718E-02      9.6328E-01      1.0346E+02      1.5154E+02   
   9.8414E+03      5.2620E+02      3.2598E-02      9.6740E-01      9.8729E+01      1.5627E+02   
   9.8614E+03      5.2212E+02      2.8770E-02      9.7123E-01      9.4160E+01      1.6084E+02   
   9.8814E+03      5.1804E+02      2.5252E-02      9.7475E-01      8.9753E+01      1.6525E+02   
   9.9014E+03      5.1395E+02      2.2049E-02      9.7795E-01      8.5503E+01      1.6950E+02   
   9.9214E+03      5.0987E+02      1.9157E-02      9.8084E-01      8.1405E+01      1.7360E+02   
   9.9414E+03      5.0579E+02      1.6564E-02      9.8344E-01      7.7454E+01      1.7755E+02   
   9.9614E+03      5.0170E+02      1.4256E-02      9.8574E-01      7.3647E+01      1.8135E+02   
   9.9814E+03      4.9762E+02      1.2214E-02      9.8779E-01      6.9979E+01      1.8502E+02   
   1.0001E+04      4.9354E+02      1.0418E-02      9.8958E-01      6.6446E+01      1.8855E+02   
   1.0021E+04      4.8945E+02      8.8457E-03      9.9115E-01      6.3046E+01      1.9195E+02   
   1.0041E+04      4.8537E+02      7.4778E-03      9.9252E-01      5.9773E+01      1.9523E+02   
   1.0061E+04      4.8129E+02      6.2934E-03      9.9371E-01      5.6625E+01      1.9838E+02   
   1.0081E+04      4.7720E+02      5.2729E-03      9.9473E-01      5.3599E+01      2.0140E+02   
   1.0101E+04      4.7312E+02      4.3979E-03      9.9560E-01      5.0691E+01      2.0431E+02   
   1.0121E+04      4.6904E+02      3.6514E-03      9.9635E-01      4.7899E+01      2.0710E+02   
   1.0141E+04      4.6495E+02      3.0175E-03      9.9698E-01      4.5219E+01      2.0978E+02   
   1.0161E+04      4.6087E+02      2.4818E-03      9.9752E-01      4.2649E+01      2.1235E+02   
   1.0181E+04      4.5679E+02      2.0314E-03      9.9797E-01      4.0185E+01      2.1481E+02   
